     0.0011647471 -7.85663638e-05  0.000508652229               0 00000
      0.335469104    0.0160328462  -0.00556727247     0.245277181 10000
      -3.03137405    -0.131848114    0.0360225036     0.179237254 01000
    -0.0118456589    -0.459562842     0.283375076    0.0157622219 00100
      0.210872265    0.0371376404     -2.37046177   -0.0277481136 00010
     -0.318898099   -0.0145901104   0.00980061751    -0.317631939 20000
       2.28376743     -0.14692281    0.0171486644      3.22944879 11000
       5.54258374      2.04385667    -0.428333943     0.996249838 02000
     -0.339533492      1.54633572    -0.439517169    -0.069868989 10100
       2.49913491     0.377559638     0.137445881    -0.272737203 01100
     -0.017986113    0.0180963632   0.00408668768   -0.0177958644 00200
      0.754414655     -20.6784124      5.43813336    -0.179642064 10010
      -6.37379581     -16.5029034      3.50971396      5.14340828 01010
     -0.525890401    0.0601773839     0.383116082     0.456284698 00110
      0.695538102     -1.12649797     0.756472317     -6.40792036 00020
       0.95022625     0.118067199   -0.0138132207     0.936834319 30000
      -17.1230281     0.320737016    -0.381173211     -13.5405899 21000
       90.6228602     -13.3916679      5.26306356      51.8797642 12000
      -178.883755      48.5238739     -12.8231328      -20.498985 03000
        3.7800286     -5.45921565      1.13301931   -0.0312542194 20100
      -37.1461599      58.6710183     -12.0477145     0.284008412 11100
       81.3423098     -136.588135      22.8068324      3.95564331 02100
     -0.452136966     0.702058169    -0.143559372     0.954315611 10200
       4.62493611     -11.6021872      3.68368131     -7.06883817 01200
       2.41882842     -2.49769766    -0.296728754    -0.358205667 00300
      -29.5718085      67.9504771     -15.4394644     -2.74488175 20010
       268.722392     -737.601919        168.8722      10.6819836 11010
      -524.382439      1759.16642     -340.911994      -46.776265 02010
      -3.09352325      -38.211237       4.8824681     0.434687181 10110
        57.602686      363.416014     -79.5876399      25.6924121 01110
      -27.9366726      89.3876287      -10.147444      -3.1559352 00210
        46.224012       50.932361      21.9864932      31.9077575 10020
      -745.970079     -358.775272      62.5495942     -467.898102 01020
       155.547447     -1127.23378      199.922211       34.179037 00120
      -541.370732      5321.69283     -904.066103     -71.5085362 00030
       -5.2345719    -0.280551435    -0.176724421     -2.30278775 40000
       113.310313     -3.20121027      6.91062983      58.0248309 31000
      -860.468705      99.2989991     -77.4915504     -491.562374 22000
       2541.71645     -564.185544      307.001588      1718.29721 13000
      -1295.20638      537.860937     -354.380915     -1950.10403 04000
      -12.6187572      6.98186422     -1.16048021     -1.46212838 30100
       189.607837     -72.1449468      9.47738893      47.2957535 21100
      -798.193862     -38.1658318      20.0141122     -432.372956 12100
       745.183587      1105.38782     -166.456593      1323.39948 03100
      -2.24715016      8.52296247     -4.04899758     -1.00472512 20200
       31.1863716     -74.9415015      25.7409717      16.7434624 11200
      -205.405137      184.091881     -88.5861379     -67.2731587 02200
      -16.4985458     -11.4079734      12.0290088      4.98155457 10300
       32.9490734      94.2386962     -43.5416675     -37.4367181 01300
     -0.694221001      6.21579586      1.88897124      3.83526317 00400
       134.878225      -142.95358      28.0626358      20.4063547 30010
      -1701.72002      1975.61158     -377.831901     -521.870646 21010
       4923.01505     -5911.39007       1141.4839      4021.85608 12010
       1869.82341     -2777.35004      579.760208     -11081.6594 03010
       26.8949715       57.559751     -12.8901373     -26.1090659 20110
      -63.5949814     -891.953072      283.737271      343.660595 11110
       174.760833     -829.879566      338.044478     -974.052221 02110
       190.275916     -102.310786     -65.1766031      -36.510193 10210
       59.3927815      626.842105     -226.489711       292.43684 01210
       23.5006377     -80.0330243       26.325025     -84.9391998 00310
      -176.250363     -1110.42696      145.671536      406.369321 20020
       1402.14569      11285.8534      -2564.7417     -4586.96491 11020
       434.681375      2486.19164     -527.793877      9358.46286 02020
       -985.85991         711.995      475.546314      60.2646297 10120
      -11.2951633     -1615.66118      817.664912     -697.205971 01120
      -49.5085602      40.3018174      -108.65739      726.975013 00220
       543.522174     -843.944168      667.061128      536.066295 10030
        93.048162     -361.836088      238.583059     -2336.48364 01030
       -23.628768     -101.654127      56.3749756     -1667.46714 00130
       24.2826744      52.9069395      46.9972548      3912.11649 00040
       18.6543086     -2.26290231     0.935922633      4.96781903 50000
      -378.897984      41.9296983      -17.907147     -214.635508 41000
       2531.29559     -307.624193      119.569048      3438.51266 32000
      -4963.40349      641.430284       -242.5761     -27888.4078 23000
      -2755.41715      256.152366     -142.395834      118850.529 14000
      -900.919961      52.6180933     -47.2809769       -209797.8 05000
       3.41558763      8.46021804     -1.80004795      3.07907961 40100
      -123.827899     -77.9972606      29.0997454     -71.7570318 31100
       781.764048      92.6079396     -101.530161      175.230779 22100
      -1115.18775       965.91776     -187.444219      3660.70792 13100
      -556.820301      372.735029     -65.9050012     -18679.7717 04100
       32.4517825     -42.4215478      13.9091889     -9.82929708 30200
      -312.135849      285.033064     -67.1942266      223.223395 21200
       1312.48473      121.216633     -84.8168493     -1934.55934 12200
        56.702909     -216.858922      93.4530032      6295.96049 03200
       5.78881949      22.8460836     -3.56770392      7.53241271 20300
      -141.286574      22.2116469     -89.1190295     -173.118732 11300
       630.358751     -1948.43758      1086.47618      1077.44822 02300
       7.92281168      63.8186297      -26.311541     -1.11240314 10400
      -129.526536     -225.895549      93.0256556     -107.686882 01400
       10.5339967       95.358209     -41.9549814     -1.36754912 00500
      -19.6362734      13.3282883     -9.02990878     -48.5819865 40010
       399.854024     -230.501938      23.7465187      1952.97191 31010
      -5.30053194     -40.5683302     -73.6406694     -20776.5089 22010
      -119.485516      25.7545594     -38.0497941      79440.7749 13010
      -41.0134646      6.54719001     -8.93477629     -71841.5676 04010
      -267.948062      623.913828     -200.552363      63.7792928 30110
       142.988404      -4029.4158      1118.99667      -1765.8266 21110
        166.72559     -780.051422      154.745584      11961.6529 12110
       17.5317679     -122.308321      15.0983503     -36062.5709 03110
       -118.80156     -1077.01952      450.574202     -8.69875712 20210
       214.781727      6677.08707     -2605.69761      1607.73072 11210
       161.735762      1393.29833     -575.318629     -11675.9844 02210
      -89.0117107     -85.1924846      80.2368467      165.982247 10310
       199.663748       2537.7777     -1020.56537      946.869731 01310
      -94.3559014     -474.070332       420.11189      164.395576 00410
       1340.33412     -1452.08013     -152.978109     -2407.64911 30020
       436.046328      20.2407096      170.493081      55520.9916 21020
       73.8790408      30.2654044      30.8157893     -418149.697 12020
       9.51863087      15.0401825      2.56326005      1118597.09 03020
      -366.830673      2750.21676      29.9350829       332.50163 20120
       71.0552684      1311.84961     -333.151124     -14254.2451 11120
       25.1963726      269.926605     -78.0858818      52657.7588 02120
       374.688802     -467.070462      735.423907     -3998.95843 10220
       110.519026      227.238519     -9.53832991      25102.1443 01220
       64.8760973     -1429.15878       748.38576      90.2668576 00320
       44.2540001      756.466917     0.718999551        -930.899 20030
        16.337081      227.018034     -43.9002124      39788.7678 11030
       3.03144398       46.396754     -10.1456007     -118752.747 02030
       118.530772     -49.4653442      169.664681      29493.1698 10130
       24.6264193      20.2725738      14.6254055     -259877.198 01130
       26.5921476      -259.60003      161.699081      1100.41524 00230
       24.0355504      23.1622297      26.9547382     -13196.6766 10040
       4.85976949      6.98645196      3.58963824      303094.278 01040
       7.58435958     -21.7450248      25.2163119     -17333.4694 00140
        2.4458154      3.88174453      3.55511577      30963.1531 00050
      -22.1859298      5.77727799     -1.25002195               0 60000
       386.753363     -68.0272206      9.10769713               0 51000
      -1568.71751      58.7201186      33.3010808               0 42000
      -826.935514      788.021072     -192.359414               0 33000
      -289.154064      361.466586      -104.92273               0 24000
      -86.3376316      106.789435      -35.640162               0 15000
      -25.3293049       26.503517      -10.142751               0 06000
       25.3936005     -37.2151823      5.78980736               0 50100
      -360.917871      497.311774     -56.4149691               0 41100
       1135.81775     -1747.85071      229.820009               0 32100
       282.776819     -169.965486     -29.7692075               0 23100
       42.6401993      63.5785728     -38.9418683               0 14100
       3.52311093      34.6977653     -15.7330351               0 05100
       -61.211422      39.5432965     -11.1085448               0 40200
       425.579671     -220.928515        86.93959               0 31200
      -1327.88415      1369.27847     -396.984854               0 22200
      -460.649845       651.38182     -203.704068               0 13200
      -107.086664      195.702978     -67.0466562               0 04200
       69.2492623      58.3818386     -57.9498752               0 30300
      -120.135057     -359.793395      188.113471               0 21300
      -794.132657      1162.46305     -287.653132               0 12300
      -256.105667      510.772923     -145.006335               0 03300
       35.2301624     -132.479797      42.7866553               0 20400
       91.2189928     -416.812642      140.549112               0 11400
      -446.369348      684.522726     -201.456648               0 02400
      -37.7822204     -305.574195      132.458683               0 10500
       312.949688      200.744583     -353.163558               0 01500
      -37.8805593     -158.567205     -34.5255266               0 00600
      -258.161267      143.258129      6.31644756               0 50010
       2147.67093      -811.05031     -330.154142               0 41010
        732.62251     -469.971869      9.21353517               0 32010
        185.10741     -139.396036      19.5507583               0 23010
        42.629652     -33.5099813       6.4876976               0 14010
        9.2630514       -7.521068      1.62330595               0 05010
       569.987603     -225.840316      132.730524               0 40110
      -603.664326     -1903.12064      272.228814               0 31110
      -222.809212     -432.337867      87.4017537               0 22110
      -43.2913333     -70.2156037      18.2989261               0 13110
      -6.06779058     -9.13877384      2.92272782               0 04110
      -516.359937      -179.20314      433.030454               0 30210
      -227.609526     -1211.60596      554.461567               0 21210
      -84.0122914     -243.600141        120.5123               0 12210
      -16.6460822     -32.0060752      18.5862824               0 03210
       -473.39013      2663.11246     -769.401781               0 20310
       -128.35339     -130.466461      113.490171               0 11310
       -55.190978     -42.3036852      35.1590057               0 02310
       90.0491405      3270.90731     -552.984429               0 10410
       49.2112687     -22.1628633      97.4893535               0 01410
       3.05664032       2106.3679     -126.171672               0 00510
      -1586.41836     -291.415262     -1017.30716               0 40020
      -218.627381      123.597389     -177.930141               0 31020
      -37.3523126      20.9590249     -21.7016045               0 22020
      -4.82910206      4.77773202     -2.40597071               0 13020
     -0.356718186      1.35404893    -0.294587517               0 04020
      -378.474492      447.189909     -414.766764               0 30120
      -56.2590873     -265.687858      80.2600863               0 21120
       -10.897919     -63.9680869      24.8316315               0 12120
      -1.49061336     -10.8214169      4.84243023               0 03120
      -172.749062      815.387959     -405.307269               0 20220
      -32.7103666      19.4765559     -12.8402754               0 11220
      -7.44068767     -5.62385711      3.50189695               0 02220
       4.69924798      710.745017     -235.673166               0 10320
       2.51224021     -15.8656207      12.4704428               0 01320
      -7.98054049      452.742636     -95.0874246               0 00420
      -22.8689055     -85.2349532      -50.577401               0 30030
      -6.50562368     -60.4404874      12.8718529               0 21030
     -0.990471413     -12.3290838      3.84600566               0 12030
    -0.0473896248     -2.01891675     0.778474523               0 03030
      -35.7661394      122.668033     -83.6058885               0 20130
      -6.42574885      7.32857967     -6.50294866               0 11130
       -1.0521186     0.148894309    -0.179941864               0 02130
     0.0570353749      113.509907     -50.6314143               0 10230
     -0.181843879     -0.52389862    -0.257692696               0 01230
      -4.61291236      80.2870817     -25.2160103               0 00330
      -6.19383082      14.8482003     -12.7908884               0 20040
      -0.82307612      2.44079014     -1.41514877               0 11040
    -0.0678193605     0.430876361    -0.118190202               0 02040
    -0.0338058871      15.9305359      -7.9078538               0 10140
    0.00920855896      0.24670689    -0.144814255               0 01140
     -0.989831668        12.49402     -4.37293601               0 00240
      0.192810431      2.21901665    -0.933312844               0 10050
     0.0564517952     0.154853924   0.00752935989               0 01050
     -0.092386261      1.94166495    -0.581732549               0 00150
     0.0292677361     0.388253442   -0.0506185428               0 00060
  6.95321437e-310 6.91713519e-310 6.91713527e-310  6.2746337e-322 96228528088595472097541840
       1.12584242               0               0       0.7681777 00001
      -3.30929606               0               0     -1.24824954 10001
        9.5582156               0               0      7.18980365 01001
      -12.8075508               0               0     -1.79480024 00002
        31.328287               0               0      4.30979026 20001
      -366.358594               0               0     -47.5141035 11001
       1281.27264               0               0      127.404997 02001
       8.46492946               0               0      1.52132362 00201
      -212.181332               0               0     -44.8420242 00111
       86.2168045               0               0      13.9035869 10002
      -202.375577               0               0     -75.1770025 01002
       1292.40575               0               0      332.945301 00021
       152.465743      412.398418      -118.55168               0 00012
       56.8142343               0               0      15.5951865 00003
      -111.090641               0               0     -15.7177358 30001
        1301.2309               0               0      249.924995 21001
      -3377.64137               0               0     -1205.61003 12001
      -1080.57253               0               0      1650.70638 03001
      -206.758367               0               0     -8.63945412 10201
        1286.1228               0               0       51.734534 01201
        457.38899               0               0       246.32877 10111
       315.521007               0               0     -1468.88025 01111
      -2.86376084               0               0     -77.6962058 20002
      -284.532504               0               0      808.267218 11002
      -54.9686786               0               0     -1887.27393 02002
      -894.903229               0               0     -13.1721627 00202
      -58.1868148               0               0     -1758.72381 10021
       28.1001103               0               0      10443.6142 01021
       24.9869024               0               0      377.176889 00112
      -4.71048927               0               0     -174.332974 10003
     -0.949356614               0               0      893.518077 01003
       5.91096156               0               0     -2708.57078 00022
       0.10590745               0               0     -149.156349 00004
     0.0744204334               0               0               0 00101
     -0.932044457               0               0               0 00011
       2.84521581               0               0               0 10101
       -25.439373               0               0               0 01101
       13.7051555               0               0               0 10011
      -72.5425087               0               0               0 01011
       11.1885519               0               0               0 00102
       -29.857604               0               0               0 20101
       257.607594               0               0               0 11101
       222.800622               0               0               0 02101
      -5.74703998               0               0               0 00301
      -58.3774171               0               0               0 20011
      -75.7986407               0               0               0 11011
      -20.0306669               0               0               0 02011
        81.569985               0               0               0 00211
       39.9072357               0               0               0 10102
       26.1337898               0               0               0 01102
       11.1028012               0               0               0 00121
       15.8064184               0               0               0 10012
        2.5233279               0               0               0 01012
       1.49611639               0               0               0 00103
       2.94427172               0               0               0 00031
      0.196444306               0               0               0 00013
        169.57368               0               0               0 40001
      -1188.40309               0               0               0 31001
      -2564.00859               0               0               0 22001
      -796.126266               0               0               0 13001
      -170.135856               0               0               0 04001
       25.2737324               0               0               0 30101
      -302.117798               0               0               0 21101
       10.5088748               0               0               0 12101
       17.9545609               0               0               0 03101
       393.042869               0               0               0 20201
      -2654.79358               0               0               0 11201
      -675.207959               0               0               0 02201
       31.5374558               0               0               0 10301
      -66.2872749               0               0               0 01301
       11.0483668               0               0               0 00401
       53.9952733               0               0               0 30011
       19.8514223               0               0               0 21011
       6.99512779               0               0               0 12011
       2.03058969               0               0               0 03011
      -414.755722               0               0               0 20111
      -242.924295               0               0               0 11111
      -53.2831769               0               0               0 02111
       14.0854426               0               0               0 10211
      -7.18970025               0               0               0 01211
       46.6175282               0               0               0 00311
        327.02351               0               0               0 30002
      -46.7603764               0               0               0 21002
      -13.1130776               0               0               0 12002
      -2.14608775               0               0               0 03002
      -405.162634               0               0               0 20102
      -37.8327394               0               0               0 11102
      -3.28616433               0               0               0 02102
      -797.756623               0               0               0 10202
      -100.253463               0               0               0 01202
         -58.1494               0               0               0 00302
      -49.7218825               0               0               0 20021
          -23.494               0               0               0 11021
      -4.63065295               0               0               0 02021
      -7.01252658               0               0               0 10121
      -1.66128414               0               0               0 01121
       8.99761159               0               0               0 00221
      -26.9158564               0               0               0 20012
      -2.93740577               0               0               0 11012
     -0.281699956               0               0               0 02012
      -44.2613806               0               0               0 10112
      -5.18873926               0               0               0 01112
      -2.30913015               0               0               0 00212
       12.9742811               0               0               0 20003
       1.29863794               0               0               0 11003
      0.179319821               0               0               0 02003
      0.359636043               0               0               0 10103
    -0.0686000125               0               0               0 01103
      0.479897726               0               0               0 00203
      -1.51837641               0               0               0 10031
     -0.259505376               0               0               0 01031
       1.21378871               0               0               0 00131
      -3.83394487               0               0               0 10022
     -0.448803101               0               0               0 01022
     0.0432742246               0               0               0 00122
      0.043379578               0               0               0 10013
   0.000381017134               0               0               0 01013
     0.0717327023               0               0               0 00113
    0.00404935152               0               0               0 10004
  -0.000704014248               0               0               0 01004
    0.00417717692               0               0               0 00104
      0.265212468               0               0               0 00041
     0.0342938618               0               0               0 00032
      0.027421903               0               0               0 00023
    0.00382346774               0               0               0 00014
     0.0014659581               0               0               0 00005
      -221.978975               0               0               0 50001
       2081.48433               0               0               0 41001
      -430.560936               0               0               0 32001
      -218.050288               0               0               0 23001
      -55.5844501               0               0               0 14001
      -11.3642568               0               0               0 05001
       108.432463               0               0               0 40101
      -931.864934               0               0               0 31101
      -192.977158               0               0               0 22101
      -28.6473383               0               0               0 13101
      -3.41017534               0               0               0 04101
       61.3278498               0               0               0 30201
      -43.6289186               0               0               0 21201
      -47.1521819               0               0               0 12201
       -14.919883               0               0               0 03201
       58.8310901               0               0               0 20301
       -36.337865               0               0               0 11301
      -8.01512328               0               0               0 02301
      -104.944287               0               0               0 10401
       34.7713353               0               0               0 01401
      -122.288125               0               0               0 00501
      -77.5453423               0               0               0 40011
      -64.1314449               0               0               0 31011
      -13.9857505               0               0               0 22011
      -2.33654082               0               0               0 13011
     -0.340596491               0               0               0 04011
       29.3394194               0               0               0 30111
       48.1149331               0               0               0 21111
       9.50174924               0               0               0 12111
       1.38837541               0               0               0 03111
       52.4792515               0               0               0 20211
       3.80058742               0               0               0 11211
      0.234555136               0               0               0 02211
       39.5808085               0               0               0 10311
       15.2563542               0               0               0 01311
      -7.28080327               0               0               0 00411
      -597.497346               0               0               0 40002
      -102.721749               0               0               0 31002
      -15.3681107               0               0               0 22002
      -2.17208316               0               0               0 13002
     -0.274609264               0               0               0 04002
       106.837983               0               0               0 30102
       12.3766158               0               0               0 21102
        1.4653033               0               0               0 12102
      0.185393293               0               0               0 03102
       11.8887131               0               0               0 20202
      -2.55669988               0               0               0 11202
     -0.863809017               0               0               0 02202
       18.8047014               0               0               0 10302
        2.4966758               0               0               0 01302
      -3.93088497               0               0               0 00402
       12.7034651               0               0               0 30021
       7.96187516               0               0               0 21021
       1.60982507               0               0               0 12021
      0.257565675               0               0               0 03021
       5.93574507               0               0               0 20121
      0.679348453               0               0               0 11121
     0.0757550151               0               0               0 02121
       7.36294581               0               0               0 10221
       2.30080135               0               0               0 01221
     -0.118383007               0               0               0 00321
       14.4258145               0               0               0 30012
       1.52658163               0               0               0 21012
      0.163028817               0               0               0 12012
     0.0171689509               0               0               0 03012
       15.0743734               0               0               0 20112
       1.60706583               0               0               0 11112
      0.166465023               0               0               0 02112
       2.28803297               0               0               0 10212
      0.265413449               0               0               0 01212
        3.2668393               0               0               0 00312
      -1.44694805               0               0               0 30003
     -0.301551821               0               0               0 21003
    -0.0979405958               0               0               0 12003
    -0.0218874633               0               0               0 03003
      0.213731277               0               0               0 20103
   -0.00424871757               0               0               0 11103
   -0.00263981236               0               0               0 02103
     -0.390336182               0               0               0 10203
    -0.0220563449               0               0               0 01203
     -0.025206107               0               0               0 00303
      0.835395726               0               0               0 20031
      0.101082424               0               0               0 11031
     0.0113826515               0               0               0 02031
      0.967539242               0               0               0 10131
      0.283940573               0               0               0 01131
     0.0704094684               0               0               0 00231
       1.96621152               0               0               0 20022
      0.211929662               0               0               0 11022
      0.022229702               0               0               0 02022
      0.192176728               0               0               0 10122
     0.0208429359               0               0               0 01122
      0.409197722               0               0               0 00222
     0.0116208798               0               0               0 20013
  -0.000861751979               0               0               0 11013
  -0.000368034008               0               0               0 02013
    -0.0305595883               0               0               0 10113
   0.000792820773               0               0               0 01113
   -0.00103581312               0               0               0 00213
    -0.0317665296               0               0               0 20004
   -0.00868692894               0               0               0 11004
   -0.00130336633               0               0               0 02004
   -0.00485930059               0               0               0 10104
  -0.000181322677               0               0               0 01104
    -0.0225313015               0               0               0 00204
      0.102736083               0               0               0 10041
     0.0316791817               0               0               0 01041
     0.0177406989               0               0               0 00141
     0.0128130316               0               0               0 10032
    0.00134309873               0               0               0 01032
     0.0442654916               0               0               0 00132
   -0.00500745668               0               0               0 10023
  -3.62264901e-05               0               0               0 01023
  -0.000100846774               0               0               0 00123
  -0.000259911565               0               0               0 10014
  -8.65988929e-06               0               0               0 01014
   0.000126433262               0               0               0 00114
  -0.000376405317               0               0               0 10005
   -4.9526213e-05               0               0               0 01005
   5.05435025e-05               0               0               0 00105
    0.00318778677               0               0               0 00051
    0.00474276817               0               0               0 00042
   1.08549858e-05               0               0               0 00033
     9.083549e-05               0               0               0 00024
   3.11879063e-06               0               0               0 00015
   2.32698271e-06               0               0               0 00006
 ---------------------------------------------
