! Candidate angular fit; delta and xtar-dependent terms retained from frozen seed.
 --------------------------------------------
 7.4123093751019302e-04 -5.5557841820410604e-05 5.8241669317215562e-04 0.0000000000000000e+00 00000
 3.2653884007595724e-01 1.5425478203065324e-02 -5.3822586593510078e-03 2.4527718100000001e-01 10000
 -2.9563981031309305e+00 -1.2890358373628555e-01 3.8858498096731191e-02 1.7923725400000001e-01 01000
 -5.8388654395159119e-03 -4.5575853166645075e-01 2.7107299941951835e-01 1.5762221900000001e-02 00100
 1.3958060727750995e-01 3.1679114509535325e-02 -2.2951997649947393e+00 -2.7748113599999999e-02 00010
 -3.0862447157263900e-01 -3.7756228767133304e-02 1.1546701025029435e-02 -3.1763193899999997e-01 20000
 2.2536931440209265e+00 2.2659657225065891e-01 -7.9611250826974997e-02 3.2294487900000002e+00 11000
 5.7377874856860558e+00 1.6366238294922780e-01 1.3038472776034105e-01 9.9624983800000000e-01 02000
 -2.6070419669442242e-02 1.4388807946234217e+00 -4.2300801353908202e-01 -6.9868989000000006e-02 10100
 3.4687144416537585e-01 8.5282968984143481e-01 1.6100977494583349e-01 -2.7273720299999998e-01 01100
 2.4001462131741896e-01 -1.5218040353116349e-02 -4.9986533654587426e-02 -1.7795864400000000e-02 00200
 -9.2502762875348060e-02 -1.9597102740889316e+01 5.2592216888297472e+00 -1.7964206399999999e-01 10010
 6.2770409714271086e-02 -2.0421291862435012e+01 3.0372567900514724e+00 5.1434082800000001e+00 01010
 -6.2021116001410026e-01 -1.6945095471147523e-01 7.2952612581696208e-01 4.5628469799999999e-01 00110
 -1.1520839560953808e+00 5.5138487630475075e-01 -1.2618545119111628e+00 -6.4079203600000003e+00 00020
 1.7260677826478119e+00 1.1170478155527305e-01 -3.4599390543892224e-02 9.3683431900000003e-01 30000
 -3.7654267500453741e+01 -4.7199974923109411e-01 -1.3416858591901340e-01 -1.3540589900000001e+01 21000
 2.8849113301322524e+02 -6.3267840549400054e+00 4.8828883158815559e+00 5.1879764199999997e+01 12000
 -8.1943565902249782e+02 3.8439654836471739e+01 -1.8870838090437353e+01 -2.0498985000000001e+01 03000
 2.8803968589384437e+00 -4.6576098744470276e+00 1.4741838977744126e+00 -3.1254219399999998e-02 20100
 -3.1980295342290418e+01 5.1115460643520244e+01 -1.4941882212547155e+01 2.8400841199999999e-01 11100
 7.0160313080645892e+01 -1.2376427068019717e+02 3.4729593610706218e+01 3.9556433100000001e+00 02100
 -2.0073224960391145e+00 3.6876194590046065e+00 -9.7449031998296742e-01 9.5431561099999995e-01 10200
 -1.0990344682898108e+00 -2.9049241522200045e+01 7.6270293205037438e+00 -7.0688381700000003e+00 01200
 3.7287376425430185e-01 -4.0021506289738431e+00 4.5239681711148698e+00 -3.5820566700000001e-01 00300
 -6.1698663843532202e+00 6.1985589967215134e+01 -1.9559481718635396e+01 -2.7448817499999998e+00 20010
 8.2462434238155879e+01 -6.9347072627330567e+02 2.0372089444611265e+02 1.0681983600000001e+01 11010
 -2.5219019874619872e+02 1.7572950060464761e+03 -4.7020021379163165e+02 -4.6776265000000002e+01 02010
 -9.2753273378194306e-02 -6.2696804035556255e+01 1.2336608306736661e+01 4.3468718099999998e-01 10110
 2.4013004651232689e+02 4.4328788259726230e+02 -1.1040959049252398e+02 2.5692412099999999e+01 01110
 -1.8643548581105872e+01 1.1137678669839526e+02 -7.2795909656708915e+01 -3.1559352000000001e+00 00210
 2.1498677190397586e+02 7.4590488240152879e+01 1.2601560960199997e+01 3.1907757499999999e+01 10020
 -2.1210537388040534e+03 -1.6881255480463727e+02 2.1737670434404599e+01 -4.6789810199999999e+02 01020
 9.1884121254438242e+01 -1.3646600171791329e+03 7.3971853569041241e+02 3.4179037000000001e+01 00120
 -1.1831182180976995e+01 5.9800584182583352e+03 -2.6019600831290481e+03 -7.1508536199999995e+01 00030
 -6.3108536592799114e+00 8.2201763850472409e-01 -4.2561653389299731e-01 -2.3027877499999998e+00 40000
 1.2805006338603798e+02 -3.0464826242460880e+01 1.4919950277976834e+01 5.8024830899999998e+01 31000
 -7.8175865619467299e+02 3.7622088548571014e+02 -1.7965232191887432e+02 -4.9156237399999998e+02 22000
 6.8618482945424591e+02 -1.9315566150912291e+03 9.2754791051587165e+02 1.7182972100000000e+03 13000
 4.9438991753548280e+03 3.5044801968806892e+03 -1.8460329924849550e+03 -1.9501040300000000e+03 04000
 -3.4467357093653590e+01 8.0535428517947221e+00 -2.5603543858807796e+00 -1.4621283800000000e+00 30100
 6.2763026476128255e+02 -8.9118055876495916e+01 3.8689503788910862e+01 4.7295753499999996e+01 21100
 -3.9193791647993253e+03 2.4499986368662817e+01 -1.0602405115141404e+02 -4.3237295599999999e+02 12100
 8.8580863629365431e+03 1.1934239119795534e+03 -1.8064015381835875e+02 1.3233994800000000e+03 03100
 9.2833247327282624e+00 -1.3672560310607958e+01 5.1227610333883211e+00 -1.0047251200000000e+00 20200
 -1.0451757360817450e+02 1.0333553813269970e+02 -5.9202070005392486e+01 1.6743462399999999e+01 11200
 4.0285438866995787e+02 1.5512115155516278e+02 5.8741043979067605e+01 -6.7273158699999996e+01 02200
 -2.2167756563931182e+01 5.7514485150655874e+00 -1.6561538746891689e+01 4.9815545700000001e+00 10300
 2.2838555766699551e+02 4.6197657348044018e+01 -6.8899983662463157e+01 -3.7436718100000000e+01 01300
 -1.2439742221139575e+01 1.5181864679998629e+01 1.7634803083953166e+01 3.8352631700000002e+00 00400
 1.7248231346930871e+02 -1.5100336743049405e+02 3.4465179735587043e+01 2.0406354700000001e+01 30010
 -2.3988794801489721e+03 2.1246322739818579e+03 -5.3073642731041355e+02 -5.2187064599999997e+02 21010
 1.0703552897493841e+04 -7.3547737074193701e+03 1.9266283140985079e+03 4.0218560800000000e+03 12010
 -2.0206685385264420e+04 1.5112897556797441e+03 -1.2439759911910140e+02 -1.1081659400000000e+04 03010
 -2.4554639351818949e+02 4.5362462481239692e+02 -1.0659226001295063e+02 -2.6109065900000001e+01 20110
 2.2791397291162184e+03 -3.9080404353906979e+03 8.0161442920217735e+02 3.4366059500000000e+02 11110
 -8.7436278565992579e+03 6.3691199558047799e+02 1.0863270382572632e+03 -9.7405222100000003e+02 02110
 2.4549615145775090e+02 -4.7798437990534558e+02 4.4115490392500573e+02 -3.6510193000000001e+01 10210
 -2.4914023805164170e+03 9.4288655960524716e+02 2.6765714580081724e+01 2.9243684000000002e+02 01210
 2.4909907768122707e+02 -3.2849836094477104e+02 -6.1690400208263640e+01 -8.4939199799999997e+01 00310
 6.6292402659020627e+02 -2.1981989820040048e+03 5.9828115010897091e+02 4.0636932100000001e+02 20020
 -2.4731972329147925e+03 1.5920412573933138e+04 -4.8957929068233925e+03 -4.5869649099999997e+03 11020
 2.1890302248319716e+04 1.5491179625220053e+04 -4.5772205455812964e+03 9.3584628599999996e+03 02020
 -2.0845649047043707e+03 4.5737996469029222e+03 -1.0476456158339561e+03 6.0264629700000000e+01 10120
 9.4091225304091258e+03 -1.1392494321819444e+04 1.0678698916700514e+03 -6.9720597099999998e+02 01120
 -1.9772439738954408e+03 -3.8058413018736439e+02 5.2323362137126207e+02 7.2697501299999999e+02 00220
 -4.5992524587044102e+01 -2.4868187146917084e+04 3.9354368463755800e+03 5.3606629499999997e+02 10030
 2.6141151840860577e+04 7.4803524813879718e+04 1.1432913222561920e+04 -2.3364836399999999e+03 01030
 -1.1306615540233249e+03 1.6624145615115198e+04 -9.5805415485372559e+03 -1.6674671400000000e+03 00130
 3.9309632538404090e+04 -5.4914891713302764e+04 3.6177175834647605e+04 3.9121164899999999e+03 00040
 4.4167932527302458e+00 -6.0332388281419762e+00 2.7210558784345955e+00 4.9678190300000002e+00 50000
 2.6481460232747764e+02 1.8438664796135583e+02 -8.1218182534264329e+01 -2.1463550799999999e+02 41000
 -9.4745224849775605e+03 -2.2368617289197382e+03 9.8783440870489517e+02 3.4385126599999999e+03 32000
 1.0773637292132714e+05 1.2799603463707215e+04 -5.7074586681652481e+03 -2.7888407800000001e+04 23000
 -5.3919172319393139e+05 -3.2938475227508323e+04 1.4565514597160705e+04 1.1885052899999999e+05 14000
 1.0383761975167964e+06 2.2634796550834235e+04 -1.0025546191821419e+04 -2.0979779999999999e+05 05000
 1.0667846171985559e+02 -1.2167490982719505e+01 -8.4164563703153039e-01 3.0790796100000000e+00 40100
 -1.8639930746944522e+03 1.8819543990561826e+02 -1.1185981519002485e+01 -7.1757031799999993e+01 31100
 6.2085859437998024e+03 5.7227260428653011e+01 2.8133516428032897e+02 1.7523077900000001e+02 22100
 3.6464206070566732e+04 -8.2323060633454952e+03 -2.7024836701771378e+03 3.6607079199999998e+03 13100
 -1.6828786246464847e+05 2.5113258717992845e+04 8.4282083672767749e+03 -1.8679771700000001e+04 04100
 -4.6573141736888218e+01 9.2267609229266228e+00 -9.7548717491952690e+00 -9.8292970799999999e+00 30200
 1.1841871847589132e+03 -5.8957857415666048e+01 1.6494102595423888e+02 2.2322339500000001e+02 21200
 -8.8597248485952405e+03 -1.7174324705669696e+03 -1.0084255395775235e+03 -1.9345593400000000e+03 12200
 2.5383930884259622e+04 7.2117693862328288e+03 3.6387464533542848e+03 6.2959604900000004e+03 03200
 1.1610893007587539e+02 2.7510406068790353e-02 1.6849514916455561e+01 7.5324127100000000e+00 20300
 -1.5249354671547733e+03 -3.6061836335087754e+01 1.9790422911060872e+02 -1.7311873199999999e+02 11300
 3.3420187224435523e+02 7.8021774070471977e+01 1.1551292121739805e+03 1.0774482200000000e+03 02300
 2.0609651420634759e+02 -5.9617767108587314e+00 6.6005776598788968e+00 -1.1124031400000001e+00 10400
 -6.9520350479857223e+02 -5.9732909256101220e+02 -3.6077232184861145e+02 -1.0768688200000000e+02 01400
 8.4990507726062354e+00 6.3152311863516580e+01 -1.2835045731658030e+02 -1.3675491200000001e+00 00500
 -1.5069765160225854e+03 2.2637020379742228e+02 1.0185940240985065e+01 -4.8581986499999999e+01 40010
 3.0460501997217783e+04 -2.7706885271501865e+03 -5.1227361230924623e+02 1.9529719100000000e+03 31010
 -1.9688184334375514e+05 -1.1794396033684114e+04 1.0234506878566743e+04 -2.0776508900000001e+04 22010
 3.4771634628771082e+05 2.3639403563745398e+05 -6.8611233961000689e+04 7.9440774900000004e+04 13010
 4.0581630099500640e+05 -7.1484457393148565e+05 1.2720874019143661e+05 -7.1841567599999995e+04 04010
 2.2379373664951786e+03 -1.4144494028367528e+03 3.2720355947181582e+02 6.3779292800000000e+01 30110
 -4.5638655592981173e+04 2.2535348839693608e+04 -4.9622801398843212e+03 -1.7658266000000001e+03 21110
 3.1104924737273372e+05 -8.4882651893106115e+04 2.4679831215727765e+04 1.1961652899999999e+04 12110
 -7.8802606674545666e+05 9.1925845751234578e+04 -5.4107314776458850e+04 -3.6062570899999999e+04 03110
 -1.0916044676652632e+03 1.3834481378145210e+03 5.2917599695934541e+02 -8.6987571199999998e+00 20210
 1.2864024943719645e+04 -2.3005066317595665e+04 -2.0681106147292205e+04 1.6077307200000000e+03 11210
 7.6989735187287137e+04 8.5380698391160637e+04 3.4124340864998441e+04 -1.1675984399999999e+04 02210
 -3.0865447325885125e+03 2.5361049870688516e+03 -8.8655961215633590e+02 1.6598224700000000e+02 10310
 -4.4428947291007898e+03 1.2894487938743465e+04 3.1774201945269606e+03 9.4686973100000000e+02 01310
 5.9920880283122938e+02 2.1233172927092352e+02 4.3679022470998952e+03 1.6439557600000001e+02 00410
 -1.8273610032649995e+04 1.1757564256933603e+04 -1.9540972144807724e+03 -2.4076491099999998e+03 30020
 3.5852142334573925e+05 -1.7222673893794825e+05 2.1986743433408850e+04 5.5520991600000001e+04 21020
 -2.4933805928845447e+06 5.8335300677291432e+05 -8.5898367929410422e+04 -4.1814969699999999e+05 12020
 6.4938356420353502e+06 -6.0668809223540779e+05 1.1847411439862280e+05 1.1185970900000001e+06 03020
 1.1509412843285865e+04 -1.9069143996081322e+04 -1.0630408884166423e+04 3.3250162999999998e+02 20120
 -1.7004579223491254e+05 2.6775931262379623e+05 2.3960866704951809e+05 -1.4254245100000000e+04 11120
 -2.6726198049205204e+05 -8.3603771795330313e+05 -6.1690141763855994e+05 5.2657758800000003e+04 02120
 -7.7676334388730247e+03 -5.2636491176374169e+04 3.1791119355586499e+04 -3.9989584300000001e+03 10220
 3.1652368357560813e+05 -2.1063773434772193e+04 -6.4482081630890556e+04 2.5102144300000000e+04 01220
 1.7239110288602403e+03 3.1720380419783254e+04 -9.8904565351092140e+04 9.0266857599999994e+01 00320
 -8.3068847036339474e+04 4.1445770395064981e+04 8.7364516859175128e+04 -9.3089900000000000e+02 20030
 7.1426520477487112e+05 -1.0181130244513465e+06 -5.6647418834453623e+05 3.9788767800000001e+04 11030
 6.9614603347407898e+05 3.7141462309310324e+06 1.4153208132601238e+06 -1.1875274700000000e+05 02030
 1.9045607559925152e+05 3.8142275605061115e+05 -2.1895390484327194e+05 2.9493169800000000e+04 10130
 -2.4180829956136704e+06 -5.8387204844238015e+05 5.5597450466796057e+05 -2.5987719800000000e+05 01130
 -1.8004350729171795e+05 -5.9817824047615181e+05 1.0166324956096311e+06 1.1004152400000000e+03 00230
 -5.6070391369460279e+05 -9.3645559440915647e+05 2.7278449863746937e+05 -1.3196676600000001e+04 10040
 5.4180342010180643e+06 1.2482148117617383e+06 -1.0200687684214788e+06 3.0309427799999999e+05 01040
 1.3888575857765535e+06 3.0817669281461760e+06 -4.4394886704892730e+06 -1.7333469400000002e+04 00140
 -3.6365150229555895e+06 -6.0060664520070087e+06 7.6612443509036144e+06 3.0963153100000000e+04 00050
 7.7227509998015504e+00 1.1830029813353434e+01 -3.1938308283330930e+00 0.0000000000000000e+00 60000
 -9.1077476258653905e+02 -3.7638209723386746e+02 7.3725621322598826e+01 0.0000000000000000e+00 51000
 2.0719708696360180e+04 4.7454352885527669e+03 -4.7908808401901382e+02 0.0000000000000000e+00 42000
 -1.6672615816436737e+05 -2.5098200330169220e+04 -3.0105398790745721e+03 0.0000000000000000e+00 33000
 2.3782791660199061e+05 1.4260013256334380e+04 6.2133651534484437e+04 0.0000000000000000e+00 24000
 2.9352954073368274e+06 2.8993808424093103e+05 -3.3153676410291827e+05 0.0000000000000000e+00 15000
 -1.0452761124569541e+07 -6.1423810758585786e+05 6.1308981606228545e+05 0.0000000000000000e+00 06000
 -8.4880399982681283e+01 4.9308425837629377e+00 9.5518244854745920e+00 0.0000000000000000e+00 50100
 1.1984166484199011e+03 -3.1686815213076159e+02 -2.7808338607795304e+02 0.0000000000000000e+00 41100
 -1.0631136904800130e+03 5.4946461479323107e+03 4.9709166303032262e+03 0.0000000000000000e+00 32100
 1.4426376178543820e+04 -5.7731853540847340e+04 -5.4962085657757962e+04 0.0000000000000000e+00 23100
 -5.4271774297106592e+05 3.3933599562515726e+05 3.0173783413360943e+05 0.0000000000000000e+00 14100
 1.7890422997386372e+06 -7.5668482701193285e+05 -5.7789436281663890e+05 0.0000000000000000e+00 05100
 3.7649627506622984e+01 -1.6087529247428787e+01 -1.7218346905887067e+01 0.0000000000000000e+00 40200
 -8.1454071872502311e+02 1.0965229146820134e+03 7.3431512898407448e+02 0.0000000000000000e+00 31200
 2.5143778002538043e+03 -1.7183662055355908e+04 -1.1328625225582560e+04 0.0000000000000000e+00 22200
 2.6999484485334808e+04 1.2465459854042489e+05 7.7166903855880824e+04 0.0000000000000000e+00 13200
 -2.2785120515732229e+05 -3.2146222544444725e+05 -2.0569568146535198e+05 0.0000000000000000e+00 04200
 -1.6884590381499487e+02 6.0352883165668374e+01 1.9354060319181578e+01 0.0000000000000000e+00 30300
 2.6192381137394691e+03 -8.2557339052159932e+02 -1.0940132180563285e+03 0.0000000000000000e+00 21300
 -5.1364036681980506e+03 4.5962663867029014e+03 6.4810009854175323e+03 0.0000000000000000e+00 12300
 2.4188559177428451e+04 -3.0599608761000101e+04 -3.5221014567766753e+04 0.0000000000000000e+00 03300
 -4.1776233202252604e+02 -8.4792471824049571e+01 -4.2987259633252037e+01 0.0000000000000000e+00 20400
 9.4595287512150810e+02 2.2228601639209865e+03 9.3273398140041093e+02 0.0000000000000000e+00 11400
 7.8637273525454339e+03 -1.1154850824603316e+03 1.4320291108275246e+03 0.0000000000000000e+00 02400
 9.0346373650786873e+01 -2.4593700281518323e+02 2.9813296740160132e+02 0.0000000000000000e+00 10500
 -5.7511212877156822e+02 4.6082294766478429e+02 1.3207100716230946e+03 0.0000000000000000e+00 01500
 -1.9404177512414358e+02 -2.3063550200197480e+02 -3.8544846073772720e+02 0.0000000000000000e+00 00600
 3.1826655366029122e+03 -6.5285003063746601e+01 1.0363523125698373e+02 0.0000000000000000e+00 50010
 -7.3437001814456249e+04 -1.5919175500207730e+03 -5.4323807062573596e+03 0.0000000000000000e+00 41010
 5.1548253856043512e+05 6.2556892001222237e+04 9.5114237841837050e+04 0.0000000000000000e+00 32010
 -1.0843449763740683e+06 -3.0197058657440974e+05 -7.2484989205496747e+05 0.0000000000000000e+00 23010
 7.2798604904502747e+05 -1.3676458670506470e+06 2.2044324413475795e+06 0.0000000000000000e+00 14010
 -2.9618048657369534e+06 8.1106302836063085e+06 -1.9624102331328427e+06 0.0000000000000000e+00 05010
 -4.7053133947807346e+03 2.7347458313031725e+03 -5.2755049746204065e+02 0.0000000000000000e+00 40110
 1.1332072209007181e+05 -6.2966269396255921e+04 9.6280755608744548e+03 0.0000000000000000e+00 31110
 -7.8527305642976309e+05 4.6434024454528635e+05 -4.2793603419057232e+04 0.0000000000000000e+00 22110
 1.2220587707488942e+06 -1.6702569665445890e+06 5.8649403853836382e+04 0.0000000000000000e+00 13110
 4.4441633844770333e+06 3.2950778116183896e+06 6.6586041837867277e+04 0.0000000000000000e+00 04110
 5.7056057847284947e+03 -3.3805424883525075e+03 -3.0147880686818362e+03 0.0000000000000000e+00 30210
 -1.3709941179235224e+05 6.9501138340157631e+04 6.7048869806997696e+04 0.0000000000000000e+00 21210
 8.9041488175188017e+05 -1.9422938523356567e+05 -1.8304114348916220e+05 0.0000000000000000e+00 12210
 -3.3328884517222210e+06 -8.0830406645662355e+04 4.2882758837050118e+05 0.0000000000000000e+00 03210
 3.3511199070693929e+03 -1.2013616204077043e+03 4.0781179296778555e+03 0.0000000000000000e+00 20310
 4.4722525079086343e+04 -6.2960452216583646e+04 -7.5105547935277384e+04 0.0000000000000000e+00 11310
 -1.1396766598957704e+05 -4.3869008070595635e+04 1.5616990454690935e+05 0.0000000000000000e+00 02310
 1.7917513153772645e+03 -8.7876860410492111e+02 -1.6142529831998010e+04 0.0000000000000000e+00 10410
 -4.7408454534267825e+04 1.5208025994321331e+04 -2.0886907447177902e+04 0.0000000000000000e+00 01410
 9.2008318036845958e+03 3.8310952229945410e+03 1.8463360551258647e+04 0.0000000000000000e+00 00510
 4.2144741598074033e+04 -3.6291553659585465e+04 4.3869891163197144e+03 0.0000000000000000e+00 40020
 -9.4801655772650987e+05 8.0195623356744577e+05 -9.5965841615355748e+04 0.0000000000000000e+00 31020
 6.0351336087827729e+06 -5.8698679764471613e+06 6.9347342446561297e+05 0.0000000000000000e+00 22020
 -6.4248268838949203e+06 1.7387103151816830e+07 -2.9309577671248689e+06 0.0000000000000000e+00 13020
 -3.7354911721952304e+07 -2.2421683760150455e+07 5.8157756778518446e+06 0.0000000000000000e+00 04020
 -4.6245193640135578e+04 4.6421155308353358e+04 6.2227331946727565e+04 0.0000000000000000e+00 30120
 1.5912722407490730e+06 -1.0372434288979706e+06 -1.3912002580481810e+06 0.0000000000000000e+00 21120
 -1.2068190577665022e+07 2.8032474594396399e+06 4.1501278997178641e+06 0.0000000000000000e+00 12120
 4.0712333032264553e+07 5.9786418347789366e+06 -1.9688671074283251e+06 0.0000000000000000e+00 03120
 3.6874440374338294e+04 1.3302680222600565e+05 -1.0378294684461861e+05 0.0000000000000000e+00 20220
 -9.0037634829456906e+05 3.6787278669264429e+05 9.6713551882890065e+05 0.0000000000000000e+00 11220
 -2.3119695099249403e+06 1.4808270262664983e+06 -2.0372636623049157e+06 0.0000000000000000e+00 02220
 -3.4216856411635337e+04 -3.7672921062491337e+03 4.0620702144952182e+05 0.0000000000000000e+00 10320
 1.0142145942860125e+06 -1.1217308180186737e+06 -3.6260265537776184e+04 0.0000000000000000e+00 01320
 -1.0219449771931568e+05 4.3597169818394512e+04 -2.7741926773907378e+05 0.0000000000000000e+00 00420
 3.0570893754223513e+05 5.9055829084086225e+04 -3.0743946379913582e+05 0.0000000000000000e+00 30030
 -9.7421524922999423e+06 -2.0159585028897407e+06 8.1672827312791664e+06 0.0000000000000000e+00 21030
 6.5449582125586204e+07 3.2100237451329984e+07 -2.6824622922061849e+07 0.0000000000000000e+00 12030
 -1.4693158796448874e+08 -1.2595631674492155e+08 1.9394441026897365e+05 0.0000000000000000e+00 03030
 -8.2513425223523239e+05 -1.7648755080086421e+06 1.3808545357442384e+06 0.0000000000000000e+00 20130
 9.0326397024236023e+06 4.5851544078094764e+06 -7.7314041182876350e+06 0.0000000000000000e+00 11130
 2.8076156759623218e+07 -2.2659448138367578e+07 1.4979932718274197e+07 0.0000000000000000e+00 02130
 9.4683572252662363e+05 2.6764785196086816e+06 -5.1165037659552507e+06 0.0000000000000000e+00 10230
 -1.1151352485805141e+07 1.4206614762533385e+07 2.2088011125238310e+06 0.0000000000000000e+00 01230
 1.0722863676069547e+05 -2.5908222531930883e+06 2.0819486574053299e+06 0.0000000000000000e+00 00330
 2.8948083648229535e+06 7.9722187854342051e+06 -6.4667197558051283e+06 0.0000000000000000e+00 20040
 -2.5945694396427076e+07 -5.4473125866692834e+07 3.7571825595116869e+07 0.0000000000000000e+00 11040
 -1.0037448432920074e+08 1.7234296457025230e+08 -9.2850047913050309e+07 0.0000000000000000e+00 02040
 -1.4531603583908293e+07 -3.2114203640520152e+07 2.6733629989291012e+07 0.0000000000000000e+00 10140
 1.0129524094203274e+08 -5.1546396083609365e+07 1.3348865722177166e+06 0.0000000000000000e+00 01140
 -7.7348610668376414e+05 3.5640429651904657e+07 -1.3536000084593402e+07 0.0000000000000000e+00 00240
 6.0267824593527041e+07 1.0039285276680022e+08 -3.7918312255167358e+07 0.0000000000000000e+00 10050
 -3.9196187918485940e+08 3.3409537379902545e+06 -9.8674804666013271e+07 0.0000000000000000e+00 01050
 4.3599954860825241e+07 -1.7770101198439613e+08 7.5686217640385672e+07 0.0000000000000000e+00 00150
 -1.8236869100780365e+08 2.5500729191365471e+08 -1.9042188506369254e+08 0.0000000000000000e+00 00060
 1.1258424199999999e+00 0.0000000000000000e+00 0.0000000000000000e+00 7.6817769999999996e-01 00001
 -3.3092960599999999e+00 0.0000000000000000e+00 0.0000000000000000e+00 -1.2482495400000000e+00 10001
 9.5582156000000005e+00 0.0000000000000000e+00 0.0000000000000000e+00 7.1898036500000000e+00 01001
 -1.2807550800000000e+01 0.0000000000000000e+00 0.0000000000000000e+00 -1.7948002400000000e+00 00002
 3.1328287000000000e+01 0.0000000000000000e+00 0.0000000000000000e+00 4.3097902599999998e+00 20001
 -3.6635859399999998e+02 0.0000000000000000e+00 0.0000000000000000e+00 -4.7514103499999997e+01 11001
 1.2812726399999999e+03 0.0000000000000000e+00 0.0000000000000000e+00 1.2740499699999999e+02 02001
 8.4649294600000005e+00 0.0000000000000000e+00 0.0000000000000000e+00 1.5213236200000000e+00 00201
 -2.1218133200000000e+02 0.0000000000000000e+00 0.0000000000000000e+00 -4.4842024199999997e+01 00111
 8.6216804499999995e+01 0.0000000000000000e+00 0.0000000000000000e+00 1.3903586900000001e+01 10002
 -2.0237557699999999e+02 0.0000000000000000e+00 0.0000000000000000e+00 -7.5177002500000000e+01 01002
 1.2924057499999999e+03 0.0000000000000000e+00 0.0000000000000000e+00 3.3294530099999997e+02 00021
 1.5246574300000000e+02 4.1239841799999999e+02 -1.1855168000000000e+02 0.0000000000000000e+00 00012
 5.6814234300000003e+01 0.0000000000000000e+00 0.0000000000000000e+00 1.5595186500000001e+01 00003
 -1.1109064100000001e+02 0.0000000000000000e+00 0.0000000000000000e+00 -1.5717735800000000e+01 30001
 1.3012309000000000e+03 0.0000000000000000e+00 0.0000000000000000e+00 2.4992499500000000e+02 21001
 -3.3776413699999998e+03 0.0000000000000000e+00 0.0000000000000000e+00 -1.2056100300000001e+03 12001
 -1.0805725299999999e+03 0.0000000000000000e+00 0.0000000000000000e+00 1.6507063800000001e+03 03001
 -2.0675836699999999e+02 0.0000000000000000e+00 0.0000000000000000e+00 -8.6394541199999999e+00 10201
 1.2861228000000001e+03 0.0000000000000000e+00 0.0000000000000000e+00 5.1734533999999996e+01 01201
 4.5738898999999998e+02 0.0000000000000000e+00 0.0000000000000000e+00 2.4632876999999999e+02 10111
 3.1552100700000000e+02 0.0000000000000000e+00 0.0000000000000000e+00 -1.4688802499999999e+03 01111
 -2.8637608399999999e+00 0.0000000000000000e+00 0.0000000000000000e+00 -7.7696205800000001e+01 20002
 -2.8453250400000002e+02 0.0000000000000000e+00 0.0000000000000000e+00 8.0826721799999996e+02 11002
 -5.4968678599999997e+01 0.0000000000000000e+00 0.0000000000000000e+00 -1.8872739300000001e+03 02002
 -8.9490322900000001e+02 0.0000000000000000e+00 0.0000000000000000e+00 -1.3172162699999999e+01 00202
 -5.8186814800000001e+01 0.0000000000000000e+00 0.0000000000000000e+00 -1.7587238100000000e+03 10021
 2.8100110300000001e+01 0.0000000000000000e+00 0.0000000000000000e+00 1.0443614200000000e+04 01021
 2.4986902400000002e+01 0.0000000000000000e+00 0.0000000000000000e+00 3.7717688900000002e+02 00112
 -4.7104892700000001e+00 0.0000000000000000e+00 0.0000000000000000e+00 -1.7433297400000001e+02 10003
 -9.4935661400000004e-01 0.0000000000000000e+00 0.0000000000000000e+00 8.9351807699999995e+02 01003
 5.9109615599999996e+00 0.0000000000000000e+00 0.0000000000000000e+00 -2.7085707800000000e+03 00022
 1.0590745000000000e-01 0.0000000000000000e+00 0.0000000000000000e+00 -1.4915634900000001e+02 00004
 7.4420433400000000e-02 0.0000000000000000e+00 0.0000000000000000e+00 0.0000000000000000e+00 00101
 -9.3204445700000005e-01 0.0000000000000000e+00 0.0000000000000000e+00 0.0000000000000000e+00 00011
 2.8452158100000000e+00 0.0000000000000000e+00 0.0000000000000000e+00 0.0000000000000000e+00 10101
 -2.5439373000000000e+01 0.0000000000000000e+00 0.0000000000000000e+00 0.0000000000000000e+00 01101
 1.3705155500000000e+01 0.0000000000000000e+00 0.0000000000000000e+00 0.0000000000000000e+00 10011
 -7.2542508699999999e+01 0.0000000000000000e+00 0.0000000000000000e+00 0.0000000000000000e+00 01011
 1.1188551900000000e+01 0.0000000000000000e+00 0.0000000000000000e+00 0.0000000000000000e+00 00102
 -2.9857603999999998e+01 0.0000000000000000e+00 0.0000000000000000e+00 0.0000000000000000e+00 20101
 2.5760759400000001e+02 0.0000000000000000e+00 0.0000000000000000e+00 0.0000000000000000e+00 11101
 2.2280062200000000e+02 0.0000000000000000e+00 0.0000000000000000e+00 0.0000000000000000e+00 02101
 -5.7470399800000003e+00 0.0000000000000000e+00 0.0000000000000000e+00 0.0000000000000000e+00 00301
 -5.8377417100000002e+01 0.0000000000000000e+00 0.0000000000000000e+00 0.0000000000000000e+00 20011
 -7.5798640700000007e+01 0.0000000000000000e+00 0.0000000000000000e+00 0.0000000000000000e+00 11011
 -2.0030666900000000e+01 0.0000000000000000e+00 0.0000000000000000e+00 0.0000000000000000e+00 02011
 8.1569985000000003e+01 0.0000000000000000e+00 0.0000000000000000e+00 0.0000000000000000e+00 00211
 3.9907235700000001e+01 0.0000000000000000e+00 0.0000000000000000e+00 0.0000000000000000e+00 10102
 2.6133789799999999e+01 0.0000000000000000e+00 0.0000000000000000e+00 0.0000000000000000e+00 01102
 1.1102801200000000e+01 0.0000000000000000e+00 0.0000000000000000e+00 0.0000000000000000e+00 00121
 1.5806418400000000e+01 0.0000000000000000e+00 0.0000000000000000e+00 0.0000000000000000e+00 10012
 2.5233279000000000e+00 0.0000000000000000e+00 0.0000000000000000e+00 0.0000000000000000e+00 01012
 1.4961163900000001e+00 0.0000000000000000e+00 0.0000000000000000e+00 0.0000000000000000e+00 00103
 2.9442717200000001e+00 0.0000000000000000e+00 0.0000000000000000e+00 0.0000000000000000e+00 00031
 1.9644430600000001e-01 0.0000000000000000e+00 0.0000000000000000e+00 0.0000000000000000e+00 00013
 1.6957368000000000e+02 0.0000000000000000e+00 0.0000000000000000e+00 0.0000000000000000e+00 40001
 -1.1884030900000000e+03 0.0000000000000000e+00 0.0000000000000000e+00 0.0000000000000000e+00 31001
 -2.5640085899999999e+03 0.0000000000000000e+00 0.0000000000000000e+00 0.0000000000000000e+00 22001
 -7.9612626599999999e+02 0.0000000000000000e+00 0.0000000000000000e+00 0.0000000000000000e+00 13001
 -1.7013585599999999e+02 0.0000000000000000e+00 0.0000000000000000e+00 0.0000000000000000e+00 04001
 2.5273732400000000e+01 0.0000000000000000e+00 0.0000000000000000e+00 0.0000000000000000e+00 30101
 -3.0211779799999999e+02 0.0000000000000000e+00 0.0000000000000000e+00 0.0000000000000000e+00 21101
 1.0508874799999999e+01 0.0000000000000000e+00 0.0000000000000000e+00 0.0000000000000000e+00 12101
 1.7954560900000001e+01 0.0000000000000000e+00 0.0000000000000000e+00 0.0000000000000000e+00 03101
 3.9304286900000000e+02 0.0000000000000000e+00 0.0000000000000000e+00 0.0000000000000000e+00 20201
 -2.6547935800000000e+03 0.0000000000000000e+00 0.0000000000000000e+00 0.0000000000000000e+00 11201
 -6.7520795899999996e+02 0.0000000000000000e+00 0.0000000000000000e+00 0.0000000000000000e+00 02201
 3.1537455800000000e+01 0.0000000000000000e+00 0.0000000000000000e+00 0.0000000000000000e+00 10301
 -6.6287274900000000e+01 0.0000000000000000e+00 0.0000000000000000e+00 0.0000000000000000e+00 01301
 1.1048366800000000e+01 0.0000000000000000e+00 0.0000000000000000e+00 0.0000000000000000e+00 00401
 5.3995273300000001e+01 0.0000000000000000e+00 0.0000000000000000e+00 0.0000000000000000e+00 30011
 1.9851422299999999e+01 0.0000000000000000e+00 0.0000000000000000e+00 0.0000000000000000e+00 21011
 6.9951277899999997e+00 0.0000000000000000e+00 0.0000000000000000e+00 0.0000000000000000e+00 12011
 2.0305896899999998e+00 0.0000000000000000e+00 0.0000000000000000e+00 0.0000000000000000e+00 03011
 -4.1475572199999999e+02 0.0000000000000000e+00 0.0000000000000000e+00 0.0000000000000000e+00 20111
 -2.4292429500000000e+02 0.0000000000000000e+00 0.0000000000000000e+00 0.0000000000000000e+00 11111
 -5.3283176900000001e+01 0.0000000000000000e+00 0.0000000000000000e+00 0.0000000000000000e+00 02111
 1.4085442600000000e+01 0.0000000000000000e+00 0.0000000000000000e+00 0.0000000000000000e+00 10211
 -7.1897002499999996e+00 0.0000000000000000e+00 0.0000000000000000e+00 0.0000000000000000e+00 01211
 4.6617528200000002e+01 0.0000000000000000e+00 0.0000000000000000e+00 0.0000000000000000e+00 00311
 3.2702350999999999e+02 0.0000000000000000e+00 0.0000000000000000e+00 0.0000000000000000e+00 30002
 -4.6760376399999998e+01 0.0000000000000000e+00 0.0000000000000000e+00 0.0000000000000000e+00 21002
 -1.3113077600000000e+01 0.0000000000000000e+00 0.0000000000000000e+00 0.0000000000000000e+00 12002
 -2.1460877500000000e+00 0.0000000000000000e+00 0.0000000000000000e+00 0.0000000000000000e+00 03002
 -4.0516263400000003e+02 0.0000000000000000e+00 0.0000000000000000e+00 0.0000000000000000e+00 20102
 -3.7832739400000001e+01 0.0000000000000000e+00 0.0000000000000000e+00 0.0000000000000000e+00 11102
 -3.2861643300000001e+00 0.0000000000000000e+00 0.0000000000000000e+00 0.0000000000000000e+00 02102
 -7.9775662299999999e+02 0.0000000000000000e+00 0.0000000000000000e+00 0.0000000000000000e+00 10202
 -1.0025346300000000e+02 0.0000000000000000e+00 0.0000000000000000e+00 0.0000000000000000e+00 01202
 -5.8149400000000000e+01 0.0000000000000000e+00 0.0000000000000000e+00 0.0000000000000000e+00 00302
 -4.9721882500000000e+01 0.0000000000000000e+00 0.0000000000000000e+00 0.0000000000000000e+00 20021
 -2.3494000000000000e+01 0.0000000000000000e+00 0.0000000000000000e+00 0.0000000000000000e+00 11021
 -4.6306529500000000e+00 0.0000000000000000e+00 0.0000000000000000e+00 0.0000000000000000e+00 02021
 -7.0125265800000003e+00 0.0000000000000000e+00 0.0000000000000000e+00 0.0000000000000000e+00 10121
 -1.6612841400000000e+00 0.0000000000000000e+00 0.0000000000000000e+00 0.0000000000000000e+00 01121
 8.9976115900000000e+00 0.0000000000000000e+00 0.0000000000000000e+00 0.0000000000000000e+00 00221
 -2.6915856399999999e+01 0.0000000000000000e+00 0.0000000000000000e+00 0.0000000000000000e+00 20012
 -2.9374057699999998e+00 0.0000000000000000e+00 0.0000000000000000e+00 0.0000000000000000e+00 11012
 -2.8169995599999997e-01 0.0000000000000000e+00 0.0000000000000000e+00 0.0000000000000000e+00 02012
 -4.4261380600000003e+01 0.0000000000000000e+00 0.0000000000000000e+00 0.0000000000000000e+00 10112
 -5.1887392600000002e+00 0.0000000000000000e+00 0.0000000000000000e+00 0.0000000000000000e+00 01112
 -2.3091301500000001e+00 0.0000000000000000e+00 0.0000000000000000e+00 0.0000000000000000e+00 00212
 1.2974281100000001e+01 0.0000000000000000e+00 0.0000000000000000e+00 0.0000000000000000e+00 20003
 1.2986379400000001e+00 0.0000000000000000e+00 0.0000000000000000e+00 0.0000000000000000e+00 11003
 1.7931982099999999e-01 0.0000000000000000e+00 0.0000000000000000e+00 0.0000000000000000e+00 02003
 3.5963604300000002e-01 0.0000000000000000e+00 0.0000000000000000e+00 0.0000000000000000e+00 10103
 -6.8600012500000002e-02 0.0000000000000000e+00 0.0000000000000000e+00 0.0000000000000000e+00 01103
 4.7989772600000002e-01 0.0000000000000000e+00 0.0000000000000000e+00 0.0000000000000000e+00 00203
 -1.5183764099999999e+00 0.0000000000000000e+00 0.0000000000000000e+00 0.0000000000000000e+00 10031
 -2.5950537600000001e-01 0.0000000000000000e+00 0.0000000000000000e+00 0.0000000000000000e+00 01031
 1.2137887100000000e+00 0.0000000000000000e+00 0.0000000000000000e+00 0.0000000000000000e+00 00131
 -3.8339448699999998e+00 0.0000000000000000e+00 0.0000000000000000e+00 0.0000000000000000e+00 10022
 -4.4880310099999998e-01 0.0000000000000000e+00 0.0000000000000000e+00 0.0000000000000000e+00 01022
 4.3274224600000001e-02 0.0000000000000000e+00 0.0000000000000000e+00 0.0000000000000000e+00 00122
 4.3379578000000002e-02 0.0000000000000000e+00 0.0000000000000000e+00 0.0000000000000000e+00 10013
 3.8101713399999999e-04 0.0000000000000000e+00 0.0000000000000000e+00 0.0000000000000000e+00 01013
 7.1732702300000006e-02 0.0000000000000000e+00 0.0000000000000000e+00 0.0000000000000000e+00 00113
 4.0493515200000002e-03 0.0000000000000000e+00 0.0000000000000000e+00 0.0000000000000000e+00 10004
 -7.0401424799999997e-04 0.0000000000000000e+00 0.0000000000000000e+00 0.0000000000000000e+00 01004
 4.1771769200000001e-03 0.0000000000000000e+00 0.0000000000000000e+00 0.0000000000000000e+00 00104
 2.6521246799999998e-01 0.0000000000000000e+00 0.0000000000000000e+00 0.0000000000000000e+00 00041
 3.4293861799999999e-02 0.0000000000000000e+00 0.0000000000000000e+00 0.0000000000000000e+00 00032
 2.7421903000000001e-02 0.0000000000000000e+00 0.0000000000000000e+00 0.0000000000000000e+00 00023
 3.8234677400000002e-03 0.0000000000000000e+00 0.0000000000000000e+00 0.0000000000000000e+00 00014
 1.4659581000000001e-03 0.0000000000000000e+00 0.0000000000000000e+00 0.0000000000000000e+00 00005
 -2.2197897499999999e+02 0.0000000000000000e+00 0.0000000000000000e+00 0.0000000000000000e+00 50001
 2.0814843300000002e+03 0.0000000000000000e+00 0.0000000000000000e+00 0.0000000000000000e+00 41001
 -4.3056093600000003e+02 0.0000000000000000e+00 0.0000000000000000e+00 0.0000000000000000e+00 32001
 -2.1805028799999999e+02 0.0000000000000000e+00 0.0000000000000000e+00 0.0000000000000000e+00 23001
 -5.5584450099999998e+01 0.0000000000000000e+00 0.0000000000000000e+00 0.0000000000000000e+00 14001
 -1.1364256800000000e+01 0.0000000000000000e+00 0.0000000000000000e+00 0.0000000000000000e+00 05001
 1.0843246300000000e+02 0.0000000000000000e+00 0.0000000000000000e+00 0.0000000000000000e+00 40101
 -9.3186493399999995e+02 0.0000000000000000e+00 0.0000000000000000e+00 0.0000000000000000e+00 31101
 -1.9297715800000000e+02 0.0000000000000000e+00 0.0000000000000000e+00 0.0000000000000000e+00 22101
 -2.8647338300000001e+01 0.0000000000000000e+00 0.0000000000000000e+00 0.0000000000000000e+00 13101
 -3.4101753399999999e+00 0.0000000000000000e+00 0.0000000000000000e+00 0.0000000000000000e+00 04101
 6.1327849800000003e+01 0.0000000000000000e+00 0.0000000000000000e+00 0.0000000000000000e+00 30201
 -4.3628918599999999e+01 0.0000000000000000e+00 0.0000000000000000e+00 0.0000000000000000e+00 21201
 -4.7152181900000002e+01 0.0000000000000000e+00 0.0000000000000000e+00 0.0000000000000000e+00 12201
 -1.4919883000000000e+01 0.0000000000000000e+00 0.0000000000000000e+00 0.0000000000000000e+00 03201
 5.8831090099999997e+01 0.0000000000000000e+00 0.0000000000000000e+00 0.0000000000000000e+00 20301
 -3.6337865000000001e+01 0.0000000000000000e+00 0.0000000000000000e+00 0.0000000000000000e+00 11301
 -8.0151232799999992e+00 0.0000000000000000e+00 0.0000000000000000e+00 0.0000000000000000e+00 02301
 -1.0494428700000000e+02 0.0000000000000000e+00 0.0000000000000000e+00 0.0000000000000000e+00 10401
 3.4771335299999997e+01 0.0000000000000000e+00 0.0000000000000000e+00 0.0000000000000000e+00 01401
 -1.2228812499999999e+02 0.0000000000000000e+00 0.0000000000000000e+00 0.0000000000000000e+00 00501
 -7.7545342300000002e+01 0.0000000000000000e+00 0.0000000000000000e+00 0.0000000000000000e+00 40011
 -6.4131444900000005e+01 0.0000000000000000e+00 0.0000000000000000e+00 0.0000000000000000e+00 31011
 -1.3985750500000000e+01 0.0000000000000000e+00 0.0000000000000000e+00 0.0000000000000000e+00 22011
 -2.3365408200000002e+00 0.0000000000000000e+00 0.0000000000000000e+00 0.0000000000000000e+00 13011
 -3.4059649100000000e-01 0.0000000000000000e+00 0.0000000000000000e+00 0.0000000000000000e+00 04011
 2.9339419400000001e+01 0.0000000000000000e+00 0.0000000000000000e+00 0.0000000000000000e+00 30111
 4.8114933100000002e+01 0.0000000000000000e+00 0.0000000000000000e+00 0.0000000000000000e+00 21111
 9.5017492400000005e+00 0.0000000000000000e+00 0.0000000000000000e+00 0.0000000000000000e+00 12111
 1.3883754100000001e+00 0.0000000000000000e+00 0.0000000000000000e+00 0.0000000000000000e+00 03111
 5.2479251499999997e+01 0.0000000000000000e+00 0.0000000000000000e+00 0.0000000000000000e+00 20211
 3.8005874199999998e+00 0.0000000000000000e+00 0.0000000000000000e+00 0.0000000000000000e+00 11211
 2.3455513600000000e-01 0.0000000000000000e+00 0.0000000000000000e+00 0.0000000000000000e+00 02211
 3.9580808500000003e+01 0.0000000000000000e+00 0.0000000000000000e+00 0.0000000000000000e+00 10311
 1.5256354200000001e+01 0.0000000000000000e+00 0.0000000000000000e+00 0.0000000000000000e+00 01311
 -7.2808032699999998e+00 0.0000000000000000e+00 0.0000000000000000e+00 0.0000000000000000e+00 00411
 -5.9749734599999999e+02 0.0000000000000000e+00 0.0000000000000000e+00 0.0000000000000000e+00 40002
 -1.0272174900000000e+02 0.0000000000000000e+00 0.0000000000000000e+00 0.0000000000000000e+00 31002
 -1.5368110700000001e+01 0.0000000000000000e+00 0.0000000000000000e+00 0.0000000000000000e+00 22002
 -2.1720831600000001e+00 0.0000000000000000e+00 0.0000000000000000e+00 0.0000000000000000e+00 13002
 -2.7460926400000002e-01 0.0000000000000000e+00 0.0000000000000000e+00 0.0000000000000000e+00 04002
 1.0683798299999999e+02 0.0000000000000000e+00 0.0000000000000000e+00 0.0000000000000000e+00 30102
 1.2376615800000000e+01 0.0000000000000000e+00 0.0000000000000000e+00 0.0000000000000000e+00 21102
 1.4653033000000000e+00 0.0000000000000000e+00 0.0000000000000000e+00 0.0000000000000000e+00 12102
 1.8539329299999999e-01 0.0000000000000000e+00 0.0000000000000000e+00 0.0000000000000000e+00 03102
 1.1888713100000000e+01 0.0000000000000000e+00 0.0000000000000000e+00 0.0000000000000000e+00 20202
 -2.5566998800000000e+00 0.0000000000000000e+00 0.0000000000000000e+00 0.0000000000000000e+00 11202
 -8.6380901700000001e-01 0.0000000000000000e+00 0.0000000000000000e+00 0.0000000000000000e+00 02202
 1.8804701399999999e+01 0.0000000000000000e+00 0.0000000000000000e+00 0.0000000000000000e+00 10302
 2.4966757999999998e+00 0.0000000000000000e+00 0.0000000000000000e+00 0.0000000000000000e+00 01302
 -3.9308849700000001e+00 0.0000000000000000e+00 0.0000000000000000e+00 0.0000000000000000e+00 00402
 1.2703465100000001e+01 0.0000000000000000e+00 0.0000000000000000e+00 0.0000000000000000e+00 30021
 7.9618751600000000e+00 0.0000000000000000e+00 0.0000000000000000e+00 0.0000000000000000e+00 21021
 1.6098250700000001e+00 0.0000000000000000e+00 0.0000000000000000e+00 0.0000000000000000e+00 12021
 2.5756567499999999e-01 0.0000000000000000e+00 0.0000000000000000e+00 0.0000000000000000e+00 03021
 5.9357450700000003e+00 0.0000000000000000e+00 0.0000000000000000e+00 0.0000000000000000e+00 20121
 6.7934845300000002e-01 0.0000000000000000e+00 0.0000000000000000e+00 0.0000000000000000e+00 11121
 7.5755015100000003e-02 0.0000000000000000e+00 0.0000000000000000e+00 0.0000000000000000e+00 02121
 7.3629458100000003e+00 0.0000000000000000e+00 0.0000000000000000e+00 0.0000000000000000e+00 10221
 2.3008013500000000e+00 0.0000000000000000e+00 0.0000000000000000e+00 0.0000000000000000e+00 01221
 -1.1838300700000000e-01 0.0000000000000000e+00 0.0000000000000000e+00 0.0000000000000000e+00 00321
 1.4425814500000000e+01 0.0000000000000000e+00 0.0000000000000000e+00 0.0000000000000000e+00 30012
 1.5265816299999999e+00 0.0000000000000000e+00 0.0000000000000000e+00 0.0000000000000000e+00 21012
 1.6302881699999999e-01 0.0000000000000000e+00 0.0000000000000000e+00 0.0000000000000000e+00 12012
 1.7168950900000000e-02 0.0000000000000000e+00 0.0000000000000000e+00 0.0000000000000000e+00 03012
 1.5074373400000001e+01 0.0000000000000000e+00 0.0000000000000000e+00 0.0000000000000000e+00 20112
 1.6070658300000000e+00 0.0000000000000000e+00 0.0000000000000000e+00 0.0000000000000000e+00 11112
 1.6646502299999999e-01 0.0000000000000000e+00 0.0000000000000000e+00 0.0000000000000000e+00 02112
 2.2880329700000002e+00 0.0000000000000000e+00 0.0000000000000000e+00 0.0000000000000000e+00 10212
 2.6541344900000002e-01 0.0000000000000000e+00 0.0000000000000000e+00 0.0000000000000000e+00 01212
 3.2668393000000000e+00 0.0000000000000000e+00 0.0000000000000000e+00 0.0000000000000000e+00 00312
 -1.4469480500000000e+00 0.0000000000000000e+00 0.0000000000000000e+00 0.0000000000000000e+00 30003
 -3.0155182100000000e-01 0.0000000000000000e+00 0.0000000000000000e+00 0.0000000000000000e+00 21003
 -9.7940595800000002e-02 0.0000000000000000e+00 0.0000000000000000e+00 0.0000000000000000e+00 12003
 -2.1887463300000000e-02 0.0000000000000000e+00 0.0000000000000000e+00 0.0000000000000000e+00 03003
 2.1373127700000000e-01 0.0000000000000000e+00 0.0000000000000000e+00 0.0000000000000000e+00 20103
 -4.2487175700000003e-03 0.0000000000000000e+00 0.0000000000000000e+00 0.0000000000000000e+00 11103
 -2.6398123599999999e-03 0.0000000000000000e+00 0.0000000000000000e+00 0.0000000000000000e+00 02103
 -3.9033618199999998e-01 0.0000000000000000e+00 0.0000000000000000e+00 0.0000000000000000e+00 10203
 -2.2056344900000000e-02 0.0000000000000000e+00 0.0000000000000000e+00 0.0000000000000000e+00 01203
 -2.5206106999999998e-02 0.0000000000000000e+00 0.0000000000000000e+00 0.0000000000000000e+00 00303
 8.3539572600000001e-01 0.0000000000000000e+00 0.0000000000000000e+00 0.0000000000000000e+00 20031
 1.0108242400000000e-01 0.0000000000000000e+00 0.0000000000000000e+00 0.0000000000000000e+00 11031
 1.1382651500000000e-02 0.0000000000000000e+00 0.0000000000000000e+00 0.0000000000000000e+00 02031
 9.6753924199999997e-01 0.0000000000000000e+00 0.0000000000000000e+00 0.0000000000000000e+00 10131
 2.8394057299999997e-01 0.0000000000000000e+00 0.0000000000000000e+00 0.0000000000000000e+00 01131
 7.0409468399999994e-02 0.0000000000000000e+00 0.0000000000000000e+00 0.0000000000000000e+00 00231
 1.9662115200000001e+00 0.0000000000000000e+00 0.0000000000000000e+00 0.0000000000000000e+00 20022
 2.1192966199999999e-01 0.0000000000000000e+00 0.0000000000000000e+00 0.0000000000000000e+00 11022
 2.2229702000000000e-02 0.0000000000000000e+00 0.0000000000000000e+00 0.0000000000000000e+00 02022
 1.9217672799999999e-01 0.0000000000000000e+00 0.0000000000000000e+00 0.0000000000000000e+00 10122
 2.0842935900000002e-02 0.0000000000000000e+00 0.0000000000000000e+00 0.0000000000000000e+00 01122
 4.0919772199999999e-01 0.0000000000000000e+00 0.0000000000000000e+00 0.0000000000000000e+00 00222
 1.1620879799999999e-02 0.0000000000000000e+00 0.0000000000000000e+00 0.0000000000000000e+00 20013
 -8.6175197900000000e-04 0.0000000000000000e+00 0.0000000000000000e+00 0.0000000000000000e+00 11013
 -3.6803400800000002e-04 0.0000000000000000e+00 0.0000000000000000e+00 0.0000000000000000e+00 02013
 -3.0559588299999999e-02 0.0000000000000000e+00 0.0000000000000000e+00 0.0000000000000000e+00 10113
 7.9282077300000002e-04 0.0000000000000000e+00 0.0000000000000000e+00 0.0000000000000000e+00 01113
 -1.0358131200000000e-03 0.0000000000000000e+00 0.0000000000000000e+00 0.0000000000000000e+00 00213
 -3.1766529600000003e-02 0.0000000000000000e+00 0.0000000000000000e+00 0.0000000000000000e+00 20004
 -8.6869289399999997e-03 0.0000000000000000e+00 0.0000000000000000e+00 0.0000000000000000e+00 11004
 -1.3033663300000000e-03 0.0000000000000000e+00 0.0000000000000000e+00 0.0000000000000000e+00 02004
 -4.8593005899999998e-03 0.0000000000000000e+00 0.0000000000000000e+00 0.0000000000000000e+00 10104
 -1.8132267699999999e-04 0.0000000000000000e+00 0.0000000000000000e+00 0.0000000000000000e+00 01104
 -2.2531301500000000e-02 0.0000000000000000e+00 0.0000000000000000e+00 0.0000000000000000e+00 00204
 1.0273608300000001e-01 0.0000000000000000e+00 0.0000000000000000e+00 0.0000000000000000e+00 10041
 3.1679181700000003e-02 0.0000000000000000e+00 0.0000000000000000e+00 0.0000000000000000e+00 01041
 1.7740698900000001e-02 0.0000000000000000e+00 0.0000000000000000e+00 0.0000000000000000e+00 00141
 1.2813031600000000e-02 0.0000000000000000e+00 0.0000000000000000e+00 0.0000000000000000e+00 10032
 1.3430987299999999e-03 0.0000000000000000e+00 0.0000000000000000e+00 0.0000000000000000e+00 01032
 4.4265491599999998e-02 0.0000000000000000e+00 0.0000000000000000e+00 0.0000000000000000e+00 00132
 -5.0074566800000003e-03 0.0000000000000000e+00 0.0000000000000000e+00 0.0000000000000000e+00 10023
 -3.6226490100000000e-05 0.0000000000000000e+00 0.0000000000000000e+00 0.0000000000000000e+00 01023
 -1.0084677400000000e-04 0.0000000000000000e+00 0.0000000000000000e+00 0.0000000000000000e+00 00123
 -2.5991156500000000e-04 0.0000000000000000e+00 0.0000000000000000e+00 0.0000000000000000e+00 10014
 -8.6598892899999998e-06 0.0000000000000000e+00 0.0000000000000000e+00 0.0000000000000000e+00 01014
 1.2643326200000000e-04 0.0000000000000000e+00 0.0000000000000000e+00 0.0000000000000000e+00 00114
 -3.7640531699999999e-04 0.0000000000000000e+00 0.0000000000000000e+00 0.0000000000000000e+00 10005
 -4.9526213000000003e-05 0.0000000000000000e+00 0.0000000000000000e+00 0.0000000000000000e+00 01005
 5.0543502499999998e-05 0.0000000000000000e+00 0.0000000000000000e+00 0.0000000000000000e+00 00105
 3.1877867700000001e-03 0.0000000000000000e+00 0.0000000000000000e+00 0.0000000000000000e+00 00051
 4.7427681699999998e-03 0.0000000000000000e+00 0.0000000000000000e+00 0.0000000000000000e+00 00042
 1.0854985800000000e-05 0.0000000000000000e+00 0.0000000000000000e+00 0.0000000000000000e+00 00033
 9.0835490000000001e-05 0.0000000000000000e+00 0.0000000000000000e+00 0.0000000000000000e+00 00024
 3.1187906300000002e-06 0.0000000000000000e+00 0.0000000000000000e+00 0.0000000000000000e+00 00015
 2.3269827100000001e-06 0.0000000000000000e+00 0.0000000000000000e+00 0.0000000000000000e+00 00006
 --------------------------------------------
