! Candidate angular fit; delta and xtar-dependent terms retained from frozen seed.
 --------------------------------------------
 1.0714197468758067e-03 7.8538961844313790e-05 5.5384331741416444e-04 0.0000000000000000e+00 00000
 3.2572164086770772e-01 1.6007418070188701e-02 -5.5921800080809712e-03 2.4527718100000001e-01 10000
 -2.9512945852737507e+00 -1.2897731481689503e-01 3.9061835608551004e-02 1.7923725400000001e-01 01000
 -3.7841085620207091e-03 -4.5622866506146526e-01 2.6919097124886832e-01 1.5762221900000001e-02 00100
 1.3815440804800691e-01 3.1701194395255837e-02 -2.2714082142575420e+00 -2.7748113599999999e-02 00010
 -3.0178709691049432e-01 -3.7473546180078914e-02 9.9127167051520759e-03 -3.1763193899999997e-01 20000
 2.1745913229739902e+00 2.1609380994950431e-01 -2.3085580656791137e-02 3.2294487900000002e+00 11000
 5.9096588054942130e+00 2.0595578351563396e-01 -1.1386676907130952e-01 9.9624983800000000e-01 02000
 5.7994234807053581e-03 1.4317159878428518e+00 -4.2593078194416945e-01 -6.9868989000000006e-02 10100
 9.0733302806854377e-02 8.1112104550598763e-01 2.2092388507171520e-01 -2.7273720299999998e-01 01100
 -1.1241345623861726e-02 -1.2029497851774647e-01 -2.3445430566353426e-02 -1.7795864400000000e-02 00200
 -2.2728836215415429e-01 -1.9542375623687338e+01 5.2923170780679145e+00 -1.7964206399999999e-01 10010
 9.4125536057932502e-01 -2.0718595824848219e+01 2.1542584040090862e+00 5.1434082800000001e+00 01010
 -5.1572146827152432e-01 -3.1423123117790268e-02 -7.4716573765257633e-03 4.5628469799999999e-01 00110
 -9.4100589732015583e-01 8.7424272891283616e-01 2.8322695901932109e+00 -6.4079203600000003e+00 00020
 1.6834082534037020e+00 1.0056965963270725e-01 -1.7258563075718467e-02 9.3683431900000003e-01 30000
 -3.6388926870534689e+01 -4.1223008212764473e-01 -2.8583968563439044e-01 -1.3540589900000001e+01 21000
 2.7654152704177591e+02 -5.2923443206157943e+00 4.6341026879616276e+00 5.1879764199999997e+01 12000
 -7.8591885335562824e+02 3.0412038647427806e+01 -1.4521673628302603e+01 -2.0498985000000001e+01 03000
 2.7114033176289785e+00 -4.7050223550012422e+00 1.6742783683346034e+00 -3.1254219399999998e-02 20100
 -3.0050316395268315e+01 5.1201243726538877e+01 -1.7321031785812224e+01 2.8400841199999999e-01 11100
 6.6587020413320118e+01 -1.2228577465237372e+02 4.3019945388800409e+01 3.9556433100000001e+00 02100
 9.1924981111477788e-01 3.6046018531798425e+00 -1.1462066145392815e+00 9.5431561099999995e-01 10200
 -8.5347943812954377e+00 -2.5794223704044324e+01 7.7038184820809148e+00 -7.0688381700000003e+00 01200
 7.2041585981885023e-02 -1.9834174638052526e+00 4.1087045903174877e+00 -3.5820566700000001e-01 00300
 -6.5763212381277665e+00 6.2382701890066940e+01 -2.1367612940997006e+01 -2.7448817499999998e+00 20010
 8.9234179470951872e+01 -6.9987708815613394e+02 2.2869616581912527e+02 1.0681983600000001e+01 11010
 -2.9173518882993477e+02 1.7662755118862735e+03 -5.7711385142193228e+02 -4.6776265000000002e+01 02010
 -2.9313587267819173e+01 -6.4323455995487350e+01 1.2041334372046427e+01 4.3468718099999998e-01 10110
 2.6142392109777961e+02 3.9874683813078178e+02 -9.7968374213065147e+01 2.5692412099999999e+01 01110
 -1.0204956588864597e+01 9.6509900984458938e+01 -6.7560680271154155e+01 -3.1559352000000001e+00 00210
 2.2453758530405278e+02 5.2772274777032777e+01 1.3317270498693038e+01 3.1907757499999999e+01 10020
 -2.1728142858407373e+03 -3.0166269418266873e+00 -2.0266778239922711e+01 -4.6789810199999999e+02 01020
 5.1182015268504692e+01 -1.3047368428762090e+03 8.7707331510506481e+02 3.4179037000000001e+01 00120
 8.4576263699387411e+01 5.8488552784439353e+03 -3.6511649899342974e+03 -7.1508536199999995e+01 00030
 -6.3029385925077195e+00 8.1370404864927670e-01 -3.6067477169395779e-01 -2.3027877499999998e+00 40000
 1.3027024795661254e+02 -2.9642645396570000e+01 1.0894035905620651e+01 5.8024830899999998e+01 31000
 -8.2803494405931281e+02 3.6833074287560663e+02 -1.1752973253750228e+02 -4.9156237399999998e+02 22000
 9.8298284839044470e+02 -1.9245396518626630e+03 5.3269281090668676e+02 1.7182972100000000e+03 13000
 4.4040852134269599e+03 3.6390194912252277e+03 -9.7307139478879026e+02 -1.9501040300000000e+03 04000
 -3.4381561213936600e+01 8.0530046441414935e+00 -3.0466565734279940e+00 -1.4621283800000000e+00 30100
 6.1668456944332593e+02 -8.1251628297282906e+01 4.3216269862202864e+01 4.7295753499999996e+01 21100
 -3.7856599084124055e+03 -5.1859497154369038e+01 -1.0272296849673964e+02 -4.3237295599999999e+02 12100
 8.4695329770768785e+03 1.4084916328281358e+03 -3.1345554481137498e+02 1.3233994800000000e+03 03100
 -7.1920629370466891e+00 -1.3694259944930657e+01 5.0865140664958526e+00 -1.0047251200000000e+00 20200
 2.4281848987833072e+01 1.0806082801052227e+02 -4.6310345243412137e+01 1.6743462399999999e+01 11200
 1.5659142817964644e+02 1.2087914849268846e+02 5.1013801065032913e+00 -6.7273158699999996e+01 02200
 -3.8167156587323120e+01 3.7718666155334424e-01 -1.1146988582265958e+01 4.9815545700000001e+00 10300
 3.0895058980549442e+02 -2.8809444259442167e+00 -7.5682448006829276e+01 -3.7436718100000000e+01 01300
 -9.1708433642380704e+00 2.7240606416123097e+01 1.7077876204411208e+01 3.8352631700000002e+00 00400
 1.7965405963849776e+02 -1.5005402167726089e+02 3.7000505400753759e+01 2.0406354700000001e+01 30010
 -2.5282690468136516e+03 2.0940322410240542e+03 -5.1609370401561841e+02 -5.2187064599999997e+02 21010
 1.1414687516811653e+04 -7.4609631178366517e+03 1.4250364026189304e+03 4.0218560800000000e+03 12010
 -2.1129752378088589e+04 2.8091193394105408e+03 2.2741295454103015e+03 -1.1081659400000000e+04 03010
 2.8376706492275709e+01 4.4938373153218771e+02 -8.6692993536318042e+01 -2.6109065900000001e+01 20110
 5.9447507329703092e+02 -3.8355006244514707e+03 3.0168168007038196e+02 3.4366059500000000e+02 11110
 -5.7425788854755701e+03 1.9197939832528135e+02 3.5763041647689861e+03 -9.7405222100000003e+02 02110
 3.8859146909037912e+02 -3.9132103685325501e+02 3.7355354007864918e+02 -3.6510193000000001e+01 10210
 -3.0201273774982051e+03 1.6259576942049503e+03 9.6094469542200372e+01 2.9243684000000002e+02 01210
 2.3700096804539444e+02 -4.3109897167548826e+02 -2.7425085938392662e+01 -8.4939199799999997e+01 00310
 -2.7822436960637059e+01 -2.2784969598285543e+03 5.1679127651509611e+02 4.0636932100000001e+02 20020
 -3.4129757455252388e+03 1.6069049108615633e+04 -4.0719727188097932e+03 -4.5869649099999997e+03 11020
 3.0873989508540784e+04 1.3089695409691019e+04 -9.2212269392908984e+03 9.3584628599999996e+03 02020
 -2.6320037816657341e+03 5.2740762147543128e+03 -5.3768615697694692e+01 6.0264629700000000e+01 10120
 1.3793196380491350e+04 -1.5643131290916794e+04 -1.9314721858536409e+03 -6.9720597099999998e+02 01120
 -2.8561142758537912e+03 4.7919758322883354e+01 -1.8632540268723524e+03 7.2697501299999999e+02 00220
 2.1069392882211041e+03 -2.7987165929273579e+04 1.7756776498242775e+02 5.3606629499999997e+02 10030
 1.8021143826961983e+04 9.1130539109863879e+04 3.1772892462204753e+04 -2.3364836399999999e+03 01030
 3.6397383716212780e+03 1.5864520869745415e+04 1.7125195880266136e+04 -1.6674671400000000e+03 00130
 3.8728941394059519e+04 -5.9723302937052322e+04 -5.1234502893211851e+04 3.9121164899999999e+03 00040
 4.6874681735847412e+00 -5.9567249758330139e+00 1.9996427247048569e+00 4.9678190300000002e+00 50000
 2.2962224677694570e+02 1.8155243030264387e+02 -5.9900836736925712e+01 -2.1463550799999999e+02 41000
 -8.6236632677924426e+03 -2.2350512920993406e+03 7.7006202681932973e+02 3.4385126599999999e+03 32000
 9.9132222832489322e+04 1.3354119174655387e+04 -5.0961243078607440e+03 -2.7888407800000001e+04 23000
 -4.9829890607762395e+05 -3.8419137242251454e+04 1.7323380845640830e+04 1.1885052899999999e+05 14000
 9.6329195080509293e+05 3.8703216876267143e+04 -2.3980251043314849e+04 -2.0979779999999999e+05 05000
 1.1007843864316874e+02 -9.9876393650126403e+00 -5.8896258430298465e+00 3.0790796100000000e+00 40100
 -1.9734410088936550e+03 1.2891379152091085e+02 1.3962471950922824e+02 -7.1757031799999993e+01 31100
 7.5444217600279708e+03 6.1914305989534637e+02 -1.5154121366970048e+03 1.7523077900000001e+02 22100
 2.8861651860287675e+04 -1.0135022317867099e+04 6.8859063376296426e+03 3.6607079199999998e+03 13100
 -1.5249582977452670e+05 2.6005401947926508e+04 -1.0566383554738641e+04 -1.8679771700000001e+04 04100
 -1.6429647415208336e+01 1.1295804056045281e+01 -1.6838002576679207e+00 -9.8292970799999999e+00 30200
 1.0241056514810334e+03 -3.8957718927272865e+01 9.6109475975914435e+01 2.2322339500000001e+02 21200
 -1.0670921101308446e+04 -1.9410504389951288e+03 -9.1537483257975714e+02 -1.9345593400000000e+03 12200
 3.3946830959990395e+04 8.2271738201159242e+03 3.9702732153603306e+03 6.2959604900000004e+03 03200
 2.4626596602893065e+02 -1.6324657934715034e+01 1.1390629741909498e+01 7.5324127100000000e+00 20300
 -2.6308671981417428e+03 3.1248007339029539e+02 -1.3094051223564782e+02 -1.7311873199999999e+02 11300
 2.4712285995031216e+03 -6.2882628116242849e+01 2.6186440914571331e+03 1.0774482200000000e+03 02300
 1.6183770539462969e+02 -1.0867541314929220e+01 -4.8350332135789216e+01 -1.1124031400000001e+00 10400
 -4.8197804161486397e+02 -1.2293171470167556e+03 -1.0981959403736523e+02 -1.0768688200000000e+02 01400
 5.9864181983718495e+01 2.7078010845597781e+01 -9.5652843336027701e+01 -1.3675491200000001e+00 00500
 -1.4516232862469305e+03 2.1165023711784605e+02 5.5938387377568809e+01 -4.8581986499999999e+01 40010
 2.9083805103712028e+04 -2.2501807461015483e+03 -2.0326037367938277e+03 1.9529719100000000e+03 31010
 -1.8477227252832794e+05 -1.7273641130336924e+04 3.0238744103158002e+04 -2.0776508900000001e+04 22010
 3.0654763307082572e+05 2.5778238664275807e+05 -1.8645985122463354e+05 7.9440774900000004e+04 13010
 4.4198820871416235e+05 -7.3725588859133469e+05 3.9003762035606202e+05 -7.1841567599999995e+04 04010
 1.2670114929188289e+03 -1.5912113364770116e+03 2.1566819331625487e+02 6.3779292800000000e+01 30110
 -3.6925482490711671e+04 2.4717754317514347e+04 -4.4345210552717326e+03 -1.7658266000000001e+03 21110
 3.1504633407596580e+05 -9.0473192828831307e+04 3.4240662312647881e+04 1.1961652899999999e+04 12110
 -8.8163981882365292e+05 8.7394408750749513e+04 -1.1296547432483701e+05 -3.6062570899999999e+04 03110
 -2.1055926360057924e+03 1.5943438307931140e+03 7.9557891418851227e+02 -8.6987571199999998e+00 20210
 1.4853413410000008e+04 -3.3232303938208177e+04 -1.6330573373546293e+04 1.6077307200000000e+03 11210
 8.9656964357975026e+04 9.3389416272877977e+04 8.9544160984022528e+03 -1.1675984399999999e+04 02210
 -2.8103833413743027e+03 2.5636122003050473e+03 -1.8092236440805223e+02 1.6598224700000000e+02 10310
 -5.7205106714490121e+03 2.4804871668628948e+04 2.9318717842545479e+03 9.4686973100000000e+02 01310
 -1.1247310579681318e+03 3.6514490475548810e+03 3.6493544264965244e+03 1.6439557600000001e+02 00410
 -1.2735091153685880e+04 1.2972018812328701e+04 -1.2311112160466912e+03 -2.4076491099999998e+03 30020
 3.1075880470983160e+05 -1.9016965449301471e+05 1.1650575167414327e+04 5.5520991600000001e+04 21020
 -2.4751521266343836e+06 6.2361583154694561e+05 -8.3270188072805700e+04 -4.1814969699999999e+05 12020
 6.8025979251624728e+06 -6.1794441975982825e+05 3.4556242677098996e+05 1.1185970900000001e+06 03020
 6.5550273722608972e+03 -1.8295828535136210e+04 -1.4719264131575677e+04 3.3250162999999998e+02 20120
 -6.2716399837640187e+04 3.1273151102577162e+05 2.6779406536438194e+05 -1.4254245100000000e+04 11120
 -5.9292194918928947e+05 -8.4749464391407883e+05 -7.0701041336488258e+05 5.2657758800000003e+04 02120
 -2.4788422801630290e+02 -4.0784027022174647e+04 2.6704559972880692e+04 -3.9989584300000001e+03 10220
 2.9192213516009162e+05 -1.4477594004413480e+05 -7.3922835547390743e+04 2.5102144300000000e+04 01220
 1.8533651332100108e+04 -2.2499544279638962e+04 -9.1148480705400376e+04 9.0266857599999994e+01 00320
 -5.6479769190667852e+04 4.9859588635935863e+04 1.0447645873762343e+05 -9.3089900000000000e+02 20030
 4.4555910860106460e+05 -9.4060551512313157e+05 -7.4344080370214779e+05 3.9788767800000001e+04 11030
 1.7711195828680040e+06 3.5023101201257133e+06 2.2372352720849356e+06 -1.1875274700000000e+05 02030
 6.4840355219510508e+04 2.8212820703860751e+05 -2.1397372831182979e+05 2.9493169800000000e+04 10130
 -2.0781683438402070e+06 5.9765134992399064e+04 5.2932904019682424e+05 -2.5987719800000000e+05 01130
 -2.7752363004564110e+05 -2.8057372090347594e+05 1.1071847065422528e+06 1.1004152400000000e+03 00230
 -1.3656356128534264e+05 -7.2690916075354174e+05 3.2167902078101062e+05 -1.3196676600000001e+04 10040
 4.3765459912055582e+06 -2.4760899021554782e+05 -8.1630184623794467e+05 3.0309427799999999e+05 01040
 1.9292694033899698e+06 2.4076077933169669e+06 -6.4189673784658685e+06 -1.7333469400000002e+04 00140
 -4.8569980772676906e+06 -5.3274135176468063e+06 1.5827975349286700e+07 3.0963153100000000e+04 00050
 8.5211497135067731e+00 1.1980416815168352e+01 -1.5109564874150443e+00 0.0000000000000000e+00 60000
 -9.1892023341257527e+02 -3.7970043127549036e+02 2.1011406588451763e+01 0.0000000000000000e+00 51000
 2.0820456458456967e+04 4.8325603505403406e+03 2.1015472266509448e+02 0.0000000000000000e+00 42000
 -1.7380433420901973e+05 -2.6533372236360508e+04 -7.7403823974653606e+03 0.0000000000000000e+00 33000
 3.5264753773821564e+05 1.9074341805424345e+04 8.1515502612644865e+04 0.0000000000000000e+00 24000
 2.2591402626379565e+06 3.3340123796347069e+05 -3.8652891287700488e+05 0.0000000000000000e+00 15000
 -9.1207937830214500e+06 -8.5018659271508153e+05 7.1665971399146644e+05 0.0000000000000000e+00 06000
 -9.5566866198432493e+01 2.9423026228649376e+00 2.2595043794722436e+01 0.0000000000000000e+00 50100
 1.6697465128606771e+03 -3.4270719852742263e+02 -6.5300287000301216e+02 0.0000000000000000e+00 41100
 -7.9478829245524075e+03 7.2161900104405777e+03 9.1583925037463869e+03 0.0000000000000000e+00 32100
 6.0895353565125835e+04 -7.9650257482176923e+04 -7.5629957734851399e+04 0.0000000000000000e+00 23100
 -7.0451069029429019e+05 4.4464425298281503e+05 3.3013970562954567e+05 0.0000000000000000e+00 14100
 2.0177015793074016e+06 -9.1693640155545226e+05 -5.1779087292818894e+05 0.0000000000000000e+00 05100
 2.0538194334582862e+01 -1.7454341890585553e+01 -3.2786112420098945e+01 0.0000000000000000e+00 40200
 -7.0205113411650905e+02 9.1057848598156625e+02 7.7324115483500350e+02 0.0000000000000000e+00 31200
 2.0201774499432238e+03 -1.4467608678111563e+04 -9.9473486140509740e+03 0.0000000000000000e+00 22200
 4.8773086280107207e+04 1.1103299880482457e+05 6.6487461630134203e+04 0.0000000000000000e+00 13200
 -3.2469250292578997e+05 -3.1295803093418275e+05 -1.7711531099955921e+05 0.0000000000000000e+00 04200
 -3.8765287213652039e+02 9.3061239449148374e+01 2.3771465619628017e+01 0.0000000000000000e+00 30300
 4.4758699786428224e+03 -1.1823321586226723e+03 -8.8497216810532871e+02 0.0000000000000000e+00 21300
 -3.4224710317118061e+03 3.3656100721435641e+03 1.1130106060802204e+04 0.0000000000000000e+00 12300
 3.4106483844777413e+03 -2.9317393905925164e+04 -6.1147094448320357e+04 0.0000000000000000e+00 03300
 -3.3255448280210015e+02 -7.5663614390469888e+01 4.8387800710994796e+01 0.0000000000000000e+00 20400
 8.3885184109781380e+02 1.9454764912321980e+03 5.2302838396771688e+02 0.0000000000000000e+00 11400
 5.1118080295983045e+03 8.8003739140777288e+03 -7.2956337960905626e+02 0.0000000000000000e+00 02400
 -1.8906045958649610e+01 -1.6498695061173007e+02 2.4109450121879036e+02 0.0000000000000000e+00 10500
 -1.1699361137405494e+03 6.1983323791652367e+02 7.3796559241022101e+02 0.0000000000000000e+00 01500
 -2.2834550434867523e+02 -2.1532084740158624e+02 -2.0908626491499251e+02 0.0000000000000000e+00 00600
 2.9493010141472278e+03 -4.5032518872640537e+01 -9.7700565429306145e+00 0.0000000000000000e+00 50010
 -6.5233104953721027e+04 -3.0650082002667305e+03 -2.1985078893821465e+03 0.0000000000000000e+00 41010
 3.8868612280514976e+05 9.2264821435494159e+04 6.7690982306118312e+04 0.0000000000000000e+00 32010
 -6.0078114577616980e+04 -5.5769977858268190e+05 -7.3454417545883812e+05 0.0000000000000000e+00 23010
 -3.4087726705242903e+06 -2.3145696340639444e+05 3.3321386698114555e+06 0.0000000000000000e+00 14010
 3.5490728278821562e+06 5.6922750622526882e+06 -5.7997218812728673e+06 0.0000000000000000e+00 05010
 -4.1433645055004608e+03 3.2902361563941249e+03 -4.1973921058706787e+02 0.0000000000000000e+00 40110
 1.2061267464312409e+05 -7.3056752565185874e+04 1.1905894177355858e+04 0.0000000000000000e+00 31110
 -1.0110014914013379e+06 5.7297573333656485e+05 -8.9694410233786039e+04 0.0000000000000000e+00 22110
 2.2452301115749395e+06 -2.2400440028678058e+06 3.4533471616296365e+05 0.0000000000000000e+00 13110
 3.9330014495691336e+06 4.9112501495197061e+06 -7.6385791594700178e+05 0.0000000000000000e+00 04110
 7.7397229790612564e+03 -4.4131854371646477e+03 -3.4451098749949770e+03 0.0000000000000000e+00 30210
 -1.4030628523075621e+05 8.7438078220112118e+04 5.9646530618515055e+04 0.0000000000000000e+00 21210
 8.4815244549647986e+05 -1.5132159135921390e+05 -2.7252081746989529e+05 0.0000000000000000e+00 12210
 -3.4567325462413998e+06 -1.8881203495140446e+05 1.0580184077080239e+06 0.0000000000000000e+00 03210
 2.4944455298315743e+03 -8.0716719722618009e+01 4.2837671303289289e+03 0.0000000000000000e+00 20310
 3.2533172763969163e+04 -9.0850393810485562e+04 -8.9292944169645547e+04 0.0000000000000000e+00 11310
 -9.3987429109350880e+04 -1.6712697006456388e+05 2.5658145871993419e+05 0.0000000000000000e+00 02310
 2.4840111884249345e+03 -6.9569809365640349e+03 -1.3251336680830762e+04 0.0000000000000000e+00 10410
 -5.6192459780359459e+03 -1.7987412900659758e+04 -5.1828810949464942e+03 0.0000000000000000e+00 01410
 1.5067456719420377e+04 4.7760358560167660e+03 9.2690531466056673e+03 0.0000000000000000e+00 00510
 2.6451378048966657e+04 -3.9531541392937572e+04 2.8446363058548684e+02 0.0000000000000000e+00 40020
 -6.8384390579908248e+05 8.4102306108573591e+05 2.5686876648164365e+04 0.0000000000000000e+00 31020
 4.4497464214477604e+06 -6.1950179418838881e+06 -8.5441319829634111e+05 0.0000000000000000e+00 22020
 1.1920400806847699e+06 1.8772423937133294e+07 6.1927401061663302e+06 0.0000000000000000e+00 13020
 -6.2070875543689914e+07 -2.7684242149173863e+07 -1.3565041871445840e+07 0.0000000000000000e+00 04020
 -1.7966455687290098e+04 5.7616929626610930e+04 6.3073950467336552e+04 0.0000000000000000e+00 30120
 9.9480803311105387e+05 -1.3698868737388607e+06 -1.2102173921739918e+06 0.0000000000000000e+00 21120
 -1.0243620677827306e+07 2.1833486553325113e+06 3.8200571258454239e+06 0.0000000000000000e+00 12120
 4.3201838053635016e+07 9.9097618576751612e+06 -4.8121551558509935e+06 0.0000000000000000e+00 03120
 1.9257945929349360e+04 7.4596660093762068e+04 -1.0272152869257622e+05 0.0000000000000000e+00 20220
 -6.3960119455756154e+05 1.2465995857960456e+06 9.7154959413544193e+05 0.0000000000000000e+00 11220
 -1.4492886151449620e+06 3.6277906703940469e+04 -1.0358712021110713e+06 0.0000000000000000e+00 02220
 3.2062389758457120e+04 1.4693975617533593e+05 3.3403134016989911e+05 0.0000000000000000e+00 10320
 5.6400822876330030e+03 -2.2561630435681524e+05 -2.8438794205297006e+05 0.0000000000000000e+00 01320
 -2.3700865689276837e+05 2.6422479944782172e+03 -1.0298229100614374e+05 0.0000000000000000e+00 00420
 6.6525772037808740e+04 4.1198035391577338e+04 -3.4031772168761812e+05 0.0000000000000000e+00 30030
 -6.0226134360810723e+06 -4.2689976454636728e+05 8.1221541656588065e+06 0.0000000000000000e+00 21030
 5.7190553933152452e+07 3.4802839379116818e+07 -2.6274043509241793e+07 0.0000000000000000e+00 12030
 -1.5845059397132510e+08 -1.4697364404570979e+08 1.9787921445740000e+06 0.0000000000000000e+00 03030
 -4.8047164689307037e+05 -1.1028231211219346e+06 1.0884372270087071e+06 0.0000000000000000e+00 20130
 5.2722803786429940e+06 -1.4341890917435910e+06 -4.1715784702299759e+06 0.0000000000000000e+00 11130
 2.7392447130867977e+07 -7.6636397640923178e+06 -1.3279659560071748e+07 0.0000000000000000e+00 02130
 -2.9786858900861032e+04 1.6916324238536030e+06 -3.7043942372303829e+06 0.0000000000000000e+00 10230
 -3.3429191107050846e+06 3.0408481777510457e+06 2.1623382363297534e+06 0.0000000000000000e+00 01230
 1.4581290486346672e+06 -2.0957651390642438e+06 -3.5408909176413860e+05 0.0000000000000000e+00 00330
 1.0884944958158799e+06 6.4462564585350053e+06 -5.0502737983547067e+06 0.0000000000000000e+00 20040
 -5.5556648391197063e+06 -5.2929810805805050e+07 2.1401729550837129e+07 0.0000000000000000e+00 11040
 -1.4423541229810137e+08 1.8045502594008589e+08 1.5071129677796356e+07 0.0000000000000000e+00 02040
 -1.0943193585059179e+07 -3.3121020069128711e+07 1.4492494808110157e+07 0.0000000000000000e+00 10140
 8.9261479289510474e+07 1.3305959102044182e+07 2.5421830224272832e+07 0.0000000000000000e+00 01140
 -8.6623056284730267e+06 3.4094038565461747e+07 1.2970053353542220e+07 0.0000000000000000e+00 00240
 5.9527930049368918e+07 1.2010676187937960e+08 -2.1005385845907340e+06 0.0000000000000000e+00 10050
 -4.1863824359179717e+08 -1.4086806425360626e+08 -2.1195154694394067e+08 0.0000000000000000e+00 01050
 7.2828257543476984e+07 -1.8714378402271226e+08 -8.4861880191731036e+07 0.0000000000000000e+00 00150
 -2.3937159770009851e+08 3.0376577195132381e+08 1.8866448226615629e+08 0.0000000000000000e+00 00060
 1.1258424199999999e+00 0.0000000000000000e+00 0.0000000000000000e+00 7.6817769999999996e-01 00001
 -3.3092960599999999e+00 0.0000000000000000e+00 0.0000000000000000e+00 -1.2482495400000000e+00 10001
 9.5582156000000005e+00 0.0000000000000000e+00 0.0000000000000000e+00 7.1898036500000000e+00 01001
 -1.2807550800000000e+01 0.0000000000000000e+00 0.0000000000000000e+00 -1.7948002400000000e+00 00002
 3.1328287000000000e+01 0.0000000000000000e+00 0.0000000000000000e+00 4.3097902599999998e+00 20001
 -3.6635859399999998e+02 0.0000000000000000e+00 0.0000000000000000e+00 -4.7514103499999997e+01 11001
 1.2812726399999999e+03 0.0000000000000000e+00 0.0000000000000000e+00 1.2740499699999999e+02 02001
 8.4649294600000005e+00 0.0000000000000000e+00 0.0000000000000000e+00 1.5213236200000000e+00 00201
 -2.1218133200000000e+02 0.0000000000000000e+00 0.0000000000000000e+00 -4.4842024199999997e+01 00111
 8.6216804499999995e+01 0.0000000000000000e+00 0.0000000000000000e+00 1.3903586900000001e+01 10002
 -2.0237557699999999e+02 0.0000000000000000e+00 0.0000000000000000e+00 -7.5177002500000000e+01 01002
 1.2924057499999999e+03 0.0000000000000000e+00 0.0000000000000000e+00 3.3294530099999997e+02 00021
 1.5246574300000000e+02 4.1239841799999999e+02 -1.1855168000000000e+02 0.0000000000000000e+00 00012
 5.6814234300000003e+01 0.0000000000000000e+00 0.0000000000000000e+00 1.5595186500000001e+01 00003
 -1.1109064100000001e+02 0.0000000000000000e+00 0.0000000000000000e+00 -1.5717735800000000e+01 30001
 1.3012309000000000e+03 0.0000000000000000e+00 0.0000000000000000e+00 2.4992499500000000e+02 21001
 -3.3776413699999998e+03 0.0000000000000000e+00 0.0000000000000000e+00 -1.2056100300000001e+03 12001
 -1.0805725299999999e+03 0.0000000000000000e+00 0.0000000000000000e+00 1.6507063800000001e+03 03001
 -2.0675836699999999e+02 0.0000000000000000e+00 0.0000000000000000e+00 -8.6394541199999999e+00 10201
 1.2861228000000001e+03 0.0000000000000000e+00 0.0000000000000000e+00 5.1734533999999996e+01 01201
 4.5738898999999998e+02 0.0000000000000000e+00 0.0000000000000000e+00 2.4632876999999999e+02 10111
 3.1552100700000000e+02 0.0000000000000000e+00 0.0000000000000000e+00 -1.4688802499999999e+03 01111
 -2.8637608399999999e+00 0.0000000000000000e+00 0.0000000000000000e+00 -7.7696205800000001e+01 20002
 -2.8453250400000002e+02 0.0000000000000000e+00 0.0000000000000000e+00 8.0826721799999996e+02 11002
 -5.4968678599999997e+01 0.0000000000000000e+00 0.0000000000000000e+00 -1.8872739300000001e+03 02002
 -8.9490322900000001e+02 0.0000000000000000e+00 0.0000000000000000e+00 -1.3172162699999999e+01 00202
 -5.8186814800000001e+01 0.0000000000000000e+00 0.0000000000000000e+00 -1.7587238100000000e+03 10021
 2.8100110300000001e+01 0.0000000000000000e+00 0.0000000000000000e+00 1.0443614200000000e+04 01021
 2.4986902400000002e+01 0.0000000000000000e+00 0.0000000000000000e+00 3.7717688900000002e+02 00112
 -4.7104892700000001e+00 0.0000000000000000e+00 0.0000000000000000e+00 -1.7433297400000001e+02 10003
 -9.4935661400000004e-01 0.0000000000000000e+00 0.0000000000000000e+00 8.9351807699999995e+02 01003
 5.9109615599999996e+00 0.0000000000000000e+00 0.0000000000000000e+00 -2.7085707800000000e+03 00022
 1.0590745000000000e-01 0.0000000000000000e+00 0.0000000000000000e+00 -1.4915634900000001e+02 00004
 7.4420433400000000e-02 0.0000000000000000e+00 0.0000000000000000e+00 0.0000000000000000e+00 00101
 -9.3204445700000005e-01 0.0000000000000000e+00 0.0000000000000000e+00 0.0000000000000000e+00 00011
 2.8452158100000000e+00 0.0000000000000000e+00 0.0000000000000000e+00 0.0000000000000000e+00 10101
 -2.5439373000000000e+01 0.0000000000000000e+00 0.0000000000000000e+00 0.0000000000000000e+00 01101
 1.3705155500000000e+01 0.0000000000000000e+00 0.0000000000000000e+00 0.0000000000000000e+00 10011
 -7.2542508699999999e+01 0.0000000000000000e+00 0.0000000000000000e+00 0.0000000000000000e+00 01011
 1.1188551900000000e+01 0.0000000000000000e+00 0.0000000000000000e+00 0.0000000000000000e+00 00102
 -2.9857603999999998e+01 0.0000000000000000e+00 0.0000000000000000e+00 0.0000000000000000e+00 20101
 2.5760759400000001e+02 0.0000000000000000e+00 0.0000000000000000e+00 0.0000000000000000e+00 11101
 2.2280062200000000e+02 0.0000000000000000e+00 0.0000000000000000e+00 0.0000000000000000e+00 02101
 -5.7470399800000003e+00 0.0000000000000000e+00 0.0000000000000000e+00 0.0000000000000000e+00 00301
 -5.8377417100000002e+01 0.0000000000000000e+00 0.0000000000000000e+00 0.0000000000000000e+00 20011
 -7.5798640700000007e+01 0.0000000000000000e+00 0.0000000000000000e+00 0.0000000000000000e+00 11011
 -2.0030666900000000e+01 0.0000000000000000e+00 0.0000000000000000e+00 0.0000000000000000e+00 02011
 8.1569985000000003e+01 0.0000000000000000e+00 0.0000000000000000e+00 0.0000000000000000e+00 00211
 3.9907235700000001e+01 0.0000000000000000e+00 0.0000000000000000e+00 0.0000000000000000e+00 10102
 2.6133789799999999e+01 0.0000000000000000e+00 0.0000000000000000e+00 0.0000000000000000e+00 01102
 1.1102801200000000e+01 0.0000000000000000e+00 0.0000000000000000e+00 0.0000000000000000e+00 00121
 1.5806418400000000e+01 0.0000000000000000e+00 0.0000000000000000e+00 0.0000000000000000e+00 10012
 2.5233279000000000e+00 0.0000000000000000e+00 0.0000000000000000e+00 0.0000000000000000e+00 01012
 1.4961163900000001e+00 0.0000000000000000e+00 0.0000000000000000e+00 0.0000000000000000e+00 00103
 2.9442717200000001e+00 0.0000000000000000e+00 0.0000000000000000e+00 0.0000000000000000e+00 00031
 1.9644430600000001e-01 0.0000000000000000e+00 0.0000000000000000e+00 0.0000000000000000e+00 00013
 1.6957368000000000e+02 0.0000000000000000e+00 0.0000000000000000e+00 0.0000000000000000e+00 40001
 -1.1884030900000000e+03 0.0000000000000000e+00 0.0000000000000000e+00 0.0000000000000000e+00 31001
 -2.5640085899999999e+03 0.0000000000000000e+00 0.0000000000000000e+00 0.0000000000000000e+00 22001
 -7.9612626599999999e+02 0.0000000000000000e+00 0.0000000000000000e+00 0.0000000000000000e+00 13001
 -1.7013585599999999e+02 0.0000000000000000e+00 0.0000000000000000e+00 0.0000000000000000e+00 04001
 2.5273732400000000e+01 0.0000000000000000e+00 0.0000000000000000e+00 0.0000000000000000e+00 30101
 -3.0211779799999999e+02 0.0000000000000000e+00 0.0000000000000000e+00 0.0000000000000000e+00 21101
 1.0508874799999999e+01 0.0000000000000000e+00 0.0000000000000000e+00 0.0000000000000000e+00 12101
 1.7954560900000001e+01 0.0000000000000000e+00 0.0000000000000000e+00 0.0000000000000000e+00 03101
 3.9304286900000000e+02 0.0000000000000000e+00 0.0000000000000000e+00 0.0000000000000000e+00 20201
 -2.6547935800000000e+03 0.0000000000000000e+00 0.0000000000000000e+00 0.0000000000000000e+00 11201
 -6.7520795899999996e+02 0.0000000000000000e+00 0.0000000000000000e+00 0.0000000000000000e+00 02201
 3.1537455800000000e+01 0.0000000000000000e+00 0.0000000000000000e+00 0.0000000000000000e+00 10301
 -6.6287274900000000e+01 0.0000000000000000e+00 0.0000000000000000e+00 0.0000000000000000e+00 01301
 1.1048366800000000e+01 0.0000000000000000e+00 0.0000000000000000e+00 0.0000000000000000e+00 00401
 5.3995273300000001e+01 0.0000000000000000e+00 0.0000000000000000e+00 0.0000000000000000e+00 30011
 1.9851422299999999e+01 0.0000000000000000e+00 0.0000000000000000e+00 0.0000000000000000e+00 21011
 6.9951277899999997e+00 0.0000000000000000e+00 0.0000000000000000e+00 0.0000000000000000e+00 12011
 2.0305896899999998e+00 0.0000000000000000e+00 0.0000000000000000e+00 0.0000000000000000e+00 03011
 -4.1475572199999999e+02 0.0000000000000000e+00 0.0000000000000000e+00 0.0000000000000000e+00 20111
 -2.4292429500000000e+02 0.0000000000000000e+00 0.0000000000000000e+00 0.0000000000000000e+00 11111
 -5.3283176900000001e+01 0.0000000000000000e+00 0.0000000000000000e+00 0.0000000000000000e+00 02111
 1.4085442600000000e+01 0.0000000000000000e+00 0.0000000000000000e+00 0.0000000000000000e+00 10211
 -7.1897002499999996e+00 0.0000000000000000e+00 0.0000000000000000e+00 0.0000000000000000e+00 01211
 4.6617528200000002e+01 0.0000000000000000e+00 0.0000000000000000e+00 0.0000000000000000e+00 00311
 3.2702350999999999e+02 0.0000000000000000e+00 0.0000000000000000e+00 0.0000000000000000e+00 30002
 -4.6760376399999998e+01 0.0000000000000000e+00 0.0000000000000000e+00 0.0000000000000000e+00 21002
 -1.3113077600000000e+01 0.0000000000000000e+00 0.0000000000000000e+00 0.0000000000000000e+00 12002
 -2.1460877500000000e+00 0.0000000000000000e+00 0.0000000000000000e+00 0.0000000000000000e+00 03002
 -4.0516263400000003e+02 0.0000000000000000e+00 0.0000000000000000e+00 0.0000000000000000e+00 20102
 -3.7832739400000001e+01 0.0000000000000000e+00 0.0000000000000000e+00 0.0000000000000000e+00 11102
 -3.2861643300000001e+00 0.0000000000000000e+00 0.0000000000000000e+00 0.0000000000000000e+00 02102
 -7.9775662299999999e+02 0.0000000000000000e+00 0.0000000000000000e+00 0.0000000000000000e+00 10202
 -1.0025346300000000e+02 0.0000000000000000e+00 0.0000000000000000e+00 0.0000000000000000e+00 01202
 -5.8149400000000000e+01 0.0000000000000000e+00 0.0000000000000000e+00 0.0000000000000000e+00 00302
 -4.9721882500000000e+01 0.0000000000000000e+00 0.0000000000000000e+00 0.0000000000000000e+00 20021
 -2.3494000000000000e+01 0.0000000000000000e+00 0.0000000000000000e+00 0.0000000000000000e+00 11021
 -4.6306529500000000e+00 0.0000000000000000e+00 0.0000000000000000e+00 0.0000000000000000e+00 02021
 -7.0125265800000003e+00 0.0000000000000000e+00 0.0000000000000000e+00 0.0000000000000000e+00 10121
 -1.6612841400000000e+00 0.0000000000000000e+00 0.0000000000000000e+00 0.0000000000000000e+00 01121
 8.9976115900000000e+00 0.0000000000000000e+00 0.0000000000000000e+00 0.0000000000000000e+00 00221
 -2.6915856399999999e+01 0.0000000000000000e+00 0.0000000000000000e+00 0.0000000000000000e+00 20012
 -2.9374057699999998e+00 0.0000000000000000e+00 0.0000000000000000e+00 0.0000000000000000e+00 11012
 -2.8169995599999997e-01 0.0000000000000000e+00 0.0000000000000000e+00 0.0000000000000000e+00 02012
 -4.4261380600000003e+01 0.0000000000000000e+00 0.0000000000000000e+00 0.0000000000000000e+00 10112
 -5.1887392600000002e+00 0.0000000000000000e+00 0.0000000000000000e+00 0.0000000000000000e+00 01112
 -2.3091301500000001e+00 0.0000000000000000e+00 0.0000000000000000e+00 0.0000000000000000e+00 00212
 1.2974281100000001e+01 0.0000000000000000e+00 0.0000000000000000e+00 0.0000000000000000e+00 20003
 1.2986379400000001e+00 0.0000000000000000e+00 0.0000000000000000e+00 0.0000000000000000e+00 11003
 1.7931982099999999e-01 0.0000000000000000e+00 0.0000000000000000e+00 0.0000000000000000e+00 02003
 3.5963604300000002e-01 0.0000000000000000e+00 0.0000000000000000e+00 0.0000000000000000e+00 10103
 -6.8600012500000002e-02 0.0000000000000000e+00 0.0000000000000000e+00 0.0000000000000000e+00 01103
 4.7989772600000002e-01 0.0000000000000000e+00 0.0000000000000000e+00 0.0000000000000000e+00 00203
 -1.5183764099999999e+00 0.0000000000000000e+00 0.0000000000000000e+00 0.0000000000000000e+00 10031
 -2.5950537600000001e-01 0.0000000000000000e+00 0.0000000000000000e+00 0.0000000000000000e+00 01031
 1.2137887100000000e+00 0.0000000000000000e+00 0.0000000000000000e+00 0.0000000000000000e+00 00131
 -3.8339448699999998e+00 0.0000000000000000e+00 0.0000000000000000e+00 0.0000000000000000e+00 10022
 -4.4880310099999998e-01 0.0000000000000000e+00 0.0000000000000000e+00 0.0000000000000000e+00 01022
 4.3274224600000001e-02 0.0000000000000000e+00 0.0000000000000000e+00 0.0000000000000000e+00 00122
 4.3379578000000002e-02 0.0000000000000000e+00 0.0000000000000000e+00 0.0000000000000000e+00 10013
 3.8101713399999999e-04 0.0000000000000000e+00 0.0000000000000000e+00 0.0000000000000000e+00 01013
 7.1732702300000006e-02 0.0000000000000000e+00 0.0000000000000000e+00 0.0000000000000000e+00 00113
 4.0493515200000002e-03 0.0000000000000000e+00 0.0000000000000000e+00 0.0000000000000000e+00 10004
 -7.0401424799999997e-04 0.0000000000000000e+00 0.0000000000000000e+00 0.0000000000000000e+00 01004
 4.1771769200000001e-03 0.0000000000000000e+00 0.0000000000000000e+00 0.0000000000000000e+00 00104
 2.6521246799999998e-01 0.0000000000000000e+00 0.0000000000000000e+00 0.0000000000000000e+00 00041
 3.4293861799999999e-02 0.0000000000000000e+00 0.0000000000000000e+00 0.0000000000000000e+00 00032
 2.7421903000000001e-02 0.0000000000000000e+00 0.0000000000000000e+00 0.0000000000000000e+00 00023
 3.8234677400000002e-03 0.0000000000000000e+00 0.0000000000000000e+00 0.0000000000000000e+00 00014
 1.4659581000000001e-03 0.0000000000000000e+00 0.0000000000000000e+00 0.0000000000000000e+00 00005
 -2.2197897499999999e+02 0.0000000000000000e+00 0.0000000000000000e+00 0.0000000000000000e+00 50001
 2.0814843300000002e+03 0.0000000000000000e+00 0.0000000000000000e+00 0.0000000000000000e+00 41001
 -4.3056093600000003e+02 0.0000000000000000e+00 0.0000000000000000e+00 0.0000000000000000e+00 32001
 -2.1805028799999999e+02 0.0000000000000000e+00 0.0000000000000000e+00 0.0000000000000000e+00 23001
 -5.5584450099999998e+01 0.0000000000000000e+00 0.0000000000000000e+00 0.0000000000000000e+00 14001
 -1.1364256800000000e+01 0.0000000000000000e+00 0.0000000000000000e+00 0.0000000000000000e+00 05001
 1.0843246300000000e+02 0.0000000000000000e+00 0.0000000000000000e+00 0.0000000000000000e+00 40101
 -9.3186493399999995e+02 0.0000000000000000e+00 0.0000000000000000e+00 0.0000000000000000e+00 31101
 -1.9297715800000000e+02 0.0000000000000000e+00 0.0000000000000000e+00 0.0000000000000000e+00 22101
 -2.8647338300000001e+01 0.0000000000000000e+00 0.0000000000000000e+00 0.0000000000000000e+00 13101
 -3.4101753399999999e+00 0.0000000000000000e+00 0.0000000000000000e+00 0.0000000000000000e+00 04101
 6.1327849800000003e+01 0.0000000000000000e+00 0.0000000000000000e+00 0.0000000000000000e+00 30201
 -4.3628918599999999e+01 0.0000000000000000e+00 0.0000000000000000e+00 0.0000000000000000e+00 21201
 -4.7152181900000002e+01 0.0000000000000000e+00 0.0000000000000000e+00 0.0000000000000000e+00 12201
 -1.4919883000000000e+01 0.0000000000000000e+00 0.0000000000000000e+00 0.0000000000000000e+00 03201
 5.8831090099999997e+01 0.0000000000000000e+00 0.0000000000000000e+00 0.0000000000000000e+00 20301
 -3.6337865000000001e+01 0.0000000000000000e+00 0.0000000000000000e+00 0.0000000000000000e+00 11301
 -8.0151232799999992e+00 0.0000000000000000e+00 0.0000000000000000e+00 0.0000000000000000e+00 02301
 -1.0494428700000000e+02 0.0000000000000000e+00 0.0000000000000000e+00 0.0000000000000000e+00 10401
 3.4771335299999997e+01 0.0000000000000000e+00 0.0000000000000000e+00 0.0000000000000000e+00 01401
 -1.2228812499999999e+02 0.0000000000000000e+00 0.0000000000000000e+00 0.0000000000000000e+00 00501
 -7.7545342300000002e+01 0.0000000000000000e+00 0.0000000000000000e+00 0.0000000000000000e+00 40011
 -6.4131444900000005e+01 0.0000000000000000e+00 0.0000000000000000e+00 0.0000000000000000e+00 31011
 -1.3985750500000000e+01 0.0000000000000000e+00 0.0000000000000000e+00 0.0000000000000000e+00 22011
 -2.3365408200000002e+00 0.0000000000000000e+00 0.0000000000000000e+00 0.0000000000000000e+00 13011
 -3.4059649100000000e-01 0.0000000000000000e+00 0.0000000000000000e+00 0.0000000000000000e+00 04011
 2.9339419400000001e+01 0.0000000000000000e+00 0.0000000000000000e+00 0.0000000000000000e+00 30111
 4.8114933100000002e+01 0.0000000000000000e+00 0.0000000000000000e+00 0.0000000000000000e+00 21111
 9.5017492400000005e+00 0.0000000000000000e+00 0.0000000000000000e+00 0.0000000000000000e+00 12111
 1.3883754100000001e+00 0.0000000000000000e+00 0.0000000000000000e+00 0.0000000000000000e+00 03111
 5.2479251499999997e+01 0.0000000000000000e+00 0.0000000000000000e+00 0.0000000000000000e+00 20211
 3.8005874199999998e+00 0.0000000000000000e+00 0.0000000000000000e+00 0.0000000000000000e+00 11211
 2.3455513600000000e-01 0.0000000000000000e+00 0.0000000000000000e+00 0.0000000000000000e+00 02211
 3.9580808500000003e+01 0.0000000000000000e+00 0.0000000000000000e+00 0.0000000000000000e+00 10311
 1.5256354200000001e+01 0.0000000000000000e+00 0.0000000000000000e+00 0.0000000000000000e+00 01311
 -7.2808032699999998e+00 0.0000000000000000e+00 0.0000000000000000e+00 0.0000000000000000e+00 00411
 -5.9749734599999999e+02 0.0000000000000000e+00 0.0000000000000000e+00 0.0000000000000000e+00 40002
 -1.0272174900000000e+02 0.0000000000000000e+00 0.0000000000000000e+00 0.0000000000000000e+00 31002
 -1.5368110700000001e+01 0.0000000000000000e+00 0.0000000000000000e+00 0.0000000000000000e+00 22002
 -2.1720831600000001e+00 0.0000000000000000e+00 0.0000000000000000e+00 0.0000000000000000e+00 13002
 -2.7460926400000002e-01 0.0000000000000000e+00 0.0000000000000000e+00 0.0000000000000000e+00 04002
 1.0683798299999999e+02 0.0000000000000000e+00 0.0000000000000000e+00 0.0000000000000000e+00 30102
 1.2376615800000000e+01 0.0000000000000000e+00 0.0000000000000000e+00 0.0000000000000000e+00 21102
 1.4653033000000000e+00 0.0000000000000000e+00 0.0000000000000000e+00 0.0000000000000000e+00 12102
 1.8539329299999999e-01 0.0000000000000000e+00 0.0000000000000000e+00 0.0000000000000000e+00 03102
 1.1888713100000000e+01 0.0000000000000000e+00 0.0000000000000000e+00 0.0000000000000000e+00 20202
 -2.5566998800000000e+00 0.0000000000000000e+00 0.0000000000000000e+00 0.0000000000000000e+00 11202
 -8.6380901700000001e-01 0.0000000000000000e+00 0.0000000000000000e+00 0.0000000000000000e+00 02202
 1.8804701399999999e+01 0.0000000000000000e+00 0.0000000000000000e+00 0.0000000000000000e+00 10302
 2.4966757999999998e+00 0.0000000000000000e+00 0.0000000000000000e+00 0.0000000000000000e+00 01302
 -3.9308849700000001e+00 0.0000000000000000e+00 0.0000000000000000e+00 0.0000000000000000e+00 00402
 1.2703465100000001e+01 0.0000000000000000e+00 0.0000000000000000e+00 0.0000000000000000e+00 30021
 7.9618751600000000e+00 0.0000000000000000e+00 0.0000000000000000e+00 0.0000000000000000e+00 21021
 1.6098250700000001e+00 0.0000000000000000e+00 0.0000000000000000e+00 0.0000000000000000e+00 12021
 2.5756567499999999e-01 0.0000000000000000e+00 0.0000000000000000e+00 0.0000000000000000e+00 03021
 5.9357450700000003e+00 0.0000000000000000e+00 0.0000000000000000e+00 0.0000000000000000e+00 20121
 6.7934845300000002e-01 0.0000000000000000e+00 0.0000000000000000e+00 0.0000000000000000e+00 11121
 7.5755015100000003e-02 0.0000000000000000e+00 0.0000000000000000e+00 0.0000000000000000e+00 02121
 7.3629458100000003e+00 0.0000000000000000e+00 0.0000000000000000e+00 0.0000000000000000e+00 10221
 2.3008013500000000e+00 0.0000000000000000e+00 0.0000000000000000e+00 0.0000000000000000e+00 01221
 -1.1838300700000000e-01 0.0000000000000000e+00 0.0000000000000000e+00 0.0000000000000000e+00 00321
 1.4425814500000000e+01 0.0000000000000000e+00 0.0000000000000000e+00 0.0000000000000000e+00 30012
 1.5265816299999999e+00 0.0000000000000000e+00 0.0000000000000000e+00 0.0000000000000000e+00 21012
 1.6302881699999999e-01 0.0000000000000000e+00 0.0000000000000000e+00 0.0000000000000000e+00 12012
 1.7168950900000000e-02 0.0000000000000000e+00 0.0000000000000000e+00 0.0000000000000000e+00 03012
 1.5074373400000001e+01 0.0000000000000000e+00 0.0000000000000000e+00 0.0000000000000000e+00 20112
 1.6070658300000000e+00 0.0000000000000000e+00 0.0000000000000000e+00 0.0000000000000000e+00 11112
 1.6646502299999999e-01 0.0000000000000000e+00 0.0000000000000000e+00 0.0000000000000000e+00 02112
 2.2880329700000002e+00 0.0000000000000000e+00 0.0000000000000000e+00 0.0000000000000000e+00 10212
 2.6541344900000002e-01 0.0000000000000000e+00 0.0000000000000000e+00 0.0000000000000000e+00 01212
 3.2668393000000000e+00 0.0000000000000000e+00 0.0000000000000000e+00 0.0000000000000000e+00 00312
 -1.4469480500000000e+00 0.0000000000000000e+00 0.0000000000000000e+00 0.0000000000000000e+00 30003
 -3.0155182100000000e-01 0.0000000000000000e+00 0.0000000000000000e+00 0.0000000000000000e+00 21003
 -9.7940595800000002e-02 0.0000000000000000e+00 0.0000000000000000e+00 0.0000000000000000e+00 12003
 -2.1887463300000000e-02 0.0000000000000000e+00 0.0000000000000000e+00 0.0000000000000000e+00 03003
 2.1373127700000000e-01 0.0000000000000000e+00 0.0000000000000000e+00 0.0000000000000000e+00 20103
 -4.2487175700000003e-03 0.0000000000000000e+00 0.0000000000000000e+00 0.0000000000000000e+00 11103
 -2.6398123599999999e-03 0.0000000000000000e+00 0.0000000000000000e+00 0.0000000000000000e+00 02103
 -3.9033618199999998e-01 0.0000000000000000e+00 0.0000000000000000e+00 0.0000000000000000e+00 10203
 -2.2056344900000000e-02 0.0000000000000000e+00 0.0000000000000000e+00 0.0000000000000000e+00 01203
 -2.5206106999999998e-02 0.0000000000000000e+00 0.0000000000000000e+00 0.0000000000000000e+00 00303
 8.3539572600000001e-01 0.0000000000000000e+00 0.0000000000000000e+00 0.0000000000000000e+00 20031
 1.0108242400000000e-01 0.0000000000000000e+00 0.0000000000000000e+00 0.0000000000000000e+00 11031
 1.1382651500000000e-02 0.0000000000000000e+00 0.0000000000000000e+00 0.0000000000000000e+00 02031
 9.6753924199999997e-01 0.0000000000000000e+00 0.0000000000000000e+00 0.0000000000000000e+00 10131
 2.8394057299999997e-01 0.0000000000000000e+00 0.0000000000000000e+00 0.0000000000000000e+00 01131
 7.0409468399999994e-02 0.0000000000000000e+00 0.0000000000000000e+00 0.0000000000000000e+00 00231
 1.9662115200000001e+00 0.0000000000000000e+00 0.0000000000000000e+00 0.0000000000000000e+00 20022
 2.1192966199999999e-01 0.0000000000000000e+00 0.0000000000000000e+00 0.0000000000000000e+00 11022
 2.2229702000000000e-02 0.0000000000000000e+00 0.0000000000000000e+00 0.0000000000000000e+00 02022
 1.9217672799999999e-01 0.0000000000000000e+00 0.0000000000000000e+00 0.0000000000000000e+00 10122
 2.0842935900000002e-02 0.0000000000000000e+00 0.0000000000000000e+00 0.0000000000000000e+00 01122
 4.0919772199999999e-01 0.0000000000000000e+00 0.0000000000000000e+00 0.0000000000000000e+00 00222
 1.1620879799999999e-02 0.0000000000000000e+00 0.0000000000000000e+00 0.0000000000000000e+00 20013
 -8.6175197900000000e-04 0.0000000000000000e+00 0.0000000000000000e+00 0.0000000000000000e+00 11013
 -3.6803400800000002e-04 0.0000000000000000e+00 0.0000000000000000e+00 0.0000000000000000e+00 02013
 -3.0559588299999999e-02 0.0000000000000000e+00 0.0000000000000000e+00 0.0000000000000000e+00 10113
 7.9282077300000002e-04 0.0000000000000000e+00 0.0000000000000000e+00 0.0000000000000000e+00 01113
 -1.0358131200000000e-03 0.0000000000000000e+00 0.0000000000000000e+00 0.0000000000000000e+00 00213
 -3.1766529600000003e-02 0.0000000000000000e+00 0.0000000000000000e+00 0.0000000000000000e+00 20004
 -8.6869289399999997e-03 0.0000000000000000e+00 0.0000000000000000e+00 0.0000000000000000e+00 11004
 -1.3033663300000000e-03 0.0000000000000000e+00 0.0000000000000000e+00 0.0000000000000000e+00 02004
 -4.8593005899999998e-03 0.0000000000000000e+00 0.0000000000000000e+00 0.0000000000000000e+00 10104
 -1.8132267699999999e-04 0.0000000000000000e+00 0.0000000000000000e+00 0.0000000000000000e+00 01104
 -2.2531301500000000e-02 0.0000000000000000e+00 0.0000000000000000e+00 0.0000000000000000e+00 00204
 1.0273608300000001e-01 0.0000000000000000e+00 0.0000000000000000e+00 0.0000000000000000e+00 10041
 3.1679181700000003e-02 0.0000000000000000e+00 0.0000000000000000e+00 0.0000000000000000e+00 01041
 1.7740698900000001e-02 0.0000000000000000e+00 0.0000000000000000e+00 0.0000000000000000e+00 00141
 1.2813031600000000e-02 0.0000000000000000e+00 0.0000000000000000e+00 0.0000000000000000e+00 10032
 1.3430987299999999e-03 0.0000000000000000e+00 0.0000000000000000e+00 0.0000000000000000e+00 01032
 4.4265491599999998e-02 0.0000000000000000e+00 0.0000000000000000e+00 0.0000000000000000e+00 00132
 -5.0074566800000003e-03 0.0000000000000000e+00 0.0000000000000000e+00 0.0000000000000000e+00 10023
 -3.6226490100000000e-05 0.0000000000000000e+00 0.0000000000000000e+00 0.0000000000000000e+00 01023
 -1.0084677400000000e-04 0.0000000000000000e+00 0.0000000000000000e+00 0.0000000000000000e+00 00123
 -2.5991156500000000e-04 0.0000000000000000e+00 0.0000000000000000e+00 0.0000000000000000e+00 10014
 -8.6598892899999998e-06 0.0000000000000000e+00 0.0000000000000000e+00 0.0000000000000000e+00 01014
 1.2643326200000000e-04 0.0000000000000000e+00 0.0000000000000000e+00 0.0000000000000000e+00 00114
 -3.7640531699999999e-04 0.0000000000000000e+00 0.0000000000000000e+00 0.0000000000000000e+00 10005
 -4.9526213000000003e-05 0.0000000000000000e+00 0.0000000000000000e+00 0.0000000000000000e+00 01005
 5.0543502499999998e-05 0.0000000000000000e+00 0.0000000000000000e+00 0.0000000000000000e+00 00105
 3.1877867700000001e-03 0.0000000000000000e+00 0.0000000000000000e+00 0.0000000000000000e+00 00051
 4.7427681699999998e-03 0.0000000000000000e+00 0.0000000000000000e+00 0.0000000000000000e+00 00042
 1.0854985800000000e-05 0.0000000000000000e+00 0.0000000000000000e+00 0.0000000000000000e+00 00033
 9.0835490000000001e-05 0.0000000000000000e+00 0.0000000000000000e+00 0.0000000000000000e+00 00024
 3.1187906300000002e-06 0.0000000000000000e+00 0.0000000000000000e+00 0.0000000000000000e+00 00015
 2.3269827100000001e-06 0.0000000000000000e+00 0.0000000000000000e+00 0.0000000000000000e+00 00006
 --------------------------------------------
