! Candidate angular fit; delta and xtar-dependent terms retained from frozen seed.
 --------------------------------------------
 7.5366688160936543e-04 -9.5508120561369706e-05 5.2919244473671398e-04 0.0000000000000000e+00 00000
 3.2980061946514189e-01 1.5736200477214191e-02 -5.1749722434530033e-03 2.4527718100000001e-01 10000
 -2.9891512877477404e+00 -1.3304194708815617e-01 3.9100714610559639e-02 1.7923725400000001e-01 01000
 -5.6015317404988080e-03 -4.5577649002934256e-01 2.7677780701323801e-01 1.5762221900000001e-02 00100
 1.3664401361364775e-01 3.1103475838585578e-02 -2.3421334817214188e+00 -2.7748113599999999e-02 00010
 -2.7517566739092320e-01 -2.0999083596338328e-02 1.1601447262889270e-02 -3.1763193899999997e-01 20000
 1.7445908890990784e+00 -2.2729602024583292e-02 -3.8187593682858546e-02 3.2294487900000002e+00 11000
 7.5515612504396561e+00 1.1982657640439984e+00 -9.3500029474064522e-02 9.9624983800000000e-01 02000
 -1.0588080963326450e-01 1.4104867179684972e+00 -4.2536201696766002e-01 -6.9868989000000006e-02 10100
 1.1153517162166795e+00 1.0448373289628805e+00 1.4334433476996308e-01 -2.7273720299999998e-01 01100
 1.2277074343974032e-01 3.4469858290473179e-02 2.0198443307596195e-02 -1.7795864400000000e-02 00200
 4.3978704445674630e-02 -1.9520897574418886e+01 5.1277333134868677e+00 -1.7964206399999999e-01 10010
 -8.9608964747231468e-01 -2.1330323648039801e+01 4.1678485396393352e+00 5.1434082800000001e+00 01010
 7.5411610834773365e-02 -7.3792777510787810e-01 2.4748905905379334e-01 4.5628469799999999e-01 00110
 -4.0885793111943114e+00 3.1169270478302007e+00 -9.5676849780284379e-01 -6.4079203600000003e+00 00020
 1.2153129460648355e+00 1.3765511930183336e-01 -7.4643319908347286e-02 9.3683431900000003e-01 30000
 -2.4279743736990394e+01 -6.8207037968770445e-01 6.3010904184675687e-01 -1.3540589900000001e+01 21000
 1.6849103748161951e+02 -8.9322748230609061e+00 6.2114663592066832e-01 5.1879764199999997e+01 12000
 -4.4500414620666038e+02 6.1777957338666120e+01 -1.3920450932209272e+01 -2.0498985000000001e+01 03000
 2.7045340966207827e+00 -4.9371558185503588e+00 1.2160091408375131e+00 -3.1254219399999998e-02 20100
 -2.6525367486006058e+01 5.4743866815087941e+01 -1.2408399189531895e+01 2.8400841199999999e-01 11100
 2.9158703933640659e+01 -1.3854865950136394e+02 2.5989696832132740e+01 3.9556433100000001e+00 02100
 -1.9865616219266693e+00 3.3492030820011434e+00 -9.4765194602356351e-01 9.5431561099999995e-01 10200
 5.0546135251605966e+00 -2.6221574981341330e+01 4.7641137295351328e+00 -7.0688381700000003e+00 01200
 1.6031236318899653e+00 -3.0954031548374963e+00 2.3420988994518495e+00 -3.5820566700000001e-01 00300
 -8.0924622964159827e+00 6.2001746001205824e+01 -1.6743909706680643e+01 -2.7448817499999998e+00 20010
 9.4713137928693442e+01 -7.0013338074218552e+02 1.7245293021581165e+02 1.0681983600000001e+01 11010
 -1.4035650381229800e+02 1.8106717752511361e+03 -3.6068189021840084e+02 -4.6776265000000002e+01 02010
 -3.9222918009776300e+00 -5.2849226035559681e+01 1.6536011288520530e+01 4.3468718099999998e-01 10110
 1.5619242886447378e+02 4.4546632242896925e+02 -8.9902746279517345e+01 2.5692412099999999e+01 01110
 -1.5089718424177043e+01 1.0994981634923266e+02 -2.7052764548049922e+01 -3.1559352000000001e+00 00210
 1.9578099465579228e+02 8.0363486878203165e+00 -6.0503036823607665e+00 3.1907757499999999e+01 10020
 -1.7775165263606157e+03 -1.6945347307569523e+02 -4.6695444470353600e+01 -4.6789810199999999e+02 01020
 7.3653672485961479e+01 -1.4035704817708749e+03 2.7987392372424432e+02 3.4179037000000001e+01 00120
 5.2497266113798347e+01 6.0222867474995364e+03 -9.6711194901353565e+02 -7.1508536199999995e+01 00030
 -8.5273232155560983e+00 -2.9763145786502559e-01 -1.5506720409803229e-01 -2.3027877499999998e+00 40000
 1.9428200789189648e+02 5.5950665339904679e+00 4.4996752914035651e+00 5.8024830899999998e+01 31000
 -1.5574357120857258e+03 -8.3646452434221814e+01 -4.0439314842045654e+01 -4.9156237399999998e+02 22000
 4.9835708503803917e+03 7.2549090222826237e+02 9.9513457118129523e+01 1.7182972100000000e+03 13000
 -4.5187529513888749e+03 -2.2947217940739411e+03 -5.9444607455485974e+00 -1.9501040300000000e+03 04000
 -2.4487345197518170e+01 1.0340026422602024e+01 -2.1651007210315139e+00 -1.4621283800000000e+00 30100
 4.1196770041336333e+02 -1.2887156229094381e+02 2.8348037755701899e+01 4.7295753499999996e+01 21100
 -2.3513020612492328e+03 2.6722707779177063e+02 -3.4903229460996464e+01 -4.3237295599999999e+02 12100
 5.0273603995892199e+03 7.2579853471115712e+02 -3.6004315027853545e+02 1.3233994800000000e+03 03100
 9.3289935330851836e+00 -1.6890486125061159e+01 5.7706708506348403e-01 -1.0047251200000000e+00 20200
 -8.7057725072536769e+01 1.5769421667978995e+02 -2.7539038675779932e+00 1.6743462399999999e+01 11200
 2.9707952425421735e+02 -1.3531283637638549e+02 -1.1545968950593279e+02 -6.7273158699999996e+01 02200
 -2.6351190991657255e+01 2.0391947909008799e+01 -2.0979811646251822e+00 4.9815545700000001e+00 10300
 9.9297670885668538e+01 -9.8893972754462837e+01 -6.6987361956741026e+01 -3.7436718100000000e+01 01300
 1.9692389076084116e+00 -1.6763891915471991e+01 5.6560188496945036e+00 3.8352631700000002e+00 00400
 1.3039083020056250e+02 -1.6690402910646660e+02 3.9982703555645500e+01 2.0406354700000001e+01 30010
 -1.6352918860469717e+03 2.4113964128289635e+03 -6.3211387214140507e+02 -5.2187064599999997e+02 21010
 6.2188934802882213e+03 -9.1101789811942945e+03 2.8088328938466680e+03 4.0218560800000000e+03 12010
 -1.3605987589568209e+04 4.5751300231445621e+03 -2.7980019780165176e+03 -1.1081659400000000e+04 03010
 -1.8461052391389038e+02 5.1319201101958777e+02 -7.1421547221108199e+01 -2.6109065900000001e+01 20110
 1.4542318490225541e+03 -4.5783984432562420e+03 4.0535722916114577e+02 3.4366059500000000e+02 11110
 -4.3764761114724170e+03 3.8264503418548770e+03 1.6796454309816834e+03 -9.7405222100000003e+02 02110
 4.0656150901398513e+02 -6.1688018345831870e+02 1.5015534735737759e+02 -3.6510193000000001e+01 10210
 -1.5092823296941767e+03 2.5884684100454479e+03 4.8753291061129573e+02 2.9243684000000002e+02 01210
 -1.1219912984054288e+02 -1.2979884258049225e+02 2.6849421647656482e+02 -8.4939199799999997e+01 00310
 4.0627068705960198e+02 -2.5044072842633464e+03 6.1667827925737674e+02 4.0636932100000001e+02 20020
 -1.3923268100620044e+03 1.9430145135652616e+04 -4.8789815817833914e+03 -4.5869649099999997e+03 11020
 1.1698123937257224e+04 2.3851427190233189e+03 -1.9202219676610505e+02 9.3584628599999996e+03 02020
 -1.6124437538670406e+03 5.3453491950473008e+03 -1.7706007353154178e+02 6.0264629700000000e+01 10120
 4.4041016481305578e+03 -1.8038741334649574e+04 2.9755753475451854e+02 -6.9720597099999998e+02 01120
 1.3577378561152116e+03 1.0291489726538407e+03 -1.7384554399026306e+03 7.2697501299999999e+02 00220
 6.6582424451113320e+02 -2.6669657720914805e+04 5.9451416355536421e+03 5.3606629499999997e+02 10030
 2.0491900535435034e+04 8.5143471543300562e+04 -1.7089893945148713e+04 -2.3364836399999999e+03 01030
 -2.1475965013052966e+04 1.2578896113774068e+04 -9.0500744272840784e+03 -1.6674671400000000e+03 00130
 1.0400286566282714e+05 -8.5605242876812830e+04 5.8283193744877244e+04 3.9121164899999999e+03 00040
 3.0335599226501444e+01 -6.2786252690977919e+00 3.3549886138031186e+00 4.9678190300000002e+00 50000
 -6.9245049681879686e+02 1.9786338709191901e+02 -1.0597373730416085e+02 -2.1463550799999999e+02 41000
 4.8815398874311704e+03 -2.4336754342506515e+03 1.3633963339066415e+03 3.4385126599999999e+03 32000
 -3.7148143870566569e+03 1.3198249248645290e+04 -8.4546220330233555e+03 -2.7888407800000001e+04 23000
 -8.1974094157273968e+04 -2.5184660999414697e+04 2.3487733901757256e+04 1.1885052899999999e+05 14000
 2.3368285241064819e+05 -1.4091299449630867e+04 -1.8491856316440924e+04 -2.0979779999999999e+05 05000
 5.8902873639665032e+01 -1.0635508654900931e+01 3.0988532947556076e+00 3.0790796100000000e+00 40100
 -8.5979459095067455e+02 7.5067171928032963e+01 -8.7809632145709401e+01 -7.1757031799999993e+01 31100
 2.4170330385796777e+02 2.2959105551972507e+03 8.4244899788949101e+02 1.7523077900000001e+02 22100
 3.4769086848960585e+04 -2.4722730571644614e+04 -3.9485392226559125e+03 3.6607079199999998e+03 13100
 -8.7619805915213030e+04 6.7015365874176670e+04 7.4833672658193718e+03 -1.8679771700000001e+04 04100
 -1.4155641269474295e+01 2.8221234801121703e+01 1.0489602153495374e+01 -9.8292970799999999e+00 30200
 3.5245137553639182e+02 -3.6537537946957144e+02 1.5958012596755243e+01 2.2322339500000001e+02 21200
 -2.5295276797425813e+03 1.2267269506311429e+02 -1.7994503890089227e+03 -1.9345593400000000e+03 12200
 6.5130743087523106e+03 3.3258359237389918e+03 1.0674844513306978e+04 6.2959604900000004e+03 03200
 1.1393924703520482e+02 -7.6825972788406148e+01 -4.6443497284112700e+00 7.5324127100000000e+00 20300
 -9.3434031775964786e+02 4.2011251736510496e+02 5.7192720135143958e+01 -1.7311873199999999e+02 11300
 2.0833515965989982e+03 9.5296747497522574e+02 1.8571575918323588e+03 1.0774482200000000e+03 02300
 1.0629241598285037e+02 7.6118507129981992e+01 2.6772918635942013e+01 -1.1124031400000001e+00 10400
 -8.1918646508794154e+02 2.7963643781018936e+02 -7.7278049573793242e+00 -1.0768688200000000e+02 01400
 1.6404485939309275e+01 7.6712453987615746e+01 -1.0438532054012630e+02 -1.3675491200000001e+00 00500
 -1.1026156232036874e+03 2.7615668621849710e+02 -3.0199059864479604e+01 -4.8581986499999999e+01 40010
 2.2016768178991439e+04 -3.4039427778993922e+03 3.2173540544487719e+02 1.9529719100000000e+03 31010
 -1.4261710565511725e+05 -1.1774629208966488e+04 3.3240259719291571e+03 -2.0776508900000001e+04 22010
 2.8196151146947162e+05 2.6338554702204920e+05 -4.1974150750983070e+04 7.9440774900000004e+04 13010
 6.1135401272969233e+04 -8.1850655989324010e+05 8.9168121217346736e+04 -7.1841567599999995e+04 04010
 1.9012385256971152e+03 -1.8539271464236001e+03 -6.4145077958752623e+01 6.3779292800000000e+01 30110
 -3.6458977989891595e+04 2.7633533911973718e+04 -3.9541063041455203e+02 -1.7658266000000001e+03 21110
 2.4699906891644112e+05 -1.0405783560230673e+05 9.0264916921500608e+03 1.1961652899999999e+04 12110
 -5.9671862281819200e+05 7.8130550494127034e+04 -5.7954572052147960e+04 -3.6062570899999999e+04 03110
 -1.7660004454773050e+03 2.6553541703159990e+03 4.1144810276162184e+02 -8.6987571199999998e+00 20210
 1.1449854669599292e+03 -2.9796021925850389e+04 -7.3072826968347417e+03 1.6077307200000000e+03 11210
 5.1914132483906331e+04 6.0242583637358155e+04 -2.5511711682049172e+04 -1.1675984399999999e+04 02210
 -4.6533084987097169e+02 -1.3008845557181662e+03 -1.6847678880536184e+03 1.6598224700000000e+02 10310
 5.5187497762092125e+03 4.1005076348562807e+03 -9.7730610452948713e+03 9.4686973100000000e+02 01310
 -7.2147358383735934e+02 1.0235733091421878e+03 4.0341266818938016e+02 1.6439557600000001e+02 00410
 -1.6199566784018494e+04 1.4045498547772891e+04 -9.3588542498900154e+02 -2.4076491099999998e+03 30020
 3.0655531444606831e+05 -1.9220049550698465e+05 1.4226698942249124e+04 5.5520991600000001e+04 21020
 -2.1073346380453468e+06 6.6476192968374083e+05 -5.5956951745081009e+04 -4.1814969699999999e+05 12020
 5.4043002589125214e+06 -5.8303013645306323e+05 1.0854926081070438e+05 1.1185970900000001e+06 03020
 2.1405625647677327e+04 -2.4011785794726820e+04 -3.2578293545611541e+03 3.3250162999999998e+02 20120
 -9.8056908050486323e+04 2.8695294713593571e+05 7.2249738794056160e+04 -1.4254245100000000e+04 11120
 -2.5509801129008771e+05 -6.4933091543223429e+05 1.1358941363315428e+05 5.2657758800000003e+04 02120
 -2.4128126401829308e+04 -1.1759688721460336e+04 4.5661708697811868e+04 -3.9989584300000001e+03 10220
 7.5698745563637931e+04 -1.5441307806494440e+04 7.6601207259730480e+04 2.5102144300000000e+04 01220
 1.7902182529733796e+04 2.1814682311390192e+04 7.5270083562832212e+02 9.0266857599999994e+01 00320
 -8.8374536712621557e+04 5.4942482777568388e+04 3.2758393694556900e+04 -9.3089900000000000e+02 20030
 5.3638901889961259e+05 -1.0618199306638225e+06 4.8779936969761147e+04 3.9788767800000001e+04 11030
 8.4937667321809952e+05 3.4240215389100490e+06 -1.2444638741220434e+06 -1.1875274700000000e+05 02030
 1.6973990615951415e+05 1.8121796745703291e+05 -3.0467272095572838e+05 2.9493169800000000e+04 10130
 -7.0277482694868697e+05 -6.1043239457351808e+05 -7.8502915183628691e+04 -2.5987719800000000e+05 01130
 -1.9701957174439309e+05 -6.1734826663147204e+05 7.2084526893174925e+01 1.1004152400000000e+03 00230
 -2.9570296477825445e+05 -2.9347101977370633e+05 4.3419362646030041e+05 -1.3196676600000001e+04 10040
 2.0643229489584796e+06 1.5373236286163481e+06 1.0304481917238137e+05 3.0309427799999999e+05 01040
 1.1454347716088088e+06 3.4735793881802773e+06 6.0982626506191655e+05 -1.7333469400000002e+04 00140
 -3.2417106037432486e+06 -6.3340085916016912e+06 -3.1382064335280634e+06 3.0963153100000000e+04 00050
 -3.4836221530229672e+01 2.6127881912797005e+01 -8.3113712941618392e+00 0.0000000000000000e+00 60000
 6.6700226825111793e+02 -1.1696847932151818e+03 3.5833929549633802e+02 0.0000000000000000e+00 51000
 -2.2342268942897391e+02 2.3234398107715693e+04 -6.8317415612916820e+03 0.0000000000000000e+00 42000
 -7.1101382970532606e+04 -2.5253942832155930e+05 7.1564806223557884e+04 0.0000000000000000e+00 33000
 5.3479642378956708e+05 1.5674257015970149e+06 -4.2896300751629740e+05 0.0000000000000000e+00 24000
 -1.2571584819179992e+06 -5.3185125395323066e+06 1.3990359377093515e+06 0.0000000000000000e+00 15000
 3.4986472944959358e+05 7.7973253239229424e+06 -1.9465974680395885e+06 0.0000000000000000e+00 06000
 -1.5339067179703175e+01 -8.6922221958680908e+00 -1.3737034230226977e+00 0.0000000000000000e+00 50100
 -4.9602520266550147e+02 2.0440511877194999e+02 7.2624079239730818e+01 0.0000000000000000e+00 41100
 1.4071599891569314e+04 -2.6492911352281335e+03 -5.3642403614311029e+01 0.0000000000000000e+00 32100
 -5.7134467393657666e+04 5.5018954055550137e+02 -1.1879574477785640e+04 0.0000000000000000e+00 23100
 -2.2269492062414010e+05 1.7375403393306388e+05 9.4251655132700296e+04 0.0000000000000000e+00 14100
 6.9443387482010841e+05 -7.0053889746900741e+05 -1.5733902323953854e+05 0.0000000000000000e+00 05100
 -4.7045957084560911e+01 -9.5819523471152674e+00 -4.5536198398268752e+01 0.0000000000000000e+00 40200
 1.1695827865040537e+03 1.9555582000708975e+02 9.9963077540234963e+02 0.0000000000000000e+00 31200
 -1.1922207822780978e+04 5.8370917941601753e+01 -1.1884208680253500e+04 0.0000000000000000e+00 22200
 4.7370026352432833e+04 8.8449274448184933e+03 9.1137611103223389e+04 0.0000000000000000e+00 13200
 -1.0054162021448468e+05 -3.1277027996195382e+04 -2.9057991225350660e+05 0.0000000000000000e+00 04200
 -1.2124337564548550e+02 1.2439758736798761e+02 1.6515599306562791e+01 0.0000000000000000e+00 30300
 1.0669998522549365e+03 -3.4393075748607788e+02 -5.5466557364710093e+02 0.0000000000000000e+00 21300
 -1.4821388266702097e+03 -6.2885325325919421e+03 2.2735489563447009e+03 0.0000000000000000e+00 12300
 -5.3111177216431888e+03 3.3886197509893946e+03 -2.6776249075673371e+04 0.0000000000000000e+00 03300
 -2.6311234480870797e+02 -1.1159598043500898e+02 -6.8860312912576916e+01 0.0000000000000000e+00 20400
 1.7162868528784606e+03 5.9968245800857517e+01 5.7796075884151355e+02 0.0000000000000000e+00 11400
 6.2714100120831317e+03 -4.9641873347369828e+03 -3.0273794626744339e+03 0.0000000000000000e+00 02400
 4.8865556954100462e+01 -2.6516861495232246e+02 2.2506005860675165e+02 0.0000000000000000e+00 10500
 -4.4001736113211075e+02 2.5525995936495067e+02 1.1684926868242437e+03 0.0000000000000000e+00 01500
 -2.0357993199604130e+02 -4.7575898154314103e+01 -2.4377761233497722e+02 0.0000000000000000e+00 00600
 2.5703915498072670e+03 1.7779735158473731e+01 1.7251491642208691e+01 0.0000000000000000e+00 50010
 -6.5775687779426444e+04 -7.5366921289782131e+03 -6.4353887530484144e+02 0.0000000000000000e+00 41010
 6.0856331623506080e+05 1.8730494159801104e+05 4.6430614844673628e+03 0.0000000000000000e+00 32010
 -2.9713256008176678e+06 -1.3574274551005468e+06 3.8059707808689040e+04 0.0000000000000000e+00 23010
 9.7029153560522161e+06 2.2037300990965194e+06 -7.0705228637395136e+05 0.0000000000000000e+00 14010
 -1.2771163968980484e+07 4.9936205629063649e+06 2.0201356065294375e+06 0.0000000000000000e+00 05010
 -4.3803158129881276e+03 2.9473776233724661e+03 -5.0394117799526708e+00 0.0000000000000000e+00 40110
 1.0701597205244629e+05 -5.2296694774181386e+04 1.0392181426817218e+04 0.0000000000000000e+00 31110
 -8.3892374615074322e+05 1.8676657683205060e+05 -1.6135588692287490e+05 0.0000000000000000e+00 22110
 2.3745359005227764e+06 8.8426514118690058e+04 7.3494194768228510e+05 0.0000000000000000e+00 13110
 -6.6630652275690401e+05 -3.7708782447501121e+05 -5.5616891403537698e+05 0.0000000000000000e+00 04110
 6.1245315226428984e+03 -4.5510333857299265e+03 -1.1139302131822835e+03 0.0000000000000000e+00 30210
 -1.1225966095529814e+05 3.7411286598249055e+04 1.2957925047356825e+04 0.0000000000000000e+00 21210
 9.3887591415302095e+05 2.3628326178507501e+05 6.1549352463599411e+04 0.0000000000000000e+00 12210
 -2.8629076971058073e+06 -1.0912537362656370e+06 1.6281621304252939e+05 0.0000000000000000e+00 03210
 -9.9356947589212211e+02 3.4282513201013940e+03 2.6711008146869235e+03 0.0000000000000000e+00 20310
 5.9382953809983774e+03 1.5418525836177447e+04 -5.7491624392481899e+03 0.0000000000000000e+00 11310
 -1.5738029676694574e+05 -1.7050694430450752e+04 1.1565144639058170e+05 0.0000000000000000e+00 02310
 5.4843756314978100e+03 1.4853303761651321e+03 -5.9130783223732842e+03 0.0000000000000000e+00 10410
 -3.8989513946658910e+04 -3.1683303250048997e+04 1.4309701053677507e+04 0.0000000000000000e+00 01410
 1.0674435058545510e+04 5.8715335659457946e+02 1.1509090237527773e+04 0.0000000000000000e+00 00510
 4.4091350507168157e+04 -3.8054531704456735e+04 -9.9249152107599514e+02 0.0000000000000000e+00 40020
 -1.0282096255364834e+06 7.3093163980775164e+05 -3.2343499836236064e+04 0.0000000000000000e+00 31020
 7.4170611643722309e+06 -3.8574364657435454e+06 7.3257910765038722e+05 0.0000000000000000e+00 22020
 -1.4188946269979177e+07 4.7082303648858704e+06 -4.6972918249399606e+06 0.0000000000000000e+00 13020
 -2.0492546348511629e+07 8.7935888603249076e+05 8.7656224698430300e+06 0.0000000000000000e+00 04020
 -6.5385050531206849e+04 5.5874317255938106e+04 3.7137192799429249e+04 0.0000000000000000e+00 30120
 1.2651628071791225e+06 -7.1564895552386972e+05 -5.9364996245678375e+05 0.0000000000000000e+00 21120
 -1.1198493392025055e+07 -1.1319534736131318e+06 8.1472334602235537e+05 0.0000000000000000e+00 12120
 3.3702461507608369e+07 1.3320555986170994e+07 4.3717596065839037e+05 0.0000000000000000e+00 03120
 1.0526867191650071e+05 2.4432478059619043e+04 -9.1454783170675742e+04 0.0000000000000000e+00 20220
 -4.4429834639923245e+05 -3.3574941555584205e+05 -6.5157817818833704e+04 0.0000000000000000e+00 11220
 2.0357389951881321e+05 2.1827328835887983e+06 -1.8075580310516180e+06 0.0000000000000000e+00 02220
 -1.8031855249263655e+05 -1.5795497613712616e+04 4.5510040838397057e+04 0.0000000000000000e+00 10320
 1.1715446486595767e+06 -4.9266580861043469e+04 -4.0406118702633795e+05 0.0000000000000000e+00 01320
 -1.5412721000840358e+05 -1.2827329524130272e+05 -1.7846236192830006e+05 0.0000000000000000e+00 00420
 2.9245707972821075e+05 5.4694205540636758e+04 -2.8085289311861031e+05 0.0000000000000000e+00 30030
 -4.8504434638083875e+06 -3.0999989590282207e+06 5.8820666745500425e+06 0.0000000000000000e+00 21030
 2.8648784147190485e+07 4.3091460867055230e+07 -2.0830338857393730e+07 0.0000000000000000e+00 12030
 -4.0034356981331408e+07 -1.4153969560020328e+08 1.3282682535756385e+07 0.0000000000000000e+00 03030
 -9.2724303799645160e+05 -1.2830317578942331e+06 1.5818948355861297e+06 0.0000000000000000e+00 20130
 2.0305093742269669e+06 7.4811712068607705e+06 -4.6056359260432385e+06 0.0000000000000000e+00 11130
 1.1353412519285318e+07 -3.5343563808016971e+07 3.0127901955705591e+07 0.0000000000000000e+00 02130
 2.7468468589317207e+06 2.6049553762533609e+06 -8.3996328898822109e+05 0.0000000000000000e+00 10230
 -1.7269112421178311e+07 6.4637575346275093e+06 3.2352699949154980e+06 0.0000000000000000e+00 01230
 1.3363481486985250e+06 2.4053485038223439e+06 1.8737392152018484e+06 0.0000000000000000e+00 00330
 1.1172204533465533e+06 8.9530272560893297e+06 -7.9411171935876301e+06 0.0000000000000000e+00 20040
 1.4003343164187554e+07 -6.5342314820686534e+07 4.4392705318184040e+07 0.0000000000000000e+00 11040
 -8.7608259429074943e+07 2.3040395184103394e+08 -1.9148979961236733e+08 0.0000000000000000e+00 02040
 -2.0853281088125657e+07 -3.2922635545884311e+07 1.0261205232468465e+07 0.0000000000000000e+00 10140
 1.4202345868212146e+08 -3.1934888016283013e+07 -2.5465467799307153e+07 0.0000000000000000e+00 01140
 -1.9820633319402624e+07 -7.3564721693632444e+06 -2.0717145469899669e+07 0.0000000000000000e+00 00240
 5.7123378949317351e+07 1.0958519148875549e+08 -3.3988793167111389e+07 0.0000000000000000e+00 10050
 -4.3489240909291047e+08 -9.7849169678736404e+06 9.7420200215037838e+07 0.0000000000000000e+00 01050
 1.8115663099079308e+08 -6.6352355357838564e+07 1.3962063478668091e+08 0.0000000000000000e+00 00150
 -5.2961543565941370e+08 3.1626360971503478e+08 -3.4826062582313901e+08 0.0000000000000000e+00 00060
 1.1258424199999999e+00 0.0000000000000000e+00 0.0000000000000000e+00 7.6817769999999996e-01 00001
 -3.3092960599999999e+00 0.0000000000000000e+00 0.0000000000000000e+00 -1.2482495400000000e+00 10001
 9.5582156000000005e+00 0.0000000000000000e+00 0.0000000000000000e+00 7.1898036500000000e+00 01001
 -1.2807550800000000e+01 0.0000000000000000e+00 0.0000000000000000e+00 -1.7948002400000000e+00 00002
 3.1328287000000000e+01 0.0000000000000000e+00 0.0000000000000000e+00 4.3097902599999998e+00 20001
 -3.6635859399999998e+02 0.0000000000000000e+00 0.0000000000000000e+00 -4.7514103499999997e+01 11001
 1.2812726399999999e+03 0.0000000000000000e+00 0.0000000000000000e+00 1.2740499699999999e+02 02001
 8.4649294600000005e+00 0.0000000000000000e+00 0.0000000000000000e+00 1.5213236200000000e+00 00201
 -2.1218133200000000e+02 0.0000000000000000e+00 0.0000000000000000e+00 -4.4842024199999997e+01 00111
 8.6216804499999995e+01 0.0000000000000000e+00 0.0000000000000000e+00 1.3903586900000001e+01 10002
 -2.0237557699999999e+02 0.0000000000000000e+00 0.0000000000000000e+00 -7.5177002500000000e+01 01002
 1.2924057499999999e+03 0.0000000000000000e+00 0.0000000000000000e+00 3.3294530099999997e+02 00021
 1.5246574300000000e+02 4.1239841799999999e+02 -1.1855168000000000e+02 0.0000000000000000e+00 00012
 5.6814234300000003e+01 0.0000000000000000e+00 0.0000000000000000e+00 1.5595186500000001e+01 00003
 -1.1109064100000001e+02 0.0000000000000000e+00 0.0000000000000000e+00 -1.5717735800000000e+01 30001
 1.3012309000000000e+03 0.0000000000000000e+00 0.0000000000000000e+00 2.4992499500000000e+02 21001
 -3.3776413699999998e+03 0.0000000000000000e+00 0.0000000000000000e+00 -1.2056100300000001e+03 12001
 -1.0805725299999999e+03 0.0000000000000000e+00 0.0000000000000000e+00 1.6507063800000001e+03 03001
 -2.0675836699999999e+02 0.0000000000000000e+00 0.0000000000000000e+00 -8.6394541199999999e+00 10201
 1.2861228000000001e+03 0.0000000000000000e+00 0.0000000000000000e+00 5.1734533999999996e+01 01201
 4.5738898999999998e+02 0.0000000000000000e+00 0.0000000000000000e+00 2.4632876999999999e+02 10111
 3.1552100700000000e+02 0.0000000000000000e+00 0.0000000000000000e+00 -1.4688802499999999e+03 01111
 -2.8637608399999999e+00 0.0000000000000000e+00 0.0000000000000000e+00 -7.7696205800000001e+01 20002
 -2.8453250400000002e+02 0.0000000000000000e+00 0.0000000000000000e+00 8.0826721799999996e+02 11002
 -5.4968678599999997e+01 0.0000000000000000e+00 0.0000000000000000e+00 -1.8872739300000001e+03 02002
 -8.9490322900000001e+02 0.0000000000000000e+00 0.0000000000000000e+00 -1.3172162699999999e+01 00202
 -5.8186814800000001e+01 0.0000000000000000e+00 0.0000000000000000e+00 -1.7587238100000000e+03 10021
 2.8100110300000001e+01 0.0000000000000000e+00 0.0000000000000000e+00 1.0443614200000000e+04 01021
 2.4986902400000002e+01 0.0000000000000000e+00 0.0000000000000000e+00 3.7717688900000002e+02 00112
 -4.7104892700000001e+00 0.0000000000000000e+00 0.0000000000000000e+00 -1.7433297400000001e+02 10003
 -9.4935661400000004e-01 0.0000000000000000e+00 0.0000000000000000e+00 8.9351807699999995e+02 01003
 5.9109615599999996e+00 0.0000000000000000e+00 0.0000000000000000e+00 -2.7085707800000000e+03 00022
 1.0590745000000000e-01 0.0000000000000000e+00 0.0000000000000000e+00 -1.4915634900000001e+02 00004
 7.4420433400000000e-02 0.0000000000000000e+00 0.0000000000000000e+00 0.0000000000000000e+00 00101
 -9.3204445700000005e-01 0.0000000000000000e+00 0.0000000000000000e+00 0.0000000000000000e+00 00011
 2.8452158100000000e+00 0.0000000000000000e+00 0.0000000000000000e+00 0.0000000000000000e+00 10101
 -2.5439373000000000e+01 0.0000000000000000e+00 0.0000000000000000e+00 0.0000000000000000e+00 01101
 1.3705155500000000e+01 0.0000000000000000e+00 0.0000000000000000e+00 0.0000000000000000e+00 10011
 -7.2542508699999999e+01 0.0000000000000000e+00 0.0000000000000000e+00 0.0000000000000000e+00 01011
 1.1188551900000000e+01 0.0000000000000000e+00 0.0000000000000000e+00 0.0000000000000000e+00 00102
 -2.9857603999999998e+01 0.0000000000000000e+00 0.0000000000000000e+00 0.0000000000000000e+00 20101
 2.5760759400000001e+02 0.0000000000000000e+00 0.0000000000000000e+00 0.0000000000000000e+00 11101
 2.2280062200000000e+02 0.0000000000000000e+00 0.0000000000000000e+00 0.0000000000000000e+00 02101
 -5.7470399800000003e+00 0.0000000000000000e+00 0.0000000000000000e+00 0.0000000000000000e+00 00301
 -5.8377417100000002e+01 0.0000000000000000e+00 0.0000000000000000e+00 0.0000000000000000e+00 20011
 -7.5798640700000007e+01 0.0000000000000000e+00 0.0000000000000000e+00 0.0000000000000000e+00 11011
 -2.0030666900000000e+01 0.0000000000000000e+00 0.0000000000000000e+00 0.0000000000000000e+00 02011
 8.1569985000000003e+01 0.0000000000000000e+00 0.0000000000000000e+00 0.0000000000000000e+00 00211
 3.9907235700000001e+01 0.0000000000000000e+00 0.0000000000000000e+00 0.0000000000000000e+00 10102
 2.6133789799999999e+01 0.0000000000000000e+00 0.0000000000000000e+00 0.0000000000000000e+00 01102
 1.1102801200000000e+01 0.0000000000000000e+00 0.0000000000000000e+00 0.0000000000000000e+00 00121
 1.5806418400000000e+01 0.0000000000000000e+00 0.0000000000000000e+00 0.0000000000000000e+00 10012
 2.5233279000000000e+00 0.0000000000000000e+00 0.0000000000000000e+00 0.0000000000000000e+00 01012
 1.4961163900000001e+00 0.0000000000000000e+00 0.0000000000000000e+00 0.0000000000000000e+00 00103
 2.9442717200000001e+00 0.0000000000000000e+00 0.0000000000000000e+00 0.0000000000000000e+00 00031
 1.9644430600000001e-01 0.0000000000000000e+00 0.0000000000000000e+00 0.0000000000000000e+00 00013
 1.6957368000000000e+02 0.0000000000000000e+00 0.0000000000000000e+00 0.0000000000000000e+00 40001
 -1.1884030900000000e+03 0.0000000000000000e+00 0.0000000000000000e+00 0.0000000000000000e+00 31001
 -2.5640085899999999e+03 0.0000000000000000e+00 0.0000000000000000e+00 0.0000000000000000e+00 22001
 -7.9612626599999999e+02 0.0000000000000000e+00 0.0000000000000000e+00 0.0000000000000000e+00 13001
 -1.7013585599999999e+02 0.0000000000000000e+00 0.0000000000000000e+00 0.0000000000000000e+00 04001
 2.5273732400000000e+01 0.0000000000000000e+00 0.0000000000000000e+00 0.0000000000000000e+00 30101
 -3.0211779799999999e+02 0.0000000000000000e+00 0.0000000000000000e+00 0.0000000000000000e+00 21101
 1.0508874799999999e+01 0.0000000000000000e+00 0.0000000000000000e+00 0.0000000000000000e+00 12101
 1.7954560900000001e+01 0.0000000000000000e+00 0.0000000000000000e+00 0.0000000000000000e+00 03101
 3.9304286900000000e+02 0.0000000000000000e+00 0.0000000000000000e+00 0.0000000000000000e+00 20201
 -2.6547935800000000e+03 0.0000000000000000e+00 0.0000000000000000e+00 0.0000000000000000e+00 11201
 -6.7520795899999996e+02 0.0000000000000000e+00 0.0000000000000000e+00 0.0000000000000000e+00 02201
 3.1537455800000000e+01 0.0000000000000000e+00 0.0000000000000000e+00 0.0000000000000000e+00 10301
 -6.6287274900000000e+01 0.0000000000000000e+00 0.0000000000000000e+00 0.0000000000000000e+00 01301
 1.1048366800000000e+01 0.0000000000000000e+00 0.0000000000000000e+00 0.0000000000000000e+00 00401
 5.3995273300000001e+01 0.0000000000000000e+00 0.0000000000000000e+00 0.0000000000000000e+00 30011
 1.9851422299999999e+01 0.0000000000000000e+00 0.0000000000000000e+00 0.0000000000000000e+00 21011
 6.9951277899999997e+00 0.0000000000000000e+00 0.0000000000000000e+00 0.0000000000000000e+00 12011
 2.0305896899999998e+00 0.0000000000000000e+00 0.0000000000000000e+00 0.0000000000000000e+00 03011
 -4.1475572199999999e+02 0.0000000000000000e+00 0.0000000000000000e+00 0.0000000000000000e+00 20111
 -2.4292429500000000e+02 0.0000000000000000e+00 0.0000000000000000e+00 0.0000000000000000e+00 11111
 -5.3283176900000001e+01 0.0000000000000000e+00 0.0000000000000000e+00 0.0000000000000000e+00 02111
 1.4085442600000000e+01 0.0000000000000000e+00 0.0000000000000000e+00 0.0000000000000000e+00 10211
 -7.1897002499999996e+00 0.0000000000000000e+00 0.0000000000000000e+00 0.0000000000000000e+00 01211
 4.6617528200000002e+01 0.0000000000000000e+00 0.0000000000000000e+00 0.0000000000000000e+00 00311
 3.2702350999999999e+02 0.0000000000000000e+00 0.0000000000000000e+00 0.0000000000000000e+00 30002
 -4.6760376399999998e+01 0.0000000000000000e+00 0.0000000000000000e+00 0.0000000000000000e+00 21002
 -1.3113077600000000e+01 0.0000000000000000e+00 0.0000000000000000e+00 0.0000000000000000e+00 12002
 -2.1460877500000000e+00 0.0000000000000000e+00 0.0000000000000000e+00 0.0000000000000000e+00 03002
 -4.0516263400000003e+02 0.0000000000000000e+00 0.0000000000000000e+00 0.0000000000000000e+00 20102
 -3.7832739400000001e+01 0.0000000000000000e+00 0.0000000000000000e+00 0.0000000000000000e+00 11102
 -3.2861643300000001e+00 0.0000000000000000e+00 0.0000000000000000e+00 0.0000000000000000e+00 02102
 -7.9775662299999999e+02 0.0000000000000000e+00 0.0000000000000000e+00 0.0000000000000000e+00 10202
 -1.0025346300000000e+02 0.0000000000000000e+00 0.0000000000000000e+00 0.0000000000000000e+00 01202
 -5.8149400000000000e+01 0.0000000000000000e+00 0.0000000000000000e+00 0.0000000000000000e+00 00302
 -4.9721882500000000e+01 0.0000000000000000e+00 0.0000000000000000e+00 0.0000000000000000e+00 20021
 -2.3494000000000000e+01 0.0000000000000000e+00 0.0000000000000000e+00 0.0000000000000000e+00 11021
 -4.6306529500000000e+00 0.0000000000000000e+00 0.0000000000000000e+00 0.0000000000000000e+00 02021
 -7.0125265800000003e+00 0.0000000000000000e+00 0.0000000000000000e+00 0.0000000000000000e+00 10121
 -1.6612841400000000e+00 0.0000000000000000e+00 0.0000000000000000e+00 0.0000000000000000e+00 01121
 8.9976115900000000e+00 0.0000000000000000e+00 0.0000000000000000e+00 0.0000000000000000e+00 00221
 -2.6915856399999999e+01 0.0000000000000000e+00 0.0000000000000000e+00 0.0000000000000000e+00 20012
 -2.9374057699999998e+00 0.0000000000000000e+00 0.0000000000000000e+00 0.0000000000000000e+00 11012
 -2.8169995599999997e-01 0.0000000000000000e+00 0.0000000000000000e+00 0.0000000000000000e+00 02012
 -4.4261380600000003e+01 0.0000000000000000e+00 0.0000000000000000e+00 0.0000000000000000e+00 10112
 -5.1887392600000002e+00 0.0000000000000000e+00 0.0000000000000000e+00 0.0000000000000000e+00 01112
 -2.3091301500000001e+00 0.0000000000000000e+00 0.0000000000000000e+00 0.0000000000000000e+00 00212
 1.2974281100000001e+01 0.0000000000000000e+00 0.0000000000000000e+00 0.0000000000000000e+00 20003
 1.2986379400000001e+00 0.0000000000000000e+00 0.0000000000000000e+00 0.0000000000000000e+00 11003
 1.7931982099999999e-01 0.0000000000000000e+00 0.0000000000000000e+00 0.0000000000000000e+00 02003
 3.5963604300000002e-01 0.0000000000000000e+00 0.0000000000000000e+00 0.0000000000000000e+00 10103
 -6.8600012500000002e-02 0.0000000000000000e+00 0.0000000000000000e+00 0.0000000000000000e+00 01103
 4.7989772600000002e-01 0.0000000000000000e+00 0.0000000000000000e+00 0.0000000000000000e+00 00203
 -1.5183764099999999e+00 0.0000000000000000e+00 0.0000000000000000e+00 0.0000000000000000e+00 10031
 -2.5950537600000001e-01 0.0000000000000000e+00 0.0000000000000000e+00 0.0000000000000000e+00 01031
 1.2137887100000000e+00 0.0000000000000000e+00 0.0000000000000000e+00 0.0000000000000000e+00 00131
 -3.8339448699999998e+00 0.0000000000000000e+00 0.0000000000000000e+00 0.0000000000000000e+00 10022
 -4.4880310099999998e-01 0.0000000000000000e+00 0.0000000000000000e+00 0.0000000000000000e+00 01022
 4.3274224600000001e-02 0.0000000000000000e+00 0.0000000000000000e+00 0.0000000000000000e+00 00122
 4.3379578000000002e-02 0.0000000000000000e+00 0.0000000000000000e+00 0.0000000000000000e+00 10013
 3.8101713399999999e-04 0.0000000000000000e+00 0.0000000000000000e+00 0.0000000000000000e+00 01013
 7.1732702300000006e-02 0.0000000000000000e+00 0.0000000000000000e+00 0.0000000000000000e+00 00113
 4.0493515200000002e-03 0.0000000000000000e+00 0.0000000000000000e+00 0.0000000000000000e+00 10004
 -7.0401424799999997e-04 0.0000000000000000e+00 0.0000000000000000e+00 0.0000000000000000e+00 01004
 4.1771769200000001e-03 0.0000000000000000e+00 0.0000000000000000e+00 0.0000000000000000e+00 00104
 2.6521246799999998e-01 0.0000000000000000e+00 0.0000000000000000e+00 0.0000000000000000e+00 00041
 3.4293861799999999e-02 0.0000000000000000e+00 0.0000000000000000e+00 0.0000000000000000e+00 00032
 2.7421903000000001e-02 0.0000000000000000e+00 0.0000000000000000e+00 0.0000000000000000e+00 00023
 3.8234677400000002e-03 0.0000000000000000e+00 0.0000000000000000e+00 0.0000000000000000e+00 00014
 1.4659581000000001e-03 0.0000000000000000e+00 0.0000000000000000e+00 0.0000000000000000e+00 00005
 -2.2197897499999999e+02 0.0000000000000000e+00 0.0000000000000000e+00 0.0000000000000000e+00 50001
 2.0814843300000002e+03 0.0000000000000000e+00 0.0000000000000000e+00 0.0000000000000000e+00 41001
 -4.3056093600000003e+02 0.0000000000000000e+00 0.0000000000000000e+00 0.0000000000000000e+00 32001
 -2.1805028799999999e+02 0.0000000000000000e+00 0.0000000000000000e+00 0.0000000000000000e+00 23001
 -5.5584450099999998e+01 0.0000000000000000e+00 0.0000000000000000e+00 0.0000000000000000e+00 14001
 -1.1364256800000000e+01 0.0000000000000000e+00 0.0000000000000000e+00 0.0000000000000000e+00 05001
 1.0843246300000000e+02 0.0000000000000000e+00 0.0000000000000000e+00 0.0000000000000000e+00 40101
 -9.3186493399999995e+02 0.0000000000000000e+00 0.0000000000000000e+00 0.0000000000000000e+00 31101
 -1.9297715800000000e+02 0.0000000000000000e+00 0.0000000000000000e+00 0.0000000000000000e+00 22101
 -2.8647338300000001e+01 0.0000000000000000e+00 0.0000000000000000e+00 0.0000000000000000e+00 13101
 -3.4101753399999999e+00 0.0000000000000000e+00 0.0000000000000000e+00 0.0000000000000000e+00 04101
 6.1327849800000003e+01 0.0000000000000000e+00 0.0000000000000000e+00 0.0000000000000000e+00 30201
 -4.3628918599999999e+01 0.0000000000000000e+00 0.0000000000000000e+00 0.0000000000000000e+00 21201
 -4.7152181900000002e+01 0.0000000000000000e+00 0.0000000000000000e+00 0.0000000000000000e+00 12201
 -1.4919883000000000e+01 0.0000000000000000e+00 0.0000000000000000e+00 0.0000000000000000e+00 03201
 5.8831090099999997e+01 0.0000000000000000e+00 0.0000000000000000e+00 0.0000000000000000e+00 20301
 -3.6337865000000001e+01 0.0000000000000000e+00 0.0000000000000000e+00 0.0000000000000000e+00 11301
 -8.0151232799999992e+00 0.0000000000000000e+00 0.0000000000000000e+00 0.0000000000000000e+00 02301
 -1.0494428700000000e+02 0.0000000000000000e+00 0.0000000000000000e+00 0.0000000000000000e+00 10401
 3.4771335299999997e+01 0.0000000000000000e+00 0.0000000000000000e+00 0.0000000000000000e+00 01401
 -1.2228812499999999e+02 0.0000000000000000e+00 0.0000000000000000e+00 0.0000000000000000e+00 00501
 -7.7545342300000002e+01 0.0000000000000000e+00 0.0000000000000000e+00 0.0000000000000000e+00 40011
 -6.4131444900000005e+01 0.0000000000000000e+00 0.0000000000000000e+00 0.0000000000000000e+00 31011
 -1.3985750500000000e+01 0.0000000000000000e+00 0.0000000000000000e+00 0.0000000000000000e+00 22011
 -2.3365408200000002e+00 0.0000000000000000e+00 0.0000000000000000e+00 0.0000000000000000e+00 13011
 -3.4059649100000000e-01 0.0000000000000000e+00 0.0000000000000000e+00 0.0000000000000000e+00 04011
 2.9339419400000001e+01 0.0000000000000000e+00 0.0000000000000000e+00 0.0000000000000000e+00 30111
 4.8114933100000002e+01 0.0000000000000000e+00 0.0000000000000000e+00 0.0000000000000000e+00 21111
 9.5017492400000005e+00 0.0000000000000000e+00 0.0000000000000000e+00 0.0000000000000000e+00 12111
 1.3883754100000001e+00 0.0000000000000000e+00 0.0000000000000000e+00 0.0000000000000000e+00 03111
 5.2479251499999997e+01 0.0000000000000000e+00 0.0000000000000000e+00 0.0000000000000000e+00 20211
 3.8005874199999998e+00 0.0000000000000000e+00 0.0000000000000000e+00 0.0000000000000000e+00 11211
 2.3455513600000000e-01 0.0000000000000000e+00 0.0000000000000000e+00 0.0000000000000000e+00 02211
 3.9580808500000003e+01 0.0000000000000000e+00 0.0000000000000000e+00 0.0000000000000000e+00 10311
 1.5256354200000001e+01 0.0000000000000000e+00 0.0000000000000000e+00 0.0000000000000000e+00 01311
 -7.2808032699999998e+00 0.0000000000000000e+00 0.0000000000000000e+00 0.0000000000000000e+00 00411
 -5.9749734599999999e+02 0.0000000000000000e+00 0.0000000000000000e+00 0.0000000000000000e+00 40002
 -1.0272174900000000e+02 0.0000000000000000e+00 0.0000000000000000e+00 0.0000000000000000e+00 31002
 -1.5368110700000001e+01 0.0000000000000000e+00 0.0000000000000000e+00 0.0000000000000000e+00 22002
 -2.1720831600000001e+00 0.0000000000000000e+00 0.0000000000000000e+00 0.0000000000000000e+00 13002
 -2.7460926400000002e-01 0.0000000000000000e+00 0.0000000000000000e+00 0.0000000000000000e+00 04002
 1.0683798299999999e+02 0.0000000000000000e+00 0.0000000000000000e+00 0.0000000000000000e+00 30102
 1.2376615800000000e+01 0.0000000000000000e+00 0.0000000000000000e+00 0.0000000000000000e+00 21102
 1.4653033000000000e+00 0.0000000000000000e+00 0.0000000000000000e+00 0.0000000000000000e+00 12102
 1.8539329299999999e-01 0.0000000000000000e+00 0.0000000000000000e+00 0.0000000000000000e+00 03102
 1.1888713100000000e+01 0.0000000000000000e+00 0.0000000000000000e+00 0.0000000000000000e+00 20202
 -2.5566998800000000e+00 0.0000000000000000e+00 0.0000000000000000e+00 0.0000000000000000e+00 11202
 -8.6380901700000001e-01 0.0000000000000000e+00 0.0000000000000000e+00 0.0000000000000000e+00 02202
 1.8804701399999999e+01 0.0000000000000000e+00 0.0000000000000000e+00 0.0000000000000000e+00 10302
 2.4966757999999998e+00 0.0000000000000000e+00 0.0000000000000000e+00 0.0000000000000000e+00 01302
 -3.9308849700000001e+00 0.0000000000000000e+00 0.0000000000000000e+00 0.0000000000000000e+00 00402
 1.2703465100000001e+01 0.0000000000000000e+00 0.0000000000000000e+00 0.0000000000000000e+00 30021
 7.9618751600000000e+00 0.0000000000000000e+00 0.0000000000000000e+00 0.0000000000000000e+00 21021
 1.6098250700000001e+00 0.0000000000000000e+00 0.0000000000000000e+00 0.0000000000000000e+00 12021
 2.5756567499999999e-01 0.0000000000000000e+00 0.0000000000000000e+00 0.0000000000000000e+00 03021
 5.9357450700000003e+00 0.0000000000000000e+00 0.0000000000000000e+00 0.0000000000000000e+00 20121
 6.7934845300000002e-01 0.0000000000000000e+00 0.0000000000000000e+00 0.0000000000000000e+00 11121
 7.5755015100000003e-02 0.0000000000000000e+00 0.0000000000000000e+00 0.0000000000000000e+00 02121
 7.3629458100000003e+00 0.0000000000000000e+00 0.0000000000000000e+00 0.0000000000000000e+00 10221
 2.3008013500000000e+00 0.0000000000000000e+00 0.0000000000000000e+00 0.0000000000000000e+00 01221
 -1.1838300700000000e-01 0.0000000000000000e+00 0.0000000000000000e+00 0.0000000000000000e+00 00321
 1.4425814500000000e+01 0.0000000000000000e+00 0.0000000000000000e+00 0.0000000000000000e+00 30012
 1.5265816299999999e+00 0.0000000000000000e+00 0.0000000000000000e+00 0.0000000000000000e+00 21012
 1.6302881699999999e-01 0.0000000000000000e+00 0.0000000000000000e+00 0.0000000000000000e+00 12012
 1.7168950900000000e-02 0.0000000000000000e+00 0.0000000000000000e+00 0.0000000000000000e+00 03012
 1.5074373400000001e+01 0.0000000000000000e+00 0.0000000000000000e+00 0.0000000000000000e+00 20112
 1.6070658300000000e+00 0.0000000000000000e+00 0.0000000000000000e+00 0.0000000000000000e+00 11112
 1.6646502299999999e-01 0.0000000000000000e+00 0.0000000000000000e+00 0.0000000000000000e+00 02112
 2.2880329700000002e+00 0.0000000000000000e+00 0.0000000000000000e+00 0.0000000000000000e+00 10212
 2.6541344900000002e-01 0.0000000000000000e+00 0.0000000000000000e+00 0.0000000000000000e+00 01212
 3.2668393000000000e+00 0.0000000000000000e+00 0.0000000000000000e+00 0.0000000000000000e+00 00312
 -1.4469480500000000e+00 0.0000000000000000e+00 0.0000000000000000e+00 0.0000000000000000e+00 30003
 -3.0155182100000000e-01 0.0000000000000000e+00 0.0000000000000000e+00 0.0000000000000000e+00 21003
 -9.7940595800000002e-02 0.0000000000000000e+00 0.0000000000000000e+00 0.0000000000000000e+00 12003
 -2.1887463300000000e-02 0.0000000000000000e+00 0.0000000000000000e+00 0.0000000000000000e+00 03003
 2.1373127700000000e-01 0.0000000000000000e+00 0.0000000000000000e+00 0.0000000000000000e+00 20103
 -4.2487175700000003e-03 0.0000000000000000e+00 0.0000000000000000e+00 0.0000000000000000e+00 11103
 -2.6398123599999999e-03 0.0000000000000000e+00 0.0000000000000000e+00 0.0000000000000000e+00 02103
 -3.9033618199999998e-01 0.0000000000000000e+00 0.0000000000000000e+00 0.0000000000000000e+00 10203
 -2.2056344900000000e-02 0.0000000000000000e+00 0.0000000000000000e+00 0.0000000000000000e+00 01203
 -2.5206106999999998e-02 0.0000000000000000e+00 0.0000000000000000e+00 0.0000000000000000e+00 00303
 8.3539572600000001e-01 0.0000000000000000e+00 0.0000000000000000e+00 0.0000000000000000e+00 20031
 1.0108242400000000e-01 0.0000000000000000e+00 0.0000000000000000e+00 0.0000000000000000e+00 11031
 1.1382651500000000e-02 0.0000000000000000e+00 0.0000000000000000e+00 0.0000000000000000e+00 02031
 9.6753924199999997e-01 0.0000000000000000e+00 0.0000000000000000e+00 0.0000000000000000e+00 10131
 2.8394057299999997e-01 0.0000000000000000e+00 0.0000000000000000e+00 0.0000000000000000e+00 01131
 7.0409468399999994e-02 0.0000000000000000e+00 0.0000000000000000e+00 0.0000000000000000e+00 00231
 1.9662115200000001e+00 0.0000000000000000e+00 0.0000000000000000e+00 0.0000000000000000e+00 20022
 2.1192966199999999e-01 0.0000000000000000e+00 0.0000000000000000e+00 0.0000000000000000e+00 11022
 2.2229702000000000e-02 0.0000000000000000e+00 0.0000000000000000e+00 0.0000000000000000e+00 02022
 1.9217672799999999e-01 0.0000000000000000e+00 0.0000000000000000e+00 0.0000000000000000e+00 10122
 2.0842935900000002e-02 0.0000000000000000e+00 0.0000000000000000e+00 0.0000000000000000e+00 01122
 4.0919772199999999e-01 0.0000000000000000e+00 0.0000000000000000e+00 0.0000000000000000e+00 00222
 1.1620879799999999e-02 0.0000000000000000e+00 0.0000000000000000e+00 0.0000000000000000e+00 20013
 -8.6175197900000000e-04 0.0000000000000000e+00 0.0000000000000000e+00 0.0000000000000000e+00 11013
 -3.6803400800000002e-04 0.0000000000000000e+00 0.0000000000000000e+00 0.0000000000000000e+00 02013
 -3.0559588299999999e-02 0.0000000000000000e+00 0.0000000000000000e+00 0.0000000000000000e+00 10113
 7.9282077300000002e-04 0.0000000000000000e+00 0.0000000000000000e+00 0.0000000000000000e+00 01113
 -1.0358131200000000e-03 0.0000000000000000e+00 0.0000000000000000e+00 0.0000000000000000e+00 00213
 -3.1766529600000003e-02 0.0000000000000000e+00 0.0000000000000000e+00 0.0000000000000000e+00 20004
 -8.6869289399999997e-03 0.0000000000000000e+00 0.0000000000000000e+00 0.0000000000000000e+00 11004
 -1.3033663300000000e-03 0.0000000000000000e+00 0.0000000000000000e+00 0.0000000000000000e+00 02004
 -4.8593005899999998e-03 0.0000000000000000e+00 0.0000000000000000e+00 0.0000000000000000e+00 10104
 -1.8132267699999999e-04 0.0000000000000000e+00 0.0000000000000000e+00 0.0000000000000000e+00 01104
 -2.2531301500000000e-02 0.0000000000000000e+00 0.0000000000000000e+00 0.0000000000000000e+00 00204
 1.0273608300000001e-01 0.0000000000000000e+00 0.0000000000000000e+00 0.0000000000000000e+00 10041
 3.1679181700000003e-02 0.0000000000000000e+00 0.0000000000000000e+00 0.0000000000000000e+00 01041
 1.7740698900000001e-02 0.0000000000000000e+00 0.0000000000000000e+00 0.0000000000000000e+00 00141
 1.2813031600000000e-02 0.0000000000000000e+00 0.0000000000000000e+00 0.0000000000000000e+00 10032
 1.3430987299999999e-03 0.0000000000000000e+00 0.0000000000000000e+00 0.0000000000000000e+00 01032
 4.4265491599999998e-02 0.0000000000000000e+00 0.0000000000000000e+00 0.0000000000000000e+00 00132
 -5.0074566800000003e-03 0.0000000000000000e+00 0.0000000000000000e+00 0.0000000000000000e+00 10023
 -3.6226490100000000e-05 0.0000000000000000e+00 0.0000000000000000e+00 0.0000000000000000e+00 01023
 -1.0084677400000000e-04 0.0000000000000000e+00 0.0000000000000000e+00 0.0000000000000000e+00 00123
 -2.5991156500000000e-04 0.0000000000000000e+00 0.0000000000000000e+00 0.0000000000000000e+00 10014
 -8.6598892899999998e-06 0.0000000000000000e+00 0.0000000000000000e+00 0.0000000000000000e+00 01014
 1.2643326200000000e-04 0.0000000000000000e+00 0.0000000000000000e+00 0.0000000000000000e+00 00114
 -3.7640531699999999e-04 0.0000000000000000e+00 0.0000000000000000e+00 0.0000000000000000e+00 10005
 -4.9526213000000003e-05 0.0000000000000000e+00 0.0000000000000000e+00 0.0000000000000000e+00 01005
 5.0543502499999998e-05 0.0000000000000000e+00 0.0000000000000000e+00 0.0000000000000000e+00 00105
 3.1877867700000001e-03 0.0000000000000000e+00 0.0000000000000000e+00 0.0000000000000000e+00 00051
 4.7427681699999998e-03 0.0000000000000000e+00 0.0000000000000000e+00 0.0000000000000000e+00 00042
 1.0854985800000000e-05 0.0000000000000000e+00 0.0000000000000000e+00 0.0000000000000000e+00 00033
 9.0835490000000001e-05 0.0000000000000000e+00 0.0000000000000000e+00 0.0000000000000000e+00 00024
 3.1187906300000002e-06 0.0000000000000000e+00 0.0000000000000000e+00 0.0000000000000000e+00 00015
 2.3269827100000001e-06 0.0000000000000000e+00 0.0000000000000000e+00 0.0000000000000000e+00 00006
 --------------------------------------------
