! Candidate angular fit; delta and xtar-dependent terms retained from frozen seed.
 --------------------------------------------
 7.5718096603266715e-04 -1.1122325685759176e-04 5.3273192074583531e-04 0.0000000000000000e+00 00000
 3.2973761498803517e-01 1.5724737643217728e-02 -5.1757596674298287e-03 2.4527718100000001e-01 10000
 -2.9886290229272898e+00 -1.3253795742391333e-01 3.9013175920575224e-02 1.7923725400000001e-01 01000
 -6.3255697432860651e-03 -4.5284501886389805e-01 2.7579151641411404e-01 1.5762221900000001e-02 00100
 1.3900496867080067e-01 2.4674015754381690e-02 -2.3387777987338865e+00 -2.7748113599999999e-02 00010
 -2.7862329699692301e-01 -2.1322126003593813e-02 1.2420140503599891e-02 -3.1763193899999997e-01 20000
 1.7777940551662006e+00 -2.1128699910346681e-02 -5.4137544795848001e-02 3.2294487900000002e+00 11000
 7.4950030734314028e+00 1.1697708094736190e+00 -1.7388359753603654e-02 9.9624983800000000e-01 02000
 -1.0240017081161647e-01 1.4069834591168027e+00 -4.2208842845852645e-01 -6.9868989000000006e-02 10100
 1.0968449323791754e+00 9.7758511118702496e-01 1.5678304109538327e-01 -2.7273720299999998e-01 01100
 1.2749257327650554e-01 6.2759405824465125e-02 9.2398705784738216e-03 -1.7795864400000000e-02 00200
 -1.8934663432459701e-02 -1.9392015822922549e+01 5.0862841884977632e+00 -1.7964206399999999e-01 10010
 -6.7674841958291287e-01 -2.1088618014499186e+01 4.1423160774493502e+00 5.1434082800000001e+00 01010
 2.1434292339517224e-02 -6.9215755291406555e-01 2.2571298577600704e-01 4.5628469799999999e-01 00110
 -3.8974952906826363e+00 3.3722253844585421e+00 -9.4248790144470040e-01 -6.4079203600000003e+00 00020
 1.2364073777148989e+00 1.1907688213380661e-01 -7.0057601840403314e-02 9.3683431900000003e-01 30000
 -2.4517843142750586e+01 -4.6243809613760034e-01 5.5550636167904777e-01 -1.3540589900000001e+01 21000
 1.6858175427408639e+02 -9.8740983459675959e+00 1.3430487662645196e+00 5.1879764199999997e+01 12000
 -4.4250835547921145e+02 6.3857222355885547e+01 -1.7009809228337897e+01 -2.0498985000000001e+01 03000
 2.7043496859453295e+00 -4.8651368986198449e+00 1.1854744313934125e+00 -3.1254219399999998e-02 20100
 -2.6836481870925120e+01 5.4124793596858240e+01 -1.2057393550570136e+01 2.8400841199999999e-01 11100
 3.3185101950872657e+01 -1.3569502456572289e+02 2.4405294679150273e+01 3.9556433100000001e+00 02100
 -1.8808125979731256e+00 3.4589690515560028e+00 -1.0348305781058884e+00 9.5431561099999995e-01 10200
 4.4138254424716168e+00 -2.9658029436931169e+01 6.3854739214767458e+00 -7.0688381700000003e+00 01200
 1.8581883080716293e+00 -5.5958251857293826e+00 3.2698722259411634e+00 -3.5820566700000001e-01 00300
 -8.3517925278638483e+00 6.1825722950537468e+01 -1.6754132627992909e+01 -2.7448817499999998e+00 20010
 9.5954681573931325e+01 -6.9841116685867212e+02 1.7292806319266836e+02 1.0681983600000001e+01 11010
 -1.4780902671934223e+02 1.8021445269082396e+03 -3.6279300305705095e+02 -4.6776265000000002e+01 02010
 -2.7408989339726970e+00 -5.0585650092197483e+01 1.6280440624587310e+01 4.3468718099999998e-01 10110
 1.5204019828723733e+02 4.5000384970115624e+02 -9.3866543011384593e+01 2.5692412099999999e+01 01110
 -1.6772436076891815e+01 1.1950800357734191e+02 -3.0278685073177979e+01 -3.1559352000000001e+00 00210
 1.8577752359516850e+02 1.3655524334012636e+01 -1.0145428494317054e+01 3.1907757499999999e+01 10020
 -1.7361792260083046e+03 -1.4447679076128296e+02 -5.9304218151867239e+01 -4.6789810199999999e+02 01020
 8.9131105593307538e+01 -1.4210437062190979e+03 2.7928784504493711e+02 3.4179037000000001e+01 00120
 -3.1375165026655716e+00 6.1411255518112621e+03 -1.0128566482212135e+03 -7.1508536199999995e+01 00030
 -8.3696209817904688e+00 -2.8318374994234768e-01 -1.9236169840320833e-01 -2.3027877499999998e+00 40000
 1.9097363789587996e+02 6.4874802816872439e+00 5.4363798245441934e+00 5.8024830899999998e+01 31000
 -1.5320171512555055e+03 -1.0254151354558785e+02 -5.0301653233869537e+01 -4.9156237399999998e+02 22000
 4.9015236267876380e+03 8.5036579872743130e+02 1.5383284035388323e+02 1.7182972100000000e+03 13000
 -4.4574754067112608e+03 -2.5625057457285789e+03 -1.3196856343855231e+02 -1.9501040300000000e+03 04000
 -2.5137909465796952e+01 1.0319400192908116e+01 -2.2560407847103665e+00 -1.4621283800000000e+00 30100
 4.2434519951806391e+02 -1.3105472860346117e+02 3.1343560987348724e+01 4.7295753499999996e+01 21100
 -2.4231527566109958e+03 2.8211335662479178e+02 -6.1779948261363323e+01 -4.3237295599999999e+02 12100
 5.1354694997847200e+03 6.8977574231083349e+02 -2.6809676623792581e+02 1.3233994800000000e+03 03100
 9.6161170675293413e+00 -1.8413249824540237e+01 1.1472130850629700e+00 -1.0047251200000000e+00 20200
 -8.7060631773030195e+01 1.6500484323251015e+02 -7.4814717042209127e+00 1.6743462399999999e+01 11200
 2.7058247200893129e+02 -5.1007490427590334e+01 -1.3840202587481357e+02 -6.7273158699999996e+01 02200
 -2.7505788582965959e+01 3.4302008492669785e+01 -6.7647369684411620e+00 4.9815545700000001e+00 10300
 8.8179805020661661e+01 -4.1714197870145373e+00 -1.0734149246076987e+02 -3.7436718100000000e+01 01300
 -9.8242978781865872e-02 -1.5186524009806389e+01 4.7138829069617749e+00 3.8352631700000002e+00 00400
 1.3728279517029074e+02 -1.6678933902082466e+02 4.0268566833682769e+01 2.0406354700000001e+01 30010
 -1.7774221269948041e+03 2.4323814581445404e+03 -6.4689920096379899e+02 -5.2187064599999997e+02 21010
 7.1058603034308489e+03 -9.2437988609133572e+03 2.9157102687839706e+03 4.0218560800000000e+03 12010
 -1.4913135942290293e+04 4.7634591608015053e+03 -3.1081093264239371e+03 -1.1081659400000000e+04 03010
 -1.8885859116418439e+02 5.2958798712763848e+02 -8.1543706330233476e+01 -2.6109065900000001e+01 20110
 1.5351636412222467e+03 -4.7491615208062176e+03 5.4390311000826614e+02 3.4366059500000000e+02 11110
 -4.5288328723429286e+03 3.0977327467597420e+03 1.6670966142825921e+03 -9.7405222100000003e+02 02110
 4.4421773133962478e+02 -9.5644333465636237e+02 2.7259749004979852e+02 -3.6510193000000001e+01 10210
 -1.4502695733275093e+03 1.9616974525411633e+03 7.3609243725893634e+02 2.9243684000000002e+02 01210
 -8.6346320325461846e+01 -1.3652040835960355e+02 2.7208718415259983e+02 -8.4939199799999997e+01 00310
 4.4771812831701976e+02 -2.4517688181989115e+03 6.1115924790892961e+02 4.0636932100000001e+02 20020
 -1.9939084732242020e+03 1.9173808414961968e+04 -4.8436740073702913e+03 -4.5869649099999997e+03 11020
 1.3107133728760837e+04 5.5836350944878841e+03 -1.2898555035425929e+03 9.3584628599999996e+03 02020
 -1.7851538656292623e+03 6.1867852284436121e+03 -4.7424804457806295e+02 6.0264629700000000e+01 10120
 4.6568944494581856e+03 -1.7067334296485849e+04 3.2827845251437884e+02 -6.9720597099999998e+02 01120
 1.2443833254510887e+03 6.4568143985121628e+02 -1.4149810563388198e+03 7.2697501299999999e+02 00220
 1.0730897370657863e+03 -2.7021538446402341e+04 5.7083511275631581e+03 5.3606629499999997e+02 10030
 1.9803906112383407e+04 8.3804573322630269e+04 -1.8199448732308934e+04 -2.3364836399999999e+03 01030
 -2.0032968566588290e+04 1.4921046111190359e+04 -1.1230577136132108e+04 -1.6674671400000000e+03 00130
 9.7025831782810521e+04 -9.0536256140401980e+04 6.0658717001180448e+04 3.9121164899999999e+03 00040
 2.9233139982906227e+01 -6.0873588428700867e+00 3.4097651646254286e+00 4.9678190300000002e+00 50000
 -6.7102691464257157e+02 1.9482580196271766e+02 -1.0854713586819376e+02 -2.1463550799999999e+02 41000
 4.8061957963292243e+03 -2.4056298643729970e+03 1.3879678488236168e+03 3.4385126599999999e+03 32000
 -4.6385463168567148e+03 1.2909211533556670e+04 -8.3894112512715510e+03 -2.7888407800000001e+04 23000
 -7.3929595375385528e+04 -2.3141333578416790e+04 2.1708738322750974e+04 1.1885052899999999e+05 14000
 2.1641287910625615e+05 -1.9569434242061860e+04 -1.2357553594809135e+04 -2.0979779999999999e+05 05000
 6.3339221682967107e+01 -1.2216265524515846e+01 3.9420689510737770e+00 3.0790796100000000e+00 40100
 -9.6000759972232197e+02 1.1184775186171619e+02 -1.0941820506499953e+02 -7.1757031799999993e+01 31100
 1.0003326083800849e+03 1.9390781568264631e+03 1.0701618551824984e+03 1.7523077900000001e+02 22100
 3.3081364793497574e+04 -2.2934752127113101e+04 -5.0553185339100046e+03 3.6607079199999998e+03 13100
 -9.0335237401683131e+04 6.3024620226499806e+04 9.4118772902896799e+03 -1.8679771700000001e+04 04100
 -2.4299502663127846e+01 3.6690834079949830e+01 8.9197649378472015e+00 -9.8292970799999999e+00 30200
 5.3779668246057383e+02 -4.1370419807117764e+02 2.9746406951592794e+00 2.2322339500000001e+02 21200
 -3.8883632508860355e+03 9.4065772480628866e+01 -1.5315334177173527e+03 -1.9345593400000000e+03 12200
 1.0551235777609429e+04 3.0984343587137373e+03 9.8836677990858625e+03 6.2959604900000004e+03 03200
 1.2395336905614124e+02 -1.1490651428844529e+02 7.5071723015127230e+00 7.5324127100000000e+00 20300
 -1.0271854900746675e+03 3.0345270591039360e+02 1.0527601037016555e+02 -1.7311873199999999e+02 11300
 2.6423028315011911e+03 -1.2280369597819620e+03 2.7069416946630186e+03 1.0774482200000000e+03 02300
 1.0436388969796205e+02 6.6593114205125275e+01 3.7096944684708383e+01 -1.1124031400000001e+00 10400
 -6.9267145676014297e+02 2.8651840610546753e+02 1.4042273890458679e+00 -1.0768688200000000e+02 01400
 1.7777352253295415e+01 6.6502884310623458e+01 -9.9148472189244487e+01 -1.3675491200000001e+00 00500
 -1.1257430858532496e+03 2.8561816843783572e+02 -3.2405050333886749e+01 -4.8581986499999999e+01 40010
 2.2602544253110227e+04 -3.6122804542654881e+03 3.6562471894254014e+02 1.9529719100000000e+03 31010
 -1.4731642541472486e+05 -1.0380809697378834e+04 3.0214871043920893e+03 -2.0776508900000001e+04 22010
 2.9468155049735092e+05 2.5980118905403826e+05 -4.1522416576950563e+04 7.9440774900000004e+04 13010
 6.4329034950209883e+04 -8.1483497718594456e+05 9.2661521861121000e+04 -7.1841567599999995e+04 04010
 1.8577360910816151e+03 -2.0254617953384875e+03 -6.7376168001837797e+00 6.3779292800000000e+01 30110
 -3.5568463895291403e+04 2.9145633332079156e+04 -8.5876217353865695e+02 -1.7658266000000001e+03 21110
 2.4202194506517673e+05 -1.0809441601394060e+05 9.1695599632339927e+03 1.1961652899999999e+04 12110
 -5.9583867923531367e+05 9.7165152411729534e+04 -5.7676280514377380e+04 -3.6062570899999999e+04 03110
 -1.8488660460484532e+03 3.8619483229918042e+03 5.4384328791554516e+01 -8.6987571199999998e+00 20210
 7.5324523088856699e+02 -2.2850097468331038e+04 -1.0813139798368071e+04 1.6077307200000000e+03 11210
 4.8280395203298198e+04 8.2161935965685945e+04 -3.0613922092180546e+04 -1.1675984399999999e+04 02210
 -5.9114174032111225e+02 -1.2804003151958877e+03 -1.8824461588365548e+03 1.6598224700000000e+02 10310
 3.8740173076785131e+03 5.2123117270394441e+03 -1.0400501741566690e+04 9.4686973100000000e+02 01310
 -8.4816047373982997e+02 1.1956118287353809e+03 2.7301057066682142e+02 1.6439557600000001e+02 00410
 -1.5531532916439590e+04 1.4693571844775410e+04 -1.2080489050284207e+03 -2.4076491099999998e+03 30020
 2.9671528344590700e+05 -1.9789422871574434e+05 1.7681518598558370e+04 5.5520991600000001e+04 21020
 -2.0549823444023032e+06 6.6574344910649117e+05 -6.3737471183100541e+04 -4.1814969699999999e+05 12020
 5.3150831262415620e+06 -6.2949420970428793e+05 1.3703621541224097e+05 1.1185970900000001e+06 03020
 2.0467970875475767e+04 -3.7180115478378117e+04 9.9387743742561599e+02 3.3250162999999998e+02 20120
 -7.3415958388731713e+04 2.5344297541333648e+05 8.8585964061283536e+04 -1.4254245100000000e+04 11120
 -3.1467877232156176e+05 -7.1317221080161992e+05 1.2693793051136500e+05 5.2657758800000003e+04 02120
 -2.0913728312744734e+04 -1.0859335715333766e+04 4.7022031362015616e+04 -3.9989584300000001e+03 10220
 7.6323447546746334e+04 -2.2318459841061460e+04 7.9271871885676766e+04 2.5102144300000000e+04 01220
 1.8391719917160615e+04 2.4660110976078355e+04 7.0746262719808249e+02 9.0266857599999994e+01 00320
 -8.0778088734384757e+04 6.9356717622869488e+04 2.9987779746737808e+04 -9.3089900000000000e+02 20030
 4.5845034720712528e+05 -1.0466681928201348e+06 2.3650288199508504e+04 3.9788767800000001e+04 11030
 1.0617928300149378e+06 3.4349216355461390e+06 -1.1959044024637700e+06 -1.1875274700000000e+05 02030
 1.4577842130228100e+05 1.6551037513940089e+05 -3.0502076625761815e+05 2.9493169800000000e+04 10130
 -6.2571570045465732e+05 -5.3021330002506648e+05 -9.9623170269493829e+04 -2.5987719800000000e+05 01130
 -1.8701129000208041e+05 -6.4984892560185504e+05 7.1750407214068775e+02 1.1004152400000000e+03 00230
 -2.3266116129057188e+05 -3.2225246236378152e+05 4.6727979286186281e+05 -1.3196676600000001e+04 10040
 1.8005806016812834e+06 1.2565886843863653e+06 1.8061697131962533e+05 3.0309427799999999e+05 01040
 1.0611766276314147e+06 3.5871110213116868e+06 6.3783011791600473e+05 -1.7333469400000002e+04 00140
 -3.0216729774297806e+06 -6.9915037173137292e+06 -2.9626518058984466e+06 3.0963153100000000e+04 00050
 -3.3460601294352024e+01 2.6498413069277053e+01 -8.3822741631315729e+00 0.0000000000000000e+00 60000
 6.4882570652027050e+02 -1.2138705851265918e+03 3.6500992671824838e+02 0.0000000000000000e+00 51000
 -4.3142579372009749e+02 2.4421903678648494e+04 -6.9531025811974105e+03 0.0000000000000000e+00 42000
 -6.7120558602215708e+04 -2.6780916499481758e+05 7.2511191572995827e+04 0.0000000000000000e+00 33000
 5.2302673275210848e+05 1.6758218216661441e+06 -4.3419647806194855e+05 0.0000000000000000e+00 24000
 -1.3056915561303284e+06 -5.7278460149274776e+06 1.4257422511724483e+06 0.0000000000000000e+00 15000
 5.5650013839783706e+05 8.4356780818060338e+06 -2.0144872356122532e+06 0.0000000000000000e+00 06000
 -2.1568202717302515e+01 -5.7163593436306881e+00 -1.8312473831023179e+00 0.0000000000000000e+00 50100
 -3.7520083317461649e+02 1.4841695196245431e+02 6.0477020425930057e+01 0.0000000000000000e+00 41100
 1.3902883345780743e+04 -2.4348918266723458e+03 4.8883272220806651e+02 0.0000000000000000e+00 32100
 -6.6067409160237730e+04 4.2828235742465858e+03 -1.8927741897470452e+04 0.0000000000000000e+00 23100
 -1.7356489035003522e+05 1.3748524723066518e+05 1.3271143095897743e+05 0.0000000000000000e+00 14100
 6.6785095346661389e+05 -6.0859055066308158e+05 -2.3543507240112696e+05 0.0000000000000000e+00 05100
 -2.7056353718927820e+01 -2.2604864814162198e+01 -4.5562424259327422e+01 0.0000000000000000e+00 40200
 8.4026080778101414e+02 3.2154598664574831e+02 1.1011703556546690e+03 0.0000000000000000e+00 31200
 -1.0854637484593739e+04 -1.0469172109596134e+03 -1.3170435237706535e+04 0.0000000000000000e+00 22200
 5.5499533107913558e+04 1.6199380394625659e+04 9.6141802883023964e+04 0.0000000000000000e+00 13200
 -1.4292742257156927e+05 -5.1897681948891135e+04 -2.9276425645992224e+05 0.0000000000000000e+00 04200
 -1.4258956030530828e+02 1.6054384443683614e+02 6.4479985664433377e+00 0.0000000000000000e+00 30300
 1.3027183394047106e+03 -2.2904834776410050e+02 -6.0603620012349984e+02 0.0000000000000000e+00 21300
 -1.8362387417719146e+03 -5.9705126022722116e+03 2.0859166434310023e+03 0.0000000000000000e+00 12300
 -8.7531166051633991e+03 2.3463922315257001e+04 -3.3418428441807198e+04 0.0000000000000000e+00 03300
 -2.4888697306275446e+02 -1.0753483892654435e+02 -8.3415259907774328e+01 0.0000000000000000e+00 20400
 1.5528729812557071e+03 2.8521840695387840e+02 6.2342198430509109e+02 0.0000000000000000e+00 11400
 5.0924095265425049e+03 -6.1431813692288006e+03 -3.2836660220781846e+03 0.0000000000000000e+00 02400
 4.1923186569102512e+01 -2.4558669930170822e+02 2.1134088979901463e+02 0.0000000000000000e+00 10500
 -4.3655986097599134e+02 3.9534755377014608e+02 1.1687279149642477e+03 0.0000000000000000e+00 01500
 -1.9958340295241069e+02 -5.2924169336896000e+01 -2.8072595199045168e+02 0.0000000000000000e+00 00600
 2.5745744677198677e+03 2.9706182700210504e+00 2.0682487770948292e+01 0.0000000000000000e+00 50010
 -6.5566425737344602e+04 -7.2067288890870259e+03 -6.7413654625306185e+02 0.0000000000000000e+00 41010
 5.9999766166208428e+05 1.8422611707639150e+05 3.9641177831632740e+03 0.0000000000000000e+00 32010
 -2.8617630358205182e+06 -1.3531935691312146e+06 5.6279329500600332e+04 0.0000000000000000e+00 23010
 9.2107011309375800e+06 2.2457722127923267e+06 -8.2714454631051153e+05 0.0000000000000000e+00 14010
 -1.2444836723413296e+07 4.9383027190812668e+06 2.2600101622633538e+06 0.0000000000000000e+00 05010
 -4.2624197162732789e+03 3.2798539121537774e+03 -2.0175726777581524e+01 0.0000000000000000e+00 40110
 1.0475543862004494e+05 -5.5764298587556375e+04 7.9061127171137578e+03 0.0000000000000000e+00 31110
 -8.3746988459189597e+05 2.0536117995248755e+05 -1.1641935898874351e+05 0.0000000000000000e+00 22110
 2.4170707200182560e+06 3.0956610741665707e+04 4.6761871612092556e+05 0.0000000000000000e+00 13110
 -6.0124405851541623e+05 -3.1468934229065635e+05 -5.6917530401391792e+04 0.0000000000000000e+00 04110
 5.9462827847609860e+03 -6.0077657936284158e+03 -7.7562433769092956e+02 0.0000000000000000e+00 30210
 -1.0588562770557000e+05 3.0877565064049031e+04 1.7241183614516471e+04 0.0000000000000000e+00 21210
 8.8913908231372002e+05 1.7511767400180016e+05 8.4241377006166484e+04 0.0000000000000000e+00 12210
 -2.7083247439150601e+06 -1.3493302080710165e+06 2.2232504258438855e+05 0.0000000000000000e+00 03210
 -8.8499671344492174e+02 3.7253970907227149e+03 2.8933465545382314e+03 0.0000000000000000e+00 20310
 1.2711613063258901e+04 6.6974961491086642e+03 -5.2026643961540831e+03 0.0000000000000000e+00 11310
 -1.5361446425150128e+05 3.6094857349853646e+03 1.1958852515917312e+05 0.0000000000000000e+00 02310
 5.4096718958671127e+03 1.0800597222387710e+03 -5.6462828619500378e+03 0.0000000000000000e+00 10410
 -3.3812923335317566e+04 -3.5764076979207261e+04 1.5096866813602199e+04 0.0000000000000000e+00 01410
 1.0168330884931904e+04 8.3086798384874635e+02 1.3326986606776236e+04 0.0000000000000000e+00 00510
 4.0141060948240171e+04 -4.1150107490809489e+04 1.7670570117748164e+02 0.0000000000000000e+00 40020
 -9.3922476685864222e+05 7.8513943112570350e+05 -5.3617638406047161e+04 0.0000000000000000e+00 31020
 6.8395925136213666e+06 -4.2851617699214770e+06 9.0023833253319759e+05 0.0000000000000000e+00 22020
 -1.3061737695452519e+07 6.2155328624616126e+06 -5.4171603009956824e+06 0.0000000000000000e+00 13020
 -2.0867562052382797e+07 -9.0025751702944399e+05 1.0493015713252015e+07 0.0000000000000000e+00 04020
 -5.7271495308054713e+04 7.5991336033260508e+04 3.3969511142581738e+04 0.0000000000000000e+00 30120
 1.0929207576275310e+06 -5.5065904213883088e+05 -7.2620548040832614e+05 0.0000000000000000e+00 21120
 -1.0340749691301404e+07 -6.2987833978701022e+05 9.7442985394219332e+05 0.0000000000000000e+00 12120
 3.2415634343617450e+07 1.3977937938508773e+07 -2.3215631110745328e+05 0.0000000000000000e+00 03120
 8.6450746999066323e+04 1.6181990856636050e+04 -9.5105696249341985e+04 0.0000000000000000e+00 20220
 -3.1923543240488385e+05 -2.0050915699670944e+05 -5.7578593141439684e+04 0.0000000000000000e+00 11220
 -2.5333073544230213e+05 2.0125304336298455e+06 -1.9838608638800506e+06 0.0000000000000000e+00 02220
 -1.6858035190096693e+05 -1.5251251027340419e+04 4.7264798236322036e+04 0.0000000000000000e+00 10320
 1.0318480667525236e+06 -9.6213722563085743e+04 -4.0604271699141792e+05 0.0000000000000000e+00 01320
 -1.5591819954869975e+05 -1.3004625510593649e+05 -2.1271397481321954e+05 0.0000000000000000e+00 00420
 2.4110937406699249e+05 -7.3481604482524155e+04 -2.4513136009701394e+05 0.0000000000000000e+00 30030
 -3.7536287730352059e+06 -3.8940080904943794e+06 6.3917195312670637e+06 0.0000000000000000e+00 21030
 2.3595505564780511e+07 4.3369758138148621e+07 -2.2139721296222687e+07 0.0000000000000000e+00 12030
 -3.5336733128849074e+07 -1.4468803050374755e+08 1.6974253646090172e+07 0.0000000000000000e+00 03030
 -7.8464917004110641e+05 -1.1785192428465036e+06 1.6105720618309355e+06 0.0000000000000000e+00 20130
 6.0916228978572052e+05 6.3104484699357376e+06 -4.9404246041673077e+06 0.0000000000000000e+00 11130
 1.5058731647297870e+07 -3.2229771547118016e+07 3.2422874297475260e+07 0.0000000000000000e+00 02130
 2.5450621433262620e+06 2.7164075917300517e+06 -9.2828999282186083e+05 0.0000000000000000e+00 10230
 -1.5996007346912675e+07 7.6427599722565906e+06 3.4464578840261316e+06 0.0000000000000000e+00 01230
 1.4537938974398922e+06 2.1758813855599696e+06 2.3612310739791128e+06 0.0000000000000000e+00 00330
 9.6429123021419591e+05 8.0718021168562574e+06 -7.7507673490363434e+06 0.0000000000000000e+00 20040
 1.6212050879633849e+07 -5.7983924663132526e+07 4.3717700876229800e+07 0.0000000000000000e+00 11040
 -9.0831183079377294e+07 2.0474833343653005e+08 -1.9187651399564466e+08 0.0000000000000000e+00 02040
 -1.9840768247730426e+07 -3.3078480565982390e+07 1.0289232211843634e+07 0.0000000000000000e+00 10140
 1.3813750509672761e+08 -3.8741334631214820e+07 -2.8003450845807906e+07 0.0000000000000000e+00 01140
 -1.9663788923581243e+07 -3.2736555614038035e+06 -2.5412103688846167e+07 0.0000000000000000e+00 00240
 5.6309590681463048e+07 1.0438809145096083e+08 -2.9774506824518338e+07 0.0000000000000000e+00 10050
 -4.3483873159549958e+08 5.0547609646406509e+06 1.0103472822285074e+08 0.0000000000000000e+00 01050
 1.7061940571693125e+08 -8.7954689018755585e+07 1.5964527344898695e+08 0.0000000000000000e+00 00150
 -4.9148310957216203e+08 3.4531850156587511e+08 -3.6642298610087270e+08 0.0000000000000000e+00 00060
 1.1258424199999999e+00 0.0000000000000000e+00 0.0000000000000000e+00 7.6817769999999996e-01 00001
 -3.3092960599999999e+00 0.0000000000000000e+00 0.0000000000000000e+00 -1.2482495400000000e+00 10001
 9.5582156000000005e+00 0.0000000000000000e+00 0.0000000000000000e+00 7.1898036500000000e+00 01001
 -1.2807550800000000e+01 0.0000000000000000e+00 0.0000000000000000e+00 -1.7948002400000000e+00 00002
 3.1328287000000000e+01 0.0000000000000000e+00 0.0000000000000000e+00 4.3097902599999998e+00 20001
 -3.6635859399999998e+02 0.0000000000000000e+00 0.0000000000000000e+00 -4.7514103499999997e+01 11001
 1.2812726399999999e+03 0.0000000000000000e+00 0.0000000000000000e+00 1.2740499699999999e+02 02001
 8.4649294600000005e+00 0.0000000000000000e+00 0.0000000000000000e+00 1.5213236200000000e+00 00201
 -2.1218133200000000e+02 0.0000000000000000e+00 0.0000000000000000e+00 -4.4842024199999997e+01 00111
 8.6216804499999995e+01 0.0000000000000000e+00 0.0000000000000000e+00 1.3903586900000001e+01 10002
 -2.0237557699999999e+02 0.0000000000000000e+00 0.0000000000000000e+00 -7.5177002500000000e+01 01002
 1.2924057499999999e+03 0.0000000000000000e+00 0.0000000000000000e+00 3.3294530099999997e+02 00021
 1.5246574300000000e+02 4.1239841799999999e+02 -1.1855168000000000e+02 0.0000000000000000e+00 00012
 5.6814234300000003e+01 0.0000000000000000e+00 0.0000000000000000e+00 1.5595186500000001e+01 00003
 -1.1109064100000001e+02 0.0000000000000000e+00 0.0000000000000000e+00 -1.5717735800000000e+01 30001
 1.3012309000000000e+03 0.0000000000000000e+00 0.0000000000000000e+00 2.4992499500000000e+02 21001
 -3.3776413699999998e+03 0.0000000000000000e+00 0.0000000000000000e+00 -1.2056100300000001e+03 12001
 -1.0805725299999999e+03 0.0000000000000000e+00 0.0000000000000000e+00 1.6507063800000001e+03 03001
 -2.0675836699999999e+02 0.0000000000000000e+00 0.0000000000000000e+00 -8.6394541199999999e+00 10201
 1.2861228000000001e+03 0.0000000000000000e+00 0.0000000000000000e+00 5.1734533999999996e+01 01201
 4.5738898999999998e+02 0.0000000000000000e+00 0.0000000000000000e+00 2.4632876999999999e+02 10111
 3.1552100700000000e+02 0.0000000000000000e+00 0.0000000000000000e+00 -1.4688802499999999e+03 01111
 -2.8637608399999999e+00 0.0000000000000000e+00 0.0000000000000000e+00 -7.7696205800000001e+01 20002
 -2.8453250400000002e+02 0.0000000000000000e+00 0.0000000000000000e+00 8.0826721799999996e+02 11002
 -5.4968678599999997e+01 0.0000000000000000e+00 0.0000000000000000e+00 -1.8872739300000001e+03 02002
 -8.9490322900000001e+02 0.0000000000000000e+00 0.0000000000000000e+00 -1.3172162699999999e+01 00202
 -5.8186814800000001e+01 0.0000000000000000e+00 0.0000000000000000e+00 -1.7587238100000000e+03 10021
 2.8100110300000001e+01 0.0000000000000000e+00 0.0000000000000000e+00 1.0443614200000000e+04 01021
 2.4986902400000002e+01 0.0000000000000000e+00 0.0000000000000000e+00 3.7717688900000002e+02 00112
 -4.7104892700000001e+00 0.0000000000000000e+00 0.0000000000000000e+00 -1.7433297400000001e+02 10003
 -9.4935661400000004e-01 0.0000000000000000e+00 0.0000000000000000e+00 8.9351807699999995e+02 01003
 5.9109615599999996e+00 0.0000000000000000e+00 0.0000000000000000e+00 -2.7085707800000000e+03 00022
 1.0590745000000000e-01 0.0000000000000000e+00 0.0000000000000000e+00 -1.4915634900000001e+02 00004
 7.4420433400000000e-02 0.0000000000000000e+00 0.0000000000000000e+00 0.0000000000000000e+00 00101
 -9.3204445700000005e-01 0.0000000000000000e+00 0.0000000000000000e+00 0.0000000000000000e+00 00011
 2.8452158100000000e+00 0.0000000000000000e+00 0.0000000000000000e+00 0.0000000000000000e+00 10101
 -2.5439373000000000e+01 0.0000000000000000e+00 0.0000000000000000e+00 0.0000000000000000e+00 01101
 1.3705155500000000e+01 0.0000000000000000e+00 0.0000000000000000e+00 0.0000000000000000e+00 10011
 -7.2542508699999999e+01 0.0000000000000000e+00 0.0000000000000000e+00 0.0000000000000000e+00 01011
 1.1188551900000000e+01 0.0000000000000000e+00 0.0000000000000000e+00 0.0000000000000000e+00 00102
 -2.9857603999999998e+01 0.0000000000000000e+00 0.0000000000000000e+00 0.0000000000000000e+00 20101
 2.5760759400000001e+02 0.0000000000000000e+00 0.0000000000000000e+00 0.0000000000000000e+00 11101
 2.2280062200000000e+02 0.0000000000000000e+00 0.0000000000000000e+00 0.0000000000000000e+00 02101
 -5.7470399800000003e+00 0.0000000000000000e+00 0.0000000000000000e+00 0.0000000000000000e+00 00301
 -5.8377417100000002e+01 0.0000000000000000e+00 0.0000000000000000e+00 0.0000000000000000e+00 20011
 -7.5798640700000007e+01 0.0000000000000000e+00 0.0000000000000000e+00 0.0000000000000000e+00 11011
 -2.0030666900000000e+01 0.0000000000000000e+00 0.0000000000000000e+00 0.0000000000000000e+00 02011
 8.1569985000000003e+01 0.0000000000000000e+00 0.0000000000000000e+00 0.0000000000000000e+00 00211
 3.9907235700000001e+01 0.0000000000000000e+00 0.0000000000000000e+00 0.0000000000000000e+00 10102
 2.6133789799999999e+01 0.0000000000000000e+00 0.0000000000000000e+00 0.0000000000000000e+00 01102
 1.1102801200000000e+01 0.0000000000000000e+00 0.0000000000000000e+00 0.0000000000000000e+00 00121
 1.5806418400000000e+01 0.0000000000000000e+00 0.0000000000000000e+00 0.0000000000000000e+00 10012
 2.5233279000000000e+00 0.0000000000000000e+00 0.0000000000000000e+00 0.0000000000000000e+00 01012
 1.4961163900000001e+00 0.0000000000000000e+00 0.0000000000000000e+00 0.0000000000000000e+00 00103
 2.9442717200000001e+00 0.0000000000000000e+00 0.0000000000000000e+00 0.0000000000000000e+00 00031
 1.9644430600000001e-01 0.0000000000000000e+00 0.0000000000000000e+00 0.0000000000000000e+00 00013
 1.6957368000000000e+02 0.0000000000000000e+00 0.0000000000000000e+00 0.0000000000000000e+00 40001
 -1.1884030900000000e+03 0.0000000000000000e+00 0.0000000000000000e+00 0.0000000000000000e+00 31001
 -2.5640085899999999e+03 0.0000000000000000e+00 0.0000000000000000e+00 0.0000000000000000e+00 22001
 -7.9612626599999999e+02 0.0000000000000000e+00 0.0000000000000000e+00 0.0000000000000000e+00 13001
 -1.7013585599999999e+02 0.0000000000000000e+00 0.0000000000000000e+00 0.0000000000000000e+00 04001
 2.5273732400000000e+01 0.0000000000000000e+00 0.0000000000000000e+00 0.0000000000000000e+00 30101
 -3.0211779799999999e+02 0.0000000000000000e+00 0.0000000000000000e+00 0.0000000000000000e+00 21101
 1.0508874799999999e+01 0.0000000000000000e+00 0.0000000000000000e+00 0.0000000000000000e+00 12101
 1.7954560900000001e+01 0.0000000000000000e+00 0.0000000000000000e+00 0.0000000000000000e+00 03101
 3.9304286900000000e+02 0.0000000000000000e+00 0.0000000000000000e+00 0.0000000000000000e+00 20201
 -2.6547935800000000e+03 0.0000000000000000e+00 0.0000000000000000e+00 0.0000000000000000e+00 11201
 -6.7520795899999996e+02 0.0000000000000000e+00 0.0000000000000000e+00 0.0000000000000000e+00 02201
 3.1537455800000000e+01 0.0000000000000000e+00 0.0000000000000000e+00 0.0000000000000000e+00 10301
 -6.6287274900000000e+01 0.0000000000000000e+00 0.0000000000000000e+00 0.0000000000000000e+00 01301
 1.1048366800000000e+01 0.0000000000000000e+00 0.0000000000000000e+00 0.0000000000000000e+00 00401
 5.3995273300000001e+01 0.0000000000000000e+00 0.0000000000000000e+00 0.0000000000000000e+00 30011
 1.9851422299999999e+01 0.0000000000000000e+00 0.0000000000000000e+00 0.0000000000000000e+00 21011
 6.9951277899999997e+00 0.0000000000000000e+00 0.0000000000000000e+00 0.0000000000000000e+00 12011
 2.0305896899999998e+00 0.0000000000000000e+00 0.0000000000000000e+00 0.0000000000000000e+00 03011
 -4.1475572199999999e+02 0.0000000000000000e+00 0.0000000000000000e+00 0.0000000000000000e+00 20111
 -2.4292429500000000e+02 0.0000000000000000e+00 0.0000000000000000e+00 0.0000000000000000e+00 11111
 -5.3283176900000001e+01 0.0000000000000000e+00 0.0000000000000000e+00 0.0000000000000000e+00 02111
 1.4085442600000000e+01 0.0000000000000000e+00 0.0000000000000000e+00 0.0000000000000000e+00 10211
 -7.1897002499999996e+00 0.0000000000000000e+00 0.0000000000000000e+00 0.0000000000000000e+00 01211
 4.6617528200000002e+01 0.0000000000000000e+00 0.0000000000000000e+00 0.0000000000000000e+00 00311
 3.2702350999999999e+02 0.0000000000000000e+00 0.0000000000000000e+00 0.0000000000000000e+00 30002
 -4.6760376399999998e+01 0.0000000000000000e+00 0.0000000000000000e+00 0.0000000000000000e+00 21002
 -1.3113077600000000e+01 0.0000000000000000e+00 0.0000000000000000e+00 0.0000000000000000e+00 12002
 -2.1460877500000000e+00 0.0000000000000000e+00 0.0000000000000000e+00 0.0000000000000000e+00 03002
 -4.0516263400000003e+02 0.0000000000000000e+00 0.0000000000000000e+00 0.0000000000000000e+00 20102
 -3.7832739400000001e+01 0.0000000000000000e+00 0.0000000000000000e+00 0.0000000000000000e+00 11102
 -3.2861643300000001e+00 0.0000000000000000e+00 0.0000000000000000e+00 0.0000000000000000e+00 02102
 -7.9775662299999999e+02 0.0000000000000000e+00 0.0000000000000000e+00 0.0000000000000000e+00 10202
 -1.0025346300000000e+02 0.0000000000000000e+00 0.0000000000000000e+00 0.0000000000000000e+00 01202
 -5.8149400000000000e+01 0.0000000000000000e+00 0.0000000000000000e+00 0.0000000000000000e+00 00302
 -4.9721882500000000e+01 0.0000000000000000e+00 0.0000000000000000e+00 0.0000000000000000e+00 20021
 -2.3494000000000000e+01 0.0000000000000000e+00 0.0000000000000000e+00 0.0000000000000000e+00 11021
 -4.6306529500000000e+00 0.0000000000000000e+00 0.0000000000000000e+00 0.0000000000000000e+00 02021
 -7.0125265800000003e+00 0.0000000000000000e+00 0.0000000000000000e+00 0.0000000000000000e+00 10121
 -1.6612841400000000e+00 0.0000000000000000e+00 0.0000000000000000e+00 0.0000000000000000e+00 01121
 8.9976115900000000e+00 0.0000000000000000e+00 0.0000000000000000e+00 0.0000000000000000e+00 00221
 -2.6915856399999999e+01 0.0000000000000000e+00 0.0000000000000000e+00 0.0000000000000000e+00 20012
 -2.9374057699999998e+00 0.0000000000000000e+00 0.0000000000000000e+00 0.0000000000000000e+00 11012
 -2.8169995599999997e-01 0.0000000000000000e+00 0.0000000000000000e+00 0.0000000000000000e+00 02012
 -4.4261380600000003e+01 0.0000000000000000e+00 0.0000000000000000e+00 0.0000000000000000e+00 10112
 -5.1887392600000002e+00 0.0000000000000000e+00 0.0000000000000000e+00 0.0000000000000000e+00 01112
 -2.3091301500000001e+00 0.0000000000000000e+00 0.0000000000000000e+00 0.0000000000000000e+00 00212
 1.2974281100000001e+01 0.0000000000000000e+00 0.0000000000000000e+00 0.0000000000000000e+00 20003
 1.2986379400000001e+00 0.0000000000000000e+00 0.0000000000000000e+00 0.0000000000000000e+00 11003
 1.7931982099999999e-01 0.0000000000000000e+00 0.0000000000000000e+00 0.0000000000000000e+00 02003
 3.5963604300000002e-01 0.0000000000000000e+00 0.0000000000000000e+00 0.0000000000000000e+00 10103
 -6.8600012500000002e-02 0.0000000000000000e+00 0.0000000000000000e+00 0.0000000000000000e+00 01103
 4.7989772600000002e-01 0.0000000000000000e+00 0.0000000000000000e+00 0.0000000000000000e+00 00203
 -1.5183764099999999e+00 0.0000000000000000e+00 0.0000000000000000e+00 0.0000000000000000e+00 10031
 -2.5950537600000001e-01 0.0000000000000000e+00 0.0000000000000000e+00 0.0000000000000000e+00 01031
 1.2137887100000000e+00 0.0000000000000000e+00 0.0000000000000000e+00 0.0000000000000000e+00 00131
 -3.8339448699999998e+00 0.0000000000000000e+00 0.0000000000000000e+00 0.0000000000000000e+00 10022
 -4.4880310099999998e-01 0.0000000000000000e+00 0.0000000000000000e+00 0.0000000000000000e+00 01022
 4.3274224600000001e-02 0.0000000000000000e+00 0.0000000000000000e+00 0.0000000000000000e+00 00122
 4.3379578000000002e-02 0.0000000000000000e+00 0.0000000000000000e+00 0.0000000000000000e+00 10013
 3.8101713399999999e-04 0.0000000000000000e+00 0.0000000000000000e+00 0.0000000000000000e+00 01013
 7.1732702300000006e-02 0.0000000000000000e+00 0.0000000000000000e+00 0.0000000000000000e+00 00113
 4.0493515200000002e-03 0.0000000000000000e+00 0.0000000000000000e+00 0.0000000000000000e+00 10004
 -7.0401424799999997e-04 0.0000000000000000e+00 0.0000000000000000e+00 0.0000000000000000e+00 01004
 4.1771769200000001e-03 0.0000000000000000e+00 0.0000000000000000e+00 0.0000000000000000e+00 00104
 2.6521246799999998e-01 0.0000000000000000e+00 0.0000000000000000e+00 0.0000000000000000e+00 00041
 3.4293861799999999e-02 0.0000000000000000e+00 0.0000000000000000e+00 0.0000000000000000e+00 00032
 2.7421903000000001e-02 0.0000000000000000e+00 0.0000000000000000e+00 0.0000000000000000e+00 00023
 3.8234677400000002e-03 0.0000000000000000e+00 0.0000000000000000e+00 0.0000000000000000e+00 00014
 1.4659581000000001e-03 0.0000000000000000e+00 0.0000000000000000e+00 0.0000000000000000e+00 00005
 -2.2197897499999999e+02 0.0000000000000000e+00 0.0000000000000000e+00 0.0000000000000000e+00 50001
 2.0814843300000002e+03 0.0000000000000000e+00 0.0000000000000000e+00 0.0000000000000000e+00 41001
 -4.3056093600000003e+02 0.0000000000000000e+00 0.0000000000000000e+00 0.0000000000000000e+00 32001
 -2.1805028799999999e+02 0.0000000000000000e+00 0.0000000000000000e+00 0.0000000000000000e+00 23001
 -5.5584450099999998e+01 0.0000000000000000e+00 0.0000000000000000e+00 0.0000000000000000e+00 14001
 -1.1364256800000000e+01 0.0000000000000000e+00 0.0000000000000000e+00 0.0000000000000000e+00 05001
 1.0843246300000000e+02 0.0000000000000000e+00 0.0000000000000000e+00 0.0000000000000000e+00 40101
 -9.3186493399999995e+02 0.0000000000000000e+00 0.0000000000000000e+00 0.0000000000000000e+00 31101
 -1.9297715800000000e+02 0.0000000000000000e+00 0.0000000000000000e+00 0.0000000000000000e+00 22101
 -2.8647338300000001e+01 0.0000000000000000e+00 0.0000000000000000e+00 0.0000000000000000e+00 13101
 -3.4101753399999999e+00 0.0000000000000000e+00 0.0000000000000000e+00 0.0000000000000000e+00 04101
 6.1327849800000003e+01 0.0000000000000000e+00 0.0000000000000000e+00 0.0000000000000000e+00 30201
 -4.3628918599999999e+01 0.0000000000000000e+00 0.0000000000000000e+00 0.0000000000000000e+00 21201
 -4.7152181900000002e+01 0.0000000000000000e+00 0.0000000000000000e+00 0.0000000000000000e+00 12201
 -1.4919883000000000e+01 0.0000000000000000e+00 0.0000000000000000e+00 0.0000000000000000e+00 03201
 5.8831090099999997e+01 0.0000000000000000e+00 0.0000000000000000e+00 0.0000000000000000e+00 20301
 -3.6337865000000001e+01 0.0000000000000000e+00 0.0000000000000000e+00 0.0000000000000000e+00 11301
 -8.0151232799999992e+00 0.0000000000000000e+00 0.0000000000000000e+00 0.0000000000000000e+00 02301
 -1.0494428700000000e+02 0.0000000000000000e+00 0.0000000000000000e+00 0.0000000000000000e+00 10401
 3.4771335299999997e+01 0.0000000000000000e+00 0.0000000000000000e+00 0.0000000000000000e+00 01401
 -1.2228812499999999e+02 0.0000000000000000e+00 0.0000000000000000e+00 0.0000000000000000e+00 00501
 -7.7545342300000002e+01 0.0000000000000000e+00 0.0000000000000000e+00 0.0000000000000000e+00 40011
 -6.4131444900000005e+01 0.0000000000000000e+00 0.0000000000000000e+00 0.0000000000000000e+00 31011
 -1.3985750500000000e+01 0.0000000000000000e+00 0.0000000000000000e+00 0.0000000000000000e+00 22011
 -2.3365408200000002e+00 0.0000000000000000e+00 0.0000000000000000e+00 0.0000000000000000e+00 13011
 -3.4059649100000000e-01 0.0000000000000000e+00 0.0000000000000000e+00 0.0000000000000000e+00 04011
 2.9339419400000001e+01 0.0000000000000000e+00 0.0000000000000000e+00 0.0000000000000000e+00 30111
 4.8114933100000002e+01 0.0000000000000000e+00 0.0000000000000000e+00 0.0000000000000000e+00 21111
 9.5017492400000005e+00 0.0000000000000000e+00 0.0000000000000000e+00 0.0000000000000000e+00 12111
 1.3883754100000001e+00 0.0000000000000000e+00 0.0000000000000000e+00 0.0000000000000000e+00 03111
 5.2479251499999997e+01 0.0000000000000000e+00 0.0000000000000000e+00 0.0000000000000000e+00 20211
 3.8005874199999998e+00 0.0000000000000000e+00 0.0000000000000000e+00 0.0000000000000000e+00 11211
 2.3455513600000000e-01 0.0000000000000000e+00 0.0000000000000000e+00 0.0000000000000000e+00 02211
 3.9580808500000003e+01 0.0000000000000000e+00 0.0000000000000000e+00 0.0000000000000000e+00 10311
 1.5256354200000001e+01 0.0000000000000000e+00 0.0000000000000000e+00 0.0000000000000000e+00 01311
 -7.2808032699999998e+00 0.0000000000000000e+00 0.0000000000000000e+00 0.0000000000000000e+00 00411
 -5.9749734599999999e+02 0.0000000000000000e+00 0.0000000000000000e+00 0.0000000000000000e+00 40002
 -1.0272174900000000e+02 0.0000000000000000e+00 0.0000000000000000e+00 0.0000000000000000e+00 31002
 -1.5368110700000001e+01 0.0000000000000000e+00 0.0000000000000000e+00 0.0000000000000000e+00 22002
 -2.1720831600000001e+00 0.0000000000000000e+00 0.0000000000000000e+00 0.0000000000000000e+00 13002
 -2.7460926400000002e-01 0.0000000000000000e+00 0.0000000000000000e+00 0.0000000000000000e+00 04002
 1.0683798299999999e+02 0.0000000000000000e+00 0.0000000000000000e+00 0.0000000000000000e+00 30102
 1.2376615800000000e+01 0.0000000000000000e+00 0.0000000000000000e+00 0.0000000000000000e+00 21102
 1.4653033000000000e+00 0.0000000000000000e+00 0.0000000000000000e+00 0.0000000000000000e+00 12102
 1.8539329299999999e-01 0.0000000000000000e+00 0.0000000000000000e+00 0.0000000000000000e+00 03102
 1.1888713100000000e+01 0.0000000000000000e+00 0.0000000000000000e+00 0.0000000000000000e+00 20202
 -2.5566998800000000e+00 0.0000000000000000e+00 0.0000000000000000e+00 0.0000000000000000e+00 11202
 -8.6380901700000001e-01 0.0000000000000000e+00 0.0000000000000000e+00 0.0000000000000000e+00 02202
 1.8804701399999999e+01 0.0000000000000000e+00 0.0000000000000000e+00 0.0000000000000000e+00 10302
 2.4966757999999998e+00 0.0000000000000000e+00 0.0000000000000000e+00 0.0000000000000000e+00 01302
 -3.9308849700000001e+00 0.0000000000000000e+00 0.0000000000000000e+00 0.0000000000000000e+00 00402
 1.2703465100000001e+01 0.0000000000000000e+00 0.0000000000000000e+00 0.0000000000000000e+00 30021
 7.9618751600000000e+00 0.0000000000000000e+00 0.0000000000000000e+00 0.0000000000000000e+00 21021
 1.6098250700000001e+00 0.0000000000000000e+00 0.0000000000000000e+00 0.0000000000000000e+00 12021
 2.5756567499999999e-01 0.0000000000000000e+00 0.0000000000000000e+00 0.0000000000000000e+00 03021
 5.9357450700000003e+00 0.0000000000000000e+00 0.0000000000000000e+00 0.0000000000000000e+00 20121
 6.7934845300000002e-01 0.0000000000000000e+00 0.0000000000000000e+00 0.0000000000000000e+00 11121
 7.5755015100000003e-02 0.0000000000000000e+00 0.0000000000000000e+00 0.0000000000000000e+00 02121
 7.3629458100000003e+00 0.0000000000000000e+00 0.0000000000000000e+00 0.0000000000000000e+00 10221
 2.3008013500000000e+00 0.0000000000000000e+00 0.0000000000000000e+00 0.0000000000000000e+00 01221
 -1.1838300700000000e-01 0.0000000000000000e+00 0.0000000000000000e+00 0.0000000000000000e+00 00321
 1.4425814500000000e+01 0.0000000000000000e+00 0.0000000000000000e+00 0.0000000000000000e+00 30012
 1.5265816299999999e+00 0.0000000000000000e+00 0.0000000000000000e+00 0.0000000000000000e+00 21012
 1.6302881699999999e-01 0.0000000000000000e+00 0.0000000000000000e+00 0.0000000000000000e+00 12012
 1.7168950900000000e-02 0.0000000000000000e+00 0.0000000000000000e+00 0.0000000000000000e+00 03012
 1.5074373400000001e+01 0.0000000000000000e+00 0.0000000000000000e+00 0.0000000000000000e+00 20112
 1.6070658300000000e+00 0.0000000000000000e+00 0.0000000000000000e+00 0.0000000000000000e+00 11112
 1.6646502299999999e-01 0.0000000000000000e+00 0.0000000000000000e+00 0.0000000000000000e+00 02112
 2.2880329700000002e+00 0.0000000000000000e+00 0.0000000000000000e+00 0.0000000000000000e+00 10212
 2.6541344900000002e-01 0.0000000000000000e+00 0.0000000000000000e+00 0.0000000000000000e+00 01212
 3.2668393000000000e+00 0.0000000000000000e+00 0.0000000000000000e+00 0.0000000000000000e+00 00312
 -1.4469480500000000e+00 0.0000000000000000e+00 0.0000000000000000e+00 0.0000000000000000e+00 30003
 -3.0155182100000000e-01 0.0000000000000000e+00 0.0000000000000000e+00 0.0000000000000000e+00 21003
 -9.7940595800000002e-02 0.0000000000000000e+00 0.0000000000000000e+00 0.0000000000000000e+00 12003
 -2.1887463300000000e-02 0.0000000000000000e+00 0.0000000000000000e+00 0.0000000000000000e+00 03003
 2.1373127700000000e-01 0.0000000000000000e+00 0.0000000000000000e+00 0.0000000000000000e+00 20103
 -4.2487175700000003e-03 0.0000000000000000e+00 0.0000000000000000e+00 0.0000000000000000e+00 11103
 -2.6398123599999999e-03 0.0000000000000000e+00 0.0000000000000000e+00 0.0000000000000000e+00 02103
 -3.9033618199999998e-01 0.0000000000000000e+00 0.0000000000000000e+00 0.0000000000000000e+00 10203
 -2.2056344900000000e-02 0.0000000000000000e+00 0.0000000000000000e+00 0.0000000000000000e+00 01203
 -2.5206106999999998e-02 0.0000000000000000e+00 0.0000000000000000e+00 0.0000000000000000e+00 00303
 8.3539572600000001e-01 0.0000000000000000e+00 0.0000000000000000e+00 0.0000000000000000e+00 20031
 1.0108242400000000e-01 0.0000000000000000e+00 0.0000000000000000e+00 0.0000000000000000e+00 11031
 1.1382651500000000e-02 0.0000000000000000e+00 0.0000000000000000e+00 0.0000000000000000e+00 02031
 9.6753924199999997e-01 0.0000000000000000e+00 0.0000000000000000e+00 0.0000000000000000e+00 10131
 2.8394057299999997e-01 0.0000000000000000e+00 0.0000000000000000e+00 0.0000000000000000e+00 01131
 7.0409468399999994e-02 0.0000000000000000e+00 0.0000000000000000e+00 0.0000000000000000e+00 00231
 1.9662115200000001e+00 0.0000000000000000e+00 0.0000000000000000e+00 0.0000000000000000e+00 20022
 2.1192966199999999e-01 0.0000000000000000e+00 0.0000000000000000e+00 0.0000000000000000e+00 11022
 2.2229702000000000e-02 0.0000000000000000e+00 0.0000000000000000e+00 0.0000000000000000e+00 02022
 1.9217672799999999e-01 0.0000000000000000e+00 0.0000000000000000e+00 0.0000000000000000e+00 10122
 2.0842935900000002e-02 0.0000000000000000e+00 0.0000000000000000e+00 0.0000000000000000e+00 01122
 4.0919772199999999e-01 0.0000000000000000e+00 0.0000000000000000e+00 0.0000000000000000e+00 00222
 1.1620879799999999e-02 0.0000000000000000e+00 0.0000000000000000e+00 0.0000000000000000e+00 20013
 -8.6175197900000000e-04 0.0000000000000000e+00 0.0000000000000000e+00 0.0000000000000000e+00 11013
 -3.6803400800000002e-04 0.0000000000000000e+00 0.0000000000000000e+00 0.0000000000000000e+00 02013
 -3.0559588299999999e-02 0.0000000000000000e+00 0.0000000000000000e+00 0.0000000000000000e+00 10113
 7.9282077300000002e-04 0.0000000000000000e+00 0.0000000000000000e+00 0.0000000000000000e+00 01113
 -1.0358131200000000e-03 0.0000000000000000e+00 0.0000000000000000e+00 0.0000000000000000e+00 00213
 -3.1766529600000003e-02 0.0000000000000000e+00 0.0000000000000000e+00 0.0000000000000000e+00 20004
 -8.6869289399999997e-03 0.0000000000000000e+00 0.0000000000000000e+00 0.0000000000000000e+00 11004
 -1.3033663300000000e-03 0.0000000000000000e+00 0.0000000000000000e+00 0.0000000000000000e+00 02004
 -4.8593005899999998e-03 0.0000000000000000e+00 0.0000000000000000e+00 0.0000000000000000e+00 10104
 -1.8132267699999999e-04 0.0000000000000000e+00 0.0000000000000000e+00 0.0000000000000000e+00 01104
 -2.2531301500000000e-02 0.0000000000000000e+00 0.0000000000000000e+00 0.0000000000000000e+00 00204
 1.0273608300000001e-01 0.0000000000000000e+00 0.0000000000000000e+00 0.0000000000000000e+00 10041
 3.1679181700000003e-02 0.0000000000000000e+00 0.0000000000000000e+00 0.0000000000000000e+00 01041
 1.7740698900000001e-02 0.0000000000000000e+00 0.0000000000000000e+00 0.0000000000000000e+00 00141
 1.2813031600000000e-02 0.0000000000000000e+00 0.0000000000000000e+00 0.0000000000000000e+00 10032
 1.3430987299999999e-03 0.0000000000000000e+00 0.0000000000000000e+00 0.0000000000000000e+00 01032
 4.4265491599999998e-02 0.0000000000000000e+00 0.0000000000000000e+00 0.0000000000000000e+00 00132
 -5.0074566800000003e-03 0.0000000000000000e+00 0.0000000000000000e+00 0.0000000000000000e+00 10023
 -3.6226490100000000e-05 0.0000000000000000e+00 0.0000000000000000e+00 0.0000000000000000e+00 01023
 -1.0084677400000000e-04 0.0000000000000000e+00 0.0000000000000000e+00 0.0000000000000000e+00 00123
 -2.5991156500000000e-04 0.0000000000000000e+00 0.0000000000000000e+00 0.0000000000000000e+00 10014
 -8.6598892899999998e-06 0.0000000000000000e+00 0.0000000000000000e+00 0.0000000000000000e+00 01014
 1.2643326200000000e-04 0.0000000000000000e+00 0.0000000000000000e+00 0.0000000000000000e+00 00114
 -3.7640531699999999e-04 0.0000000000000000e+00 0.0000000000000000e+00 0.0000000000000000e+00 10005
 -4.9526213000000003e-05 0.0000000000000000e+00 0.0000000000000000e+00 0.0000000000000000e+00 01005
 5.0543502499999998e-05 0.0000000000000000e+00 0.0000000000000000e+00 0.0000000000000000e+00 00105
 3.1877867700000001e-03 0.0000000000000000e+00 0.0000000000000000e+00 0.0000000000000000e+00 00051
 4.7427681699999998e-03 0.0000000000000000e+00 0.0000000000000000e+00 0.0000000000000000e+00 00042
 1.0854985800000000e-05 0.0000000000000000e+00 0.0000000000000000e+00 0.0000000000000000e+00 00033
 9.0835490000000001e-05 0.0000000000000000e+00 0.0000000000000000e+00 0.0000000000000000e+00 00024
 3.1187906300000002e-06 0.0000000000000000e+00 0.0000000000000000e+00 0.0000000000000000e+00 00015
 2.3269827100000001e-06 0.0000000000000000e+00 0.0000000000000000e+00 0.0000000000000000e+00 00006
 --------------------------------------------
