! Candidate angular fit; delta and xtar-dependent terms retained from frozen seed.
 --------------------------------------------
 1.2066551270529212e-03 7.4540334975435520e-05 5.5034144432495116e-04 0.0000000000000000e+00 00000
 3.2391188306090768e-01 1.5925628610160503e-02 -5.6529465496460351e-03 2.4527718100000001e-01 10000
 -2.9356451542131650e+00 -1.2731332248427812e-01 3.8375331714109041e-02 1.7923725400000001e-01 01000
 -6.2695840702174412e-03 -4.5729431172314039e-01 2.6806949079477060e-01 1.5762221900000001e-02 00100
 1.3657858483960927e-01 3.6930098695627835e-02 -2.2602783175692718e+00 -2.7748113599999999e-02 00010
 -3.5992375046774594e-01 -3.3307827159141427e-02 8.9777087293990074e-03 -3.1763193899999997e-01 20000
 3.0633470994881482e+00 1.6987976387528630e-01 6.7869390111614360e-03 3.2294487900000002e+00 11000
 2.1693198020436375e+00 3.8299021443727937e-01 -2.7757610683288980e-01 9.9624983800000000e-01 02000
 1.1915360550874975e-01 1.4298479855925346e+00 -4.1931618596321457e-01 -6.9868989000000006e-02 10100
 -6.2553625057694262e-01 8.6021274124257574e-01 1.3744122025534897e-01 -2.7273720299999998e-01 01100
 5.2796449674977756e-02 -1.1831266854347032e-01 -1.1560166845893378e-02 -1.7795864400000000e-02 00200
 -4.2215367885184618e-01 -1.9610700331045923e+01 5.2456827220041138e+00 -1.7964206399999999e-01 10010
 3.7168582506613951e-01 -2.0955825517728130e+01 2.8156825484356398e+00 5.1434082800000001e+00 01010
 -4.3817465721789423e-01 -2.1787973462970811e-01 -3.5612327832335466e-01 4.5628469799999999e-01 00110
 -5.1518081736414230e+00 1.1678386967265686e+00 5.2310331489196207e+00 -6.4079203600000003e+00 00020
 2.2654674576370075e+00 9.5497355271699336e-02 -4.7186869297119087e-03 9.3683431900000003e-01 30000
 -4.9517128349020496e+01 -3.5174817653592072e-01 -4.9891978301792395e-01 -1.3540589900000001e+01 21000
 3.7559343689618362e+02 -4.2873480758509936e+00 6.0515285552285523e+00 5.1879764199999997e+01 12000
 -1.0455837523666564e+03 2.1069281004753016e+01 -1.6827099877344882e+01 -2.0498985000000001e+01 03000
 2.6525226464036935e+00 -4.7156309487770063e+00 1.7144974888125695e+00 -3.1254219399999998e-02 20100
 -3.1996984782806276e+01 5.0992754098866179e+01 -1.8058059043166182e+01 2.8400841199999999e-01 11100
 9.4821727216726231e+01 -1.2322325667515895e+02 4.7867518982512529e+01 3.9556433100000001e+00 02100
 -2.6074501658621785e-01 3.5390329713617907e+00 -1.2678567891182504e+00 9.5431561099999995e-01 10200
 -7.0508835635441261e-02 -2.6428673044579433e+01 9.2385001476168807e+00 -7.0688381700000003e+00 01200
 -4.2747321980796260e-01 -1.0728440937581207e+00 4.3724727707297761e+00 -3.5820566700000001e-01 00300
 1.8858290537183386e-01 6.1696641372735066e+01 -2.1292842773309932e+01 -2.7448817499999998e+00 20010
 2.5918459596481146e+01 -6.9004392124512879e+02 2.3060956056530918e+02 1.0681983600000001e+01 11010
 -2.5503175166852643e+02 1.7352532596977348e+03 -6.0222298515857108e+02 -4.6776265000000002e+01 02010
 -3.1736049547312192e+01 -6.2383210053013812e+01 1.2623925114764688e+01 4.3468718099999998e-01 10110
 3.2989593620680023e+02 4.0628186647343409e+02 -1.1715860966596864e+02 2.5692412099999999e+01 01110
 -1.0962791691517522e+01 9.1627191782025420e+01 -7.4039450903106314e+01 -3.1559352000000001e+00 00210
 2.6081574546281405e+02 4.1333651641768085e+01 1.1300556881086967e+01 3.1907757499999999e+01 10020
 -2.6428694021753017e+03 -2.8883062556623333e+01 1.0187046523891124e+02 -4.6789810199999999e+02 01020
 8.9421746060587310e+01 -1.2986801357041279e+03 9.8368555263114638e+02 3.4179037000000001e+01 00120
 1.1932885260649236e+01 5.7751604298482334e+03 -4.1485358614429815e+03 -7.1508536199999995e+01 00030
 -3.4357684443575041e+00 6.5671031143937730e-01 -3.3009757822975022e-01 -2.3027877499999998e+00 40000
 4.0485866847345250e+01 -2.6267868044982777e+01 9.6401189398549896e+00 5.8024830899999998e+01 31000
 2.7530262048721806e+02 3.3697504108332566e+02 -1.0098788735186073e+02 -4.9156237399999998e+02 22000
 -5.3117838754811319e+03 -1.7928566929961917e+03 4.3610156358708832e+02 1.7182972100000000e+03 13000
 1.8598456371223176e+04 3.4388216297498529e+03 -7.4179895980010508e+02 -1.9501040300000000e+03 04000
 -4.6533921417036218e+01 8.7915986120544378e+00 -3.5320314688781198e+00 -1.4621283800000000e+00 30100
 8.7255740379681708e+02 -9.2547246483308570e+01 5.5040326482748156e+01 4.7295753499999996e+01 21100
 -5.5248544929046820e+03 1.3542135018605100e+01 -2.0319916162036253e+02 -4.3237295599999999e+02 12100
 1.2126244385559577e+04 1.2617353485511976e+03 -7.3437757763087346e+00 1.3233994800000000e+03 03100
 -4.8802897202036890e+00 -1.5865308830651070e+01 6.4575413674543949e+00 -1.0047251200000000e+00 20200
 6.7657544092827749e+01 1.3597220400132721e+02 -7.9315874466050900e+01 1.6743462399999999e+01 11200
 -2.8067305867414615e+02 3.4127985422440140e+01 1.4158132377437533e+02 -6.7273158699999996e+01 02200
 -3.8494570585092170e+01 -4.1941807421859743e+00 -1.4783929164919122e+01 4.9815545700000001e+00 10300
 2.9353560860665340e+02 -2.0275526779993417e+01 -5.7500875844266261e+01 -3.7436718100000000e+01 01300
 -2.0593510893880804e+01 3.1099970594687303e+01 1.0729495462417411e+01 3.8352631700000002e+00 00400
 2.0306354065061086e+02 -1.5166095926060063e+02 4.1669270330162348e+01 2.0406354700000001e+01 30010
 -2.9202183830390813e+03 2.0953881924752377e+03 -6.2912668713036089e+02 -5.2187064599999997e+02 21010
 1.3227927310395939e+04 -7.4593920553774678e+03 2.4194870591004637e+03 4.0218560800000000e+03 12010
 -1.9525008564582968e+04 3.2355329582029258e+03 -9.2475869576009495e+02 -1.1081659400000000e+04 03010
 -8.8181943249626840e+01 4.6733378361425821e+02 -8.8633675158142054e+01 -2.6109065900000001e+01 20110
 1.0918814519481552e+03 -4.1325383872908151e+03 6.6276397378717093e+02 3.4366059500000000e+02 11110
 -4.5331525047649557e+03 1.2280814130659830e+03 2.0289254582723490e+03 -9.7405222100000003e+02 02110
 4.4099330252882811e+02 -2.6663096152229588e+02 4.2477215249894556e+02 -3.6510193000000001e+01 10210
 -3.0407086408254136e+03 1.7377180892173715e+03 -8.7153980085288069e+01 2.9243684000000002e+02 01210
 4.7140117707461258e+02 -4.2526377481630925e+02 7.3590707073354423e+01 -8.4939199799999997e+01 00310
 6.9597073407433300e+02 -2.3294258168475244e+03 4.1721070525162241e+02 4.0636932100000001e+02 20020
 -1.1899960688157105e+04 1.7675744401689295e+04 -5.0189728713778422e+03 -4.5869649099999997e+03 11020
 7.2233102281938787e+04 6.4371773066548458e+03 -2.7029550433252894e+03 9.3584628599999996e+03 02020
 -3.0443763381784165e+03 4.6579189990919331e+03 -1.3204913432433713e+01 6.0264629700000000e+01 10120
 1.0118737648425780e+04 -1.6026079895886891e+04 -2.0236163260458707e+03 -6.9720597099999998e+02 01120
 -3.4906530054838763e+03 -2.2966499321448791e+02 -3.5705684759807141e+03 7.2697501299999999e+02 00220
 2.3114372679222643e+03 -2.6581474915869454e+04 -4.4362421811314812e+02 5.3606629499999997e+02 10030
 5.3125670591342743e+04 9.2204276030584457e+04 3.1471692057130960e+04 -2.3364836399999999e+03 01030
 -4.9153410746300651e+03 1.7016161703924146e+04 3.4034791122981216e+04 -1.6674671400000000e+03 00130
 8.4445191280697574e+04 -6.0411554449507013e+04 -1.0463661808722178e+05 3.9121164899999999e+03 00040
 -2.8491565813268952e+01 -5.0043799538728413e+00 1.3710488468717206e+00 4.9678190300000002e+00 50000
 1.4015383559153333e+03 1.5251747199937680e+02 -3.7995107709045719e+01 -2.1463550799999999e+02 41000
 -2.5088655518455431e+04 -1.9269536268186368e+03 4.6064026286345086e+02 3.4385126599999999e+03 32000
 2.1583554985882377e+05 1.2187682180097081e+04 -2.9675258949109057e+03 -2.7888407800000001e+04 23000
 -9.2189135209818603e+05 -3.9718771852882877e+04 1.0356376898523402e+04 1.1885052899999999e+05 14000
 1.6038736309060878e+06 5.2902568349643268e+04 -1.5807494703029321e+04 -2.0979779999999999e+05 05000
 1.6940726365818864e+02 -1.3707830672488821e+01 -5.0517258854279969e+00 3.0790796100000000e+00 40100
 -3.2755783271866039e+03 1.9755897968012474e+02 1.3663186310537452e+02 -7.1757031799999993e+01 31100
 1.6571827030621524e+04 2.4684587460269552e+02 -1.7882265097394172e+03 1.7523077900000001e+02 22100
 1.3661916548419351e+04 -9.4312381244648404e+03 9.9683899544534816e+03 3.6607079199999998e+03 13100
 -1.8912313377010083e+05 2.5668946156195947e+04 -2.0261097574775755e+04 -1.8679771700000001e+04 04100
 -4.1313786779153343e+00 2.0383412384790155e+01 3.2000787683008682e+00 -9.8292970799999999e+00 30200
 2.9661580121612900e+02 -9.4168305833124776e+01 -6.9563548640895590e+01 2.2322339500000001e+02 21200
 -4.1562139992801604e+03 -2.4236172503419125e+03 1.0041854876223115e+03 -1.9345593400000000e+03 12200
 2.1936180469559447e+04 1.2393488424917245e+04 -3.6343565835402751e+03 6.2959604900000004e+03 03200
 3.3692081779140489e+02 -1.3336106447908893e+01 1.0153954238057619e+00 7.5324127100000000e+00 20300
 -4.6283741003345085e+03 4.2313207857405490e+02 2.6894442933811609e+02 -1.7311873199999999e+02 11300
 1.1307448446366923e+04 6.0520015599165959e+02 3.2590543389691152e+02 1.0774482200000000e+03 02300
 2.4235047898746456e+02 9.3017058641511134e+00 -9.0940929065076013e+00 -1.1124031400000001e+00 10400
 -8.0097200111172538e+02 -1.5384084387826565e+03 -8.7068533556422565e+01 -1.0768688200000000e+02 01400
 1.9632578979942946e+02 -1.1517197900580618e+01 -9.0258685442593759e+01 -1.3675491200000001e+00 00500
 -2.0726715196223831e+03 2.6313258562967769e+02 3.7582997091210650e+01 -4.8581986499999999e+01 40010
 4.2270758496181457e+04 -3.4011922930680753e+03 -1.6562678668726041e+03 1.9529719100000000e+03 31010
 -2.7999935854451644e+05 -7.2199119056201316e+03 2.7814143821692905e+04 -2.0776508900000001e+04 22010
 5.5821656225188018e+05 2.1349938079047450e+05 -1.8421805369117996e+05 7.9440774900000004e+04 13010
 3.8220287586848746e+05 -6.5204621853252628e+05 4.0912571944801277e+05 -7.1841567599999995e+04 04010
 2.5397405577489099e+03 -1.8157424903143617e+03 2.3464226959671885e+02 6.3779292800000000e+01 30110
 -5.6357506800925017e+04 2.7295859274699676e+04 -4.4220847409447333e+03 -1.7658266000000001e+03 21110
 4.2116652491796558e+05 -9.7147848154117091e+04 2.8209647592899109e+04 1.1961652899999999e+04 12110
 -1.1706641073438521e+06 6.7675995227412059e+04 -6.6429534885249086e+04 -3.6062570899999999e+04 03110
 -2.7204355708514604e+03 1.5835611050902519e+03 5.9546559777411301e+02 -8.6987571199999998e+00 20210
 3.3105402837008245e+04 -3.9346457535321344e+04 -1.9022622967301759e+04 1.6077307200000000e+03 11210
 -3.2287775336104846e+03 9.4507057505620411e+04 3.6322143457066522e+04 -1.1675984399999999e+04 02210
 -2.7724158631711448e+03 2.1898310324509916e+03 -1.6174859728917208e+03 1.6598224700000000e+02 10310
 -2.1378907459271530e+04 2.6040089490114231e+04 7.0688891360037242e+03 9.4686973100000000e+02 01310
 -3.0807998949667735e+03 4.2428182212280872e+03 3.6047067886196123e+03 1.6439557600000001e+02 00410
 -2.0185966085059099e+04 1.3668821593574079e+04 -1.1960506860321216e+03 -2.4076491099999998e+03 30020
 4.2183749736601487e+05 -1.9886023799013704e+05 8.8278095814778717e+03 5.5520991600000001e+04 21020
 -3.0128180649125888e+06 6.6267685163881723e+05 -5.7130617283903222e+04 -4.1814969699999999e+05 12020
 8.1525906439520651e+06 -6.3248962045705435e+05 2.2029591203481890e+05 1.1185970900000001e+06 03020
 7.7780008540695671e+03 -1.6842379764462414e+04 -1.1007919637410279e+04 3.3250162999999998e+02 20120
 -1.0414980546424935e+05 3.5292326661846228e+05 2.6620581535987544e+05 -1.4254245100000000e+04 11120
 -4.5125589213565836e+05 -8.7108643267669948e+05 -8.4179170593826834e+05 5.2657758800000003e+04 02120
 -7.5377323365314287e+03 -3.3278754958934180e+04 3.9516370434721364e+04 -3.9989584300000001e+03 10220
 5.7267845733566547e+05 -1.2356717557220322e+05 -1.3177204761183230e+05 2.5102144300000000e+04 01220
 1.9394800492233586e+04 -2.5894527634057209e+04 -9.5650788989393026e+04 9.0266857599999994e+01 00320
 -7.5693670167209188e+04 5.0907400315185936e+04 9.6988397124479103e+04 -9.3089900000000000e+02 20030
 7.3862283316467376e+05 -1.0315417552270903e+06 -7.7346354461877153e+05 3.9788767800000001e+04 11030
 1.3912167871625889e+06 3.6560082313256138e+06 2.6576568465641551e+06 -1.1875274700000000e+05 02030
 1.2001016174939384e+05 2.3855605735192652e+05 -2.6008543152931423e+05 2.9493169800000000e+04 10130
 -3.6876051419626679e+06 -9.6544927149162293e+04 8.8807095909605385e+05 -2.5987719800000000e+05 01130
 -1.9478729133116314e+05 -2.8506495180868317e+05 1.2477185953093418e+06 1.1004152400000000e+03 00230
 -3.0939737343875313e+05 -6.4844932536223705e+05 3.9764947660565231e+05 -1.3196676600000001e+04 10040
 7.8272124350895099e+06 6.4429192764552841e+04 -1.9426238093730879e+06 3.0309427799999999e+05 01040
 1.5912703898804088e+06 2.4950886025594673e+06 -7.7716796732010869e+06 -1.7333469400000002e+04 00140
 -4.5302311243949104e+06 -5.1066026047107847e+06 1.9867850439847287e+07 3.0963153100000000e+04 00050
 7.1492990651181060e+01 1.0216383753715320e+01 -4.3765449809713608e-01 0.0000000000000000e+00 60000
 -3.2687420019640517e+03 -3.1236227359141884e+02 -1.3681608060591298e+01 0.0000000000000000e+00 51000
 5.2811314255194244e+04 3.9688526904180912e+03 6.1062009163201594e+02 0.0000000000000000e+00 42000
 -3.4338243990382383e+05 -2.1650218651463168e+04 -9.5324918875676576e+03 0.0000000000000000e+00 33000
 3.0043093249743199e+05 1.8240118363197853e+03 8.2072075843862258e+04 0.0000000000000000e+00 24000
 5.9348649099707473e+06 4.1519638213859126e+05 -3.7269435251720133e+05 0.0000000000000000e+00 15000
 -1.8933893428482365e+07 -1.1028319236471218e+06 6.9816477723140526e+05 0.0000000000000000e+00 06000
 -1.7109986564873535e+02 7.2212245161354716e+00 2.2985278316899294e+01 0.0000000000000000e+00 50100
 3.4957593157954725e+03 -3.9961249363075223e+02 -7.0923097439377227e+02 0.0000000000000000e+00 41100
 -2.3835891156139649e+04 6.7379227385930217e+03 1.0276938628975769e+04 0.0000000000000000e+00 32100
 1.1673969188645011e+05 -6.9738873848179690e+04 -8.2552463039209746e+04 0.0000000000000000e+00 23100
 -8.2417302028464922e+05 3.9458458361781359e+05 3.3841278813760012e+05 0.0000000000000000e+00 14100
 2.5231297584390212e+06 -8.1502906215232611e+05 -4.9584779620468046e+05 0.0000000000000000e+00 05100
 -8.6896391276751554e+00 -2.9029928470269542e+01 -4.7857860400469917e+01 0.0000000000000000e+00 40200
 1.0023913560084542e+03 9.6708895743177277e+02 1.1449179313195805e+03 0.0000000000000000e+00 31200
 -1.8138104355846743e+04 -1.3243644635944873e+04 -1.1284289982934715e+04 0.0000000000000000e+00 22200
 1.1287051554550169e+05 1.0602818604006094e+05 5.5223973040817182e+04 0.0000000000000000e+00 13200
 -3.7829900463341811e+05 -3.3938625408475811e+05 -1.0633835397784057e+05 0.0000000000000000e+00 04200
 -6.3843481311362768e+02 1.0898666552886789e+02 5.6158243722407448e+01 0.0000000000000000e+00 30300
 1.0049873195748645e+04 -1.5422632735938457e+03 -1.4558102121769714e+03 0.0000000000000000e+00 21300
 -2.0174803272355723e+04 3.3249858613103020e+03 1.0332465948120125e+04 0.0000000000000000e+00 12300
 -3.6061882312280264e+04 -3.9937595449589542e+04 -3.6688765093481808e+04 0.0000000000000000e+00 03300
 -5.2988310995017605e+02 -1.4109286328051485e+02 -9.4529481174812382e+00 0.0000000000000000e+00 20400
 3.1951012129275596e+03 2.1488629350813940e+03 2.5114276993832769e+02 0.0000000000000000e+00 11400
 2.0254099889065167e+03 1.1739353296461093e+04 1.9688927749194212e+02 0.0000000000000000e+00 02400
 -3.5559197432045357e+02 -7.8778702953677112e+01 2.2866656348850324e+02 0.0000000000000000e+00 10500
 -2.1442094675128460e+03 9.8564478676371459e+02 6.0314220892702747e+02 0.0000000000000000e+00 01500
 -3.1696224744026273e+02 -1.8970181496838805e+02 -1.8718324753968912e+02 0.0000000000000000e+00 00600
 4.6668829173239583e+03 -1.9267050328684812e+02 -1.0317838750531440e+01 0.0000000000000000e+00 50010
 -1.0983738380272473e+05 1.2280684420939742e+03 -1.4393346536341498e+03 0.0000000000000000e+00 41010
 7.8018147284465574e+05 4.5274007738851113e+04 4.5836319954963154e+04 0.0000000000000000e+00 32010
 -1.2378744627425971e+06 -3.0922134595076984e+05 -5.1228966171751503e+05 0.0000000000000000e+00 23010
 -3.1284409774417770e+06 -8.0036990088213142e+05 2.3334460473523848e+06 0.0000000000000000e+00 14010
 2.8108631800661683e+06 5.7284991523975106e+06 -4.0061670802442650e+06 0.0000000000000000e+00 05010
 -7.1226548212775670e+03 3.7215073147495923e+03 -1.5473304049305986e+02 0.0000000000000000e+00 40110
 1.9059446570881296e+05 -7.7976261473597187e+04 -1.0375170724722841e+03 0.0000000000000000e+00 31110
 -1.6683720682307056e+06 5.7456707398787607e+05 5.3703821897996102e+04 0.0000000000000000e+00 22110
 5.2800093075138768e+06 -2.1348276702080593e+06 -2.5156449189098386e+05 0.0000000000000000e+00 13110
 -5.8011738982154836e+05 5.0083152102934606e+06 -1.6102393893827728e+05 0.0000000000000000e+00 04110
 9.0731066128532748e+03 -5.3164379915873033e+03 -3.8275510778949488e+03 0.0000000000000000e+00 30210
 -1.4073379869882087e+05 1.0915231668913121e+05 7.9404113288325811e+04 0.0000000000000000e+00 21210
 1.8346028863463891e+05 -1.9494212449416076e+05 -3.7747772525257617e+05 0.0000000000000000e+00 12210
 -6.4405645842465725e+04 -5.3562707821522425e+04 9.4736757236551936e+05 0.0000000000000000e+00 03210
 -2.0564463981699018e+03 2.0443262045557765e+03 8.3442227840775577e+03 0.0000000000000000e+00 20310
 1.2007887330383368e+05 -1.0135910803605460e+05 -1.0916837272616249e+05 0.0000000000000000e+00 11310
 -2.4375746131114781e+05 -1.6940542833873053e+05 2.6232200381234795e+05 0.0000000000000000e+00 02310
 4.3332740827931093e+03 -1.1382354604947639e+04 -1.3215204388649116e+04 0.0000000000000000e+00 10410
 6.3623954777739717e+04 -4.3899219508717069e+03 8.7139747307726589e+02 0.0000000000000000e+00 01410
 1.3905598709566679e+04 4.6948491330000043e+03 9.2226554341127685e+03 0.0000000000000000e+00 00510
 4.5576791795459823e+04 -4.1494975790994387e+04 1.1398242254571385e+03 0.0000000000000000e+00 40020
 -9.8438359296738333e+05 8.3878472817022260e+05 6.2423557464148638e+04 0.0000000000000000e+00 31020
 4.6789431174218338e+06 -5.7674782170322165e+06 -1.6495011911461877e+06 0.0000000000000000e+00 22020
 1.6328354828731498e+07 1.5302429644651001e+07 1.1440977820905965e+07 0.0000000000000000e+00 13020
 -1.2729027098354805e+08 -2.0347062280939136e+07 -2.4558230777328122e+07 0.0000000000000000e+00 04020
 -3.2770274038894626e+04 6.6162344203293920e+04 6.1622810762213550e+04 0.0000000000000000e+00 30120
 1.3510289322556062e+06 -1.6349332651628261e+06 -1.4364830753921005e+06 0.0000000000000000e+00 21120
 -1.1215416090830384e+07 2.9356165296014207e+06 6.1321630151243350e+06 0.0000000000000000e+00 12120
 4.3554635344132528e+07 9.3748125150688961e+06 -9.8326730393153429e+06 0.0000000000000000e+00 03120
 1.6007253098131626e+05 5.9369094586990497e+04 -1.5848561244411627e+05 0.0000000000000000e+00 20220
 -3.2611492658118764e+06 1.0867301437901589e+06 1.6070158192801531e+06 0.0000000000000000e+00 11220
 2.2418745774505385e+06 2.0665166597408924e+05 -2.4110740419649165e+06 0.0000000000000000e+00 02220
 8.4669693140956762e+04 2.1439897284550391e+05 2.9594281135831540e+05 0.0000000000000000e+00 10320
 -5.4561241058383684e+05 -5.9815556465799734e+05 -1.3850435293613048e+05 0.0000000000000000e+00 01320
 -1.9895714183951312e+05 -1.1003668244602417e+04 -1.0107588970335078e+05 0.0000000000000000e+00 00420
 1.7296329988848630e+05 4.7412061898266278e+04 -3.1350515166932449e+05 0.0000000000000000e+00 30030
 -9.9855538885653950e+06 2.3704377785343764e+05 8.8969860542760212e+06 0.0000000000000000e+00 21030
 1.0148038633140481e+08 3.2333074656259246e+07 -3.7289887089715242e+07 0.0000000000000000e+00 12030
 -3.2080650942361933e+08 -1.4482958714316517e+08 3.5032263889170729e+07 0.0000000000000000e+00 03030
 -8.2133895275961526e+05 -1.0493936085243633e+06 1.1809628777752859e+06 0.0000000000000000e+00 20130
 1.6219905004178125e+07 1.8580439443948027e+06 -8.0671736131962305e+06 0.0000000000000000e+00 11130
 3.6561508143860705e+07 -1.4419641301234996e+07 1.8864667573939389e+05 0.0000000000000000e+00 02130
 -8.1832131897500018e+05 1.1370788656710852e+06 -2.7886873236612543e+06 0.0000000000000000e+00 10230
 -7.1581091011500163e+06 5.5087047243124805e+06 -2.2980486192312893e+06 0.0000000000000000e+00 01230
 1.7904371323983073e+06 -1.8608664805175394e+06 -1.2078966433051468e+06 0.0000000000000000e+00 00330
 -1.4261560240560763e+06 6.4255483258926170e+06 -4.3129243403165396e+06 0.0000000000000000e+00 20040
 1.3814751589223092e+07 -6.5838925113002114e+07 2.5877327512230139e+07 0.0000000000000000e+00 11040
 -3.5094285168910468e+08 2.1569940044904724e+08 -1.9008888749151312e+07 0.0000000000000000e+00 02040
 -5.8300061456099544e+06 -3.0599422300339028e+07 7.9697302448804313e+06 0.0000000000000000e+00 10140
 1.3559464751577500e+08 8.8623028054414485e+06 5.7991044437415548e+07 0.0000000000000000e+00 01140
 -1.8072424885610465e+07 3.2528936134466007e+07 3.0623130622196835e+07 0.0000000000000000e+00 00240
 4.4785265220305100e+07 1.1626824009861694e+08 1.0748149454641582e+07 0.0000000000000000e+00 10050
 -5.1396978530806732e+08 -1.3844122914896309e+08 -2.8239456677006269e+08 0.0000000000000000e+00 01050
 1.2912747704693015e+08 -1.8236657497682351e+08 -2.0740119243934372e+08 0.0000000000000000e+00 00150
 -3.5110852326092517e+08 2.9883500568169057e+08 4.6442879957311475e+08 0.0000000000000000e+00 00060
 1.1258424199999999e+00 0.0000000000000000e+00 0.0000000000000000e+00 7.6817769999999996e-01 00001
 -3.3092960599999999e+00 0.0000000000000000e+00 0.0000000000000000e+00 -1.2482495400000000e+00 10001
 9.5582156000000005e+00 0.0000000000000000e+00 0.0000000000000000e+00 7.1898036500000000e+00 01001
 -1.2807550800000000e+01 0.0000000000000000e+00 0.0000000000000000e+00 -1.7948002400000000e+00 00002
 3.1328287000000000e+01 0.0000000000000000e+00 0.0000000000000000e+00 4.3097902599999998e+00 20001
 -3.6635859399999998e+02 0.0000000000000000e+00 0.0000000000000000e+00 -4.7514103499999997e+01 11001
 1.2812726399999999e+03 0.0000000000000000e+00 0.0000000000000000e+00 1.2740499699999999e+02 02001
 8.4649294600000005e+00 0.0000000000000000e+00 0.0000000000000000e+00 1.5213236200000000e+00 00201
 -2.1218133200000000e+02 0.0000000000000000e+00 0.0000000000000000e+00 -4.4842024199999997e+01 00111
 8.6216804499999995e+01 0.0000000000000000e+00 0.0000000000000000e+00 1.3903586900000001e+01 10002
 -2.0237557699999999e+02 0.0000000000000000e+00 0.0000000000000000e+00 -7.5177002500000000e+01 01002
 1.2924057499999999e+03 0.0000000000000000e+00 0.0000000000000000e+00 3.3294530099999997e+02 00021
 1.5246574300000000e+02 4.1239841799999999e+02 -1.1855168000000000e+02 0.0000000000000000e+00 00012
 5.6814234300000003e+01 0.0000000000000000e+00 0.0000000000000000e+00 1.5595186500000001e+01 00003
 -1.1109064100000001e+02 0.0000000000000000e+00 0.0000000000000000e+00 -1.5717735800000000e+01 30001
 1.3012309000000000e+03 0.0000000000000000e+00 0.0000000000000000e+00 2.4992499500000000e+02 21001
 -3.3776413699999998e+03 0.0000000000000000e+00 0.0000000000000000e+00 -1.2056100300000001e+03 12001
 -1.0805725299999999e+03 0.0000000000000000e+00 0.0000000000000000e+00 1.6507063800000001e+03 03001
 -2.0675836699999999e+02 0.0000000000000000e+00 0.0000000000000000e+00 -8.6394541199999999e+00 10201
 1.2861228000000001e+03 0.0000000000000000e+00 0.0000000000000000e+00 5.1734533999999996e+01 01201
 4.5738898999999998e+02 0.0000000000000000e+00 0.0000000000000000e+00 2.4632876999999999e+02 10111
 3.1552100700000000e+02 0.0000000000000000e+00 0.0000000000000000e+00 -1.4688802499999999e+03 01111
 -2.8637608399999999e+00 0.0000000000000000e+00 0.0000000000000000e+00 -7.7696205800000001e+01 20002
 -2.8453250400000002e+02 0.0000000000000000e+00 0.0000000000000000e+00 8.0826721799999996e+02 11002
 -5.4968678599999997e+01 0.0000000000000000e+00 0.0000000000000000e+00 -1.8872739300000001e+03 02002
 -8.9490322900000001e+02 0.0000000000000000e+00 0.0000000000000000e+00 -1.3172162699999999e+01 00202
 -5.8186814800000001e+01 0.0000000000000000e+00 0.0000000000000000e+00 -1.7587238100000000e+03 10021
 2.8100110300000001e+01 0.0000000000000000e+00 0.0000000000000000e+00 1.0443614200000000e+04 01021
 2.4986902400000002e+01 0.0000000000000000e+00 0.0000000000000000e+00 3.7717688900000002e+02 00112
 -4.7104892700000001e+00 0.0000000000000000e+00 0.0000000000000000e+00 -1.7433297400000001e+02 10003
 -9.4935661400000004e-01 0.0000000000000000e+00 0.0000000000000000e+00 8.9351807699999995e+02 01003
 5.9109615599999996e+00 0.0000000000000000e+00 0.0000000000000000e+00 -2.7085707800000000e+03 00022
 1.0590745000000000e-01 0.0000000000000000e+00 0.0000000000000000e+00 -1.4915634900000001e+02 00004
 7.4420433400000000e-02 0.0000000000000000e+00 0.0000000000000000e+00 0.0000000000000000e+00 00101
 -9.3204445700000005e-01 0.0000000000000000e+00 0.0000000000000000e+00 0.0000000000000000e+00 00011
 2.8452158100000000e+00 0.0000000000000000e+00 0.0000000000000000e+00 0.0000000000000000e+00 10101
 -2.5439373000000000e+01 0.0000000000000000e+00 0.0000000000000000e+00 0.0000000000000000e+00 01101
 1.3705155500000000e+01 0.0000000000000000e+00 0.0000000000000000e+00 0.0000000000000000e+00 10011
 -7.2542508699999999e+01 0.0000000000000000e+00 0.0000000000000000e+00 0.0000000000000000e+00 01011
 1.1188551900000000e+01 0.0000000000000000e+00 0.0000000000000000e+00 0.0000000000000000e+00 00102
 -2.9857603999999998e+01 0.0000000000000000e+00 0.0000000000000000e+00 0.0000000000000000e+00 20101
 2.5760759400000001e+02 0.0000000000000000e+00 0.0000000000000000e+00 0.0000000000000000e+00 11101
 2.2280062200000000e+02 0.0000000000000000e+00 0.0000000000000000e+00 0.0000000000000000e+00 02101
 -5.7470399800000003e+00 0.0000000000000000e+00 0.0000000000000000e+00 0.0000000000000000e+00 00301
 -5.8377417100000002e+01 0.0000000000000000e+00 0.0000000000000000e+00 0.0000000000000000e+00 20011
 -7.5798640700000007e+01 0.0000000000000000e+00 0.0000000000000000e+00 0.0000000000000000e+00 11011
 -2.0030666900000000e+01 0.0000000000000000e+00 0.0000000000000000e+00 0.0000000000000000e+00 02011
 8.1569985000000003e+01 0.0000000000000000e+00 0.0000000000000000e+00 0.0000000000000000e+00 00211
 3.9907235700000001e+01 0.0000000000000000e+00 0.0000000000000000e+00 0.0000000000000000e+00 10102
 2.6133789799999999e+01 0.0000000000000000e+00 0.0000000000000000e+00 0.0000000000000000e+00 01102
 1.1102801200000000e+01 0.0000000000000000e+00 0.0000000000000000e+00 0.0000000000000000e+00 00121
 1.5806418400000000e+01 0.0000000000000000e+00 0.0000000000000000e+00 0.0000000000000000e+00 10012
 2.5233279000000000e+00 0.0000000000000000e+00 0.0000000000000000e+00 0.0000000000000000e+00 01012
 1.4961163900000001e+00 0.0000000000000000e+00 0.0000000000000000e+00 0.0000000000000000e+00 00103
 2.9442717200000001e+00 0.0000000000000000e+00 0.0000000000000000e+00 0.0000000000000000e+00 00031
 1.9644430600000001e-01 0.0000000000000000e+00 0.0000000000000000e+00 0.0000000000000000e+00 00013
 1.6957368000000000e+02 0.0000000000000000e+00 0.0000000000000000e+00 0.0000000000000000e+00 40001
 -1.1884030900000000e+03 0.0000000000000000e+00 0.0000000000000000e+00 0.0000000000000000e+00 31001
 -2.5640085899999999e+03 0.0000000000000000e+00 0.0000000000000000e+00 0.0000000000000000e+00 22001
 -7.9612626599999999e+02 0.0000000000000000e+00 0.0000000000000000e+00 0.0000000000000000e+00 13001
 -1.7013585599999999e+02 0.0000000000000000e+00 0.0000000000000000e+00 0.0000000000000000e+00 04001
 2.5273732400000000e+01 0.0000000000000000e+00 0.0000000000000000e+00 0.0000000000000000e+00 30101
 -3.0211779799999999e+02 0.0000000000000000e+00 0.0000000000000000e+00 0.0000000000000000e+00 21101
 1.0508874799999999e+01 0.0000000000000000e+00 0.0000000000000000e+00 0.0000000000000000e+00 12101
 1.7954560900000001e+01 0.0000000000000000e+00 0.0000000000000000e+00 0.0000000000000000e+00 03101
 3.9304286900000000e+02 0.0000000000000000e+00 0.0000000000000000e+00 0.0000000000000000e+00 20201
 -2.6547935800000000e+03 0.0000000000000000e+00 0.0000000000000000e+00 0.0000000000000000e+00 11201
 -6.7520795899999996e+02 0.0000000000000000e+00 0.0000000000000000e+00 0.0000000000000000e+00 02201
 3.1537455800000000e+01 0.0000000000000000e+00 0.0000000000000000e+00 0.0000000000000000e+00 10301
 -6.6287274900000000e+01 0.0000000000000000e+00 0.0000000000000000e+00 0.0000000000000000e+00 01301
 1.1048366800000000e+01 0.0000000000000000e+00 0.0000000000000000e+00 0.0000000000000000e+00 00401
 5.3995273300000001e+01 0.0000000000000000e+00 0.0000000000000000e+00 0.0000000000000000e+00 30011
 1.9851422299999999e+01 0.0000000000000000e+00 0.0000000000000000e+00 0.0000000000000000e+00 21011
 6.9951277899999997e+00 0.0000000000000000e+00 0.0000000000000000e+00 0.0000000000000000e+00 12011
 2.0305896899999998e+00 0.0000000000000000e+00 0.0000000000000000e+00 0.0000000000000000e+00 03011
 -4.1475572199999999e+02 0.0000000000000000e+00 0.0000000000000000e+00 0.0000000000000000e+00 20111
 -2.4292429500000000e+02 0.0000000000000000e+00 0.0000000000000000e+00 0.0000000000000000e+00 11111
 -5.3283176900000001e+01 0.0000000000000000e+00 0.0000000000000000e+00 0.0000000000000000e+00 02111
 1.4085442600000000e+01 0.0000000000000000e+00 0.0000000000000000e+00 0.0000000000000000e+00 10211
 -7.1897002499999996e+00 0.0000000000000000e+00 0.0000000000000000e+00 0.0000000000000000e+00 01211
 4.6617528200000002e+01 0.0000000000000000e+00 0.0000000000000000e+00 0.0000000000000000e+00 00311
 3.2702350999999999e+02 0.0000000000000000e+00 0.0000000000000000e+00 0.0000000000000000e+00 30002
 -4.6760376399999998e+01 0.0000000000000000e+00 0.0000000000000000e+00 0.0000000000000000e+00 21002
 -1.3113077600000000e+01 0.0000000000000000e+00 0.0000000000000000e+00 0.0000000000000000e+00 12002
 -2.1460877500000000e+00 0.0000000000000000e+00 0.0000000000000000e+00 0.0000000000000000e+00 03002
 -4.0516263400000003e+02 0.0000000000000000e+00 0.0000000000000000e+00 0.0000000000000000e+00 20102
 -3.7832739400000001e+01 0.0000000000000000e+00 0.0000000000000000e+00 0.0000000000000000e+00 11102
 -3.2861643300000001e+00 0.0000000000000000e+00 0.0000000000000000e+00 0.0000000000000000e+00 02102
 -7.9775662299999999e+02 0.0000000000000000e+00 0.0000000000000000e+00 0.0000000000000000e+00 10202
 -1.0025346300000000e+02 0.0000000000000000e+00 0.0000000000000000e+00 0.0000000000000000e+00 01202
 -5.8149400000000000e+01 0.0000000000000000e+00 0.0000000000000000e+00 0.0000000000000000e+00 00302
 -4.9721882500000000e+01 0.0000000000000000e+00 0.0000000000000000e+00 0.0000000000000000e+00 20021
 -2.3494000000000000e+01 0.0000000000000000e+00 0.0000000000000000e+00 0.0000000000000000e+00 11021
 -4.6306529500000000e+00 0.0000000000000000e+00 0.0000000000000000e+00 0.0000000000000000e+00 02021
 -7.0125265800000003e+00 0.0000000000000000e+00 0.0000000000000000e+00 0.0000000000000000e+00 10121
 -1.6612841400000000e+00 0.0000000000000000e+00 0.0000000000000000e+00 0.0000000000000000e+00 01121
 8.9976115900000000e+00 0.0000000000000000e+00 0.0000000000000000e+00 0.0000000000000000e+00 00221
 -2.6915856399999999e+01 0.0000000000000000e+00 0.0000000000000000e+00 0.0000000000000000e+00 20012
 -2.9374057699999998e+00 0.0000000000000000e+00 0.0000000000000000e+00 0.0000000000000000e+00 11012
 -2.8169995599999997e-01 0.0000000000000000e+00 0.0000000000000000e+00 0.0000000000000000e+00 02012
 -4.4261380600000003e+01 0.0000000000000000e+00 0.0000000000000000e+00 0.0000000000000000e+00 10112
 -5.1887392600000002e+00 0.0000000000000000e+00 0.0000000000000000e+00 0.0000000000000000e+00 01112
 -2.3091301500000001e+00 0.0000000000000000e+00 0.0000000000000000e+00 0.0000000000000000e+00 00212
 1.2974281100000001e+01 0.0000000000000000e+00 0.0000000000000000e+00 0.0000000000000000e+00 20003
 1.2986379400000001e+00 0.0000000000000000e+00 0.0000000000000000e+00 0.0000000000000000e+00 11003
 1.7931982099999999e-01 0.0000000000000000e+00 0.0000000000000000e+00 0.0000000000000000e+00 02003
 3.5963604300000002e-01 0.0000000000000000e+00 0.0000000000000000e+00 0.0000000000000000e+00 10103
 -6.8600012500000002e-02 0.0000000000000000e+00 0.0000000000000000e+00 0.0000000000000000e+00 01103
 4.7989772600000002e-01 0.0000000000000000e+00 0.0000000000000000e+00 0.0000000000000000e+00 00203
 -1.5183764099999999e+00 0.0000000000000000e+00 0.0000000000000000e+00 0.0000000000000000e+00 10031
 -2.5950537600000001e-01 0.0000000000000000e+00 0.0000000000000000e+00 0.0000000000000000e+00 01031
 1.2137887100000000e+00 0.0000000000000000e+00 0.0000000000000000e+00 0.0000000000000000e+00 00131
 -3.8339448699999998e+00 0.0000000000000000e+00 0.0000000000000000e+00 0.0000000000000000e+00 10022
 -4.4880310099999998e-01 0.0000000000000000e+00 0.0000000000000000e+00 0.0000000000000000e+00 01022
 4.3274224600000001e-02 0.0000000000000000e+00 0.0000000000000000e+00 0.0000000000000000e+00 00122
 4.3379578000000002e-02 0.0000000000000000e+00 0.0000000000000000e+00 0.0000000000000000e+00 10013
 3.8101713399999999e-04 0.0000000000000000e+00 0.0000000000000000e+00 0.0000000000000000e+00 01013
 7.1732702300000006e-02 0.0000000000000000e+00 0.0000000000000000e+00 0.0000000000000000e+00 00113
 4.0493515200000002e-03 0.0000000000000000e+00 0.0000000000000000e+00 0.0000000000000000e+00 10004
 -7.0401424799999997e-04 0.0000000000000000e+00 0.0000000000000000e+00 0.0000000000000000e+00 01004
 4.1771769200000001e-03 0.0000000000000000e+00 0.0000000000000000e+00 0.0000000000000000e+00 00104
 2.6521246799999998e-01 0.0000000000000000e+00 0.0000000000000000e+00 0.0000000000000000e+00 00041
 3.4293861799999999e-02 0.0000000000000000e+00 0.0000000000000000e+00 0.0000000000000000e+00 00032
 2.7421903000000001e-02 0.0000000000000000e+00 0.0000000000000000e+00 0.0000000000000000e+00 00023
 3.8234677400000002e-03 0.0000000000000000e+00 0.0000000000000000e+00 0.0000000000000000e+00 00014
 1.4659581000000001e-03 0.0000000000000000e+00 0.0000000000000000e+00 0.0000000000000000e+00 00005
 -2.2197897499999999e+02 0.0000000000000000e+00 0.0000000000000000e+00 0.0000000000000000e+00 50001
 2.0814843300000002e+03 0.0000000000000000e+00 0.0000000000000000e+00 0.0000000000000000e+00 41001
 -4.3056093600000003e+02 0.0000000000000000e+00 0.0000000000000000e+00 0.0000000000000000e+00 32001
 -2.1805028799999999e+02 0.0000000000000000e+00 0.0000000000000000e+00 0.0000000000000000e+00 23001
 -5.5584450099999998e+01 0.0000000000000000e+00 0.0000000000000000e+00 0.0000000000000000e+00 14001
 -1.1364256800000000e+01 0.0000000000000000e+00 0.0000000000000000e+00 0.0000000000000000e+00 05001
 1.0843246300000000e+02 0.0000000000000000e+00 0.0000000000000000e+00 0.0000000000000000e+00 40101
 -9.3186493399999995e+02 0.0000000000000000e+00 0.0000000000000000e+00 0.0000000000000000e+00 31101
 -1.9297715800000000e+02 0.0000000000000000e+00 0.0000000000000000e+00 0.0000000000000000e+00 22101
 -2.8647338300000001e+01 0.0000000000000000e+00 0.0000000000000000e+00 0.0000000000000000e+00 13101
 -3.4101753399999999e+00 0.0000000000000000e+00 0.0000000000000000e+00 0.0000000000000000e+00 04101
 6.1327849800000003e+01 0.0000000000000000e+00 0.0000000000000000e+00 0.0000000000000000e+00 30201
 -4.3628918599999999e+01 0.0000000000000000e+00 0.0000000000000000e+00 0.0000000000000000e+00 21201
 -4.7152181900000002e+01 0.0000000000000000e+00 0.0000000000000000e+00 0.0000000000000000e+00 12201
 -1.4919883000000000e+01 0.0000000000000000e+00 0.0000000000000000e+00 0.0000000000000000e+00 03201
 5.8831090099999997e+01 0.0000000000000000e+00 0.0000000000000000e+00 0.0000000000000000e+00 20301
 -3.6337865000000001e+01 0.0000000000000000e+00 0.0000000000000000e+00 0.0000000000000000e+00 11301
 -8.0151232799999992e+00 0.0000000000000000e+00 0.0000000000000000e+00 0.0000000000000000e+00 02301
 -1.0494428700000000e+02 0.0000000000000000e+00 0.0000000000000000e+00 0.0000000000000000e+00 10401
 3.4771335299999997e+01 0.0000000000000000e+00 0.0000000000000000e+00 0.0000000000000000e+00 01401
 -1.2228812499999999e+02 0.0000000000000000e+00 0.0000000000000000e+00 0.0000000000000000e+00 00501
 -7.7545342300000002e+01 0.0000000000000000e+00 0.0000000000000000e+00 0.0000000000000000e+00 40011
 -6.4131444900000005e+01 0.0000000000000000e+00 0.0000000000000000e+00 0.0000000000000000e+00 31011
 -1.3985750500000000e+01 0.0000000000000000e+00 0.0000000000000000e+00 0.0000000000000000e+00 22011
 -2.3365408200000002e+00 0.0000000000000000e+00 0.0000000000000000e+00 0.0000000000000000e+00 13011
 -3.4059649100000000e-01 0.0000000000000000e+00 0.0000000000000000e+00 0.0000000000000000e+00 04011
 2.9339419400000001e+01 0.0000000000000000e+00 0.0000000000000000e+00 0.0000000000000000e+00 30111
 4.8114933100000002e+01 0.0000000000000000e+00 0.0000000000000000e+00 0.0000000000000000e+00 21111
 9.5017492400000005e+00 0.0000000000000000e+00 0.0000000000000000e+00 0.0000000000000000e+00 12111
 1.3883754100000001e+00 0.0000000000000000e+00 0.0000000000000000e+00 0.0000000000000000e+00 03111
 5.2479251499999997e+01 0.0000000000000000e+00 0.0000000000000000e+00 0.0000000000000000e+00 20211
 3.8005874199999998e+00 0.0000000000000000e+00 0.0000000000000000e+00 0.0000000000000000e+00 11211
 2.3455513600000000e-01 0.0000000000000000e+00 0.0000000000000000e+00 0.0000000000000000e+00 02211
 3.9580808500000003e+01 0.0000000000000000e+00 0.0000000000000000e+00 0.0000000000000000e+00 10311
 1.5256354200000001e+01 0.0000000000000000e+00 0.0000000000000000e+00 0.0000000000000000e+00 01311
 -7.2808032699999998e+00 0.0000000000000000e+00 0.0000000000000000e+00 0.0000000000000000e+00 00411
 -5.9749734599999999e+02 0.0000000000000000e+00 0.0000000000000000e+00 0.0000000000000000e+00 40002
 -1.0272174900000000e+02 0.0000000000000000e+00 0.0000000000000000e+00 0.0000000000000000e+00 31002
 -1.5368110700000001e+01 0.0000000000000000e+00 0.0000000000000000e+00 0.0000000000000000e+00 22002
 -2.1720831600000001e+00 0.0000000000000000e+00 0.0000000000000000e+00 0.0000000000000000e+00 13002
 -2.7460926400000002e-01 0.0000000000000000e+00 0.0000000000000000e+00 0.0000000000000000e+00 04002
 1.0683798299999999e+02 0.0000000000000000e+00 0.0000000000000000e+00 0.0000000000000000e+00 30102
 1.2376615800000000e+01 0.0000000000000000e+00 0.0000000000000000e+00 0.0000000000000000e+00 21102
 1.4653033000000000e+00 0.0000000000000000e+00 0.0000000000000000e+00 0.0000000000000000e+00 12102
 1.8539329299999999e-01 0.0000000000000000e+00 0.0000000000000000e+00 0.0000000000000000e+00 03102
 1.1888713100000000e+01 0.0000000000000000e+00 0.0000000000000000e+00 0.0000000000000000e+00 20202
 -2.5566998800000000e+00 0.0000000000000000e+00 0.0000000000000000e+00 0.0000000000000000e+00 11202
 -8.6380901700000001e-01 0.0000000000000000e+00 0.0000000000000000e+00 0.0000000000000000e+00 02202
 1.8804701399999999e+01 0.0000000000000000e+00 0.0000000000000000e+00 0.0000000000000000e+00 10302
 2.4966757999999998e+00 0.0000000000000000e+00 0.0000000000000000e+00 0.0000000000000000e+00 01302
 -3.9308849700000001e+00 0.0000000000000000e+00 0.0000000000000000e+00 0.0000000000000000e+00 00402
 1.2703465100000001e+01 0.0000000000000000e+00 0.0000000000000000e+00 0.0000000000000000e+00 30021
 7.9618751600000000e+00 0.0000000000000000e+00 0.0000000000000000e+00 0.0000000000000000e+00 21021
 1.6098250700000001e+00 0.0000000000000000e+00 0.0000000000000000e+00 0.0000000000000000e+00 12021
 2.5756567499999999e-01 0.0000000000000000e+00 0.0000000000000000e+00 0.0000000000000000e+00 03021
 5.9357450700000003e+00 0.0000000000000000e+00 0.0000000000000000e+00 0.0000000000000000e+00 20121
 6.7934845300000002e-01 0.0000000000000000e+00 0.0000000000000000e+00 0.0000000000000000e+00 11121
 7.5755015100000003e-02 0.0000000000000000e+00 0.0000000000000000e+00 0.0000000000000000e+00 02121
 7.3629458100000003e+00 0.0000000000000000e+00 0.0000000000000000e+00 0.0000000000000000e+00 10221
 2.3008013500000000e+00 0.0000000000000000e+00 0.0000000000000000e+00 0.0000000000000000e+00 01221
 -1.1838300700000000e-01 0.0000000000000000e+00 0.0000000000000000e+00 0.0000000000000000e+00 00321
 1.4425814500000000e+01 0.0000000000000000e+00 0.0000000000000000e+00 0.0000000000000000e+00 30012
 1.5265816299999999e+00 0.0000000000000000e+00 0.0000000000000000e+00 0.0000000000000000e+00 21012
 1.6302881699999999e-01 0.0000000000000000e+00 0.0000000000000000e+00 0.0000000000000000e+00 12012
 1.7168950900000000e-02 0.0000000000000000e+00 0.0000000000000000e+00 0.0000000000000000e+00 03012
 1.5074373400000001e+01 0.0000000000000000e+00 0.0000000000000000e+00 0.0000000000000000e+00 20112
 1.6070658300000000e+00 0.0000000000000000e+00 0.0000000000000000e+00 0.0000000000000000e+00 11112
 1.6646502299999999e-01 0.0000000000000000e+00 0.0000000000000000e+00 0.0000000000000000e+00 02112
 2.2880329700000002e+00 0.0000000000000000e+00 0.0000000000000000e+00 0.0000000000000000e+00 10212
 2.6541344900000002e-01 0.0000000000000000e+00 0.0000000000000000e+00 0.0000000000000000e+00 01212
 3.2668393000000000e+00 0.0000000000000000e+00 0.0000000000000000e+00 0.0000000000000000e+00 00312
 -1.4469480500000000e+00 0.0000000000000000e+00 0.0000000000000000e+00 0.0000000000000000e+00 30003
 -3.0155182100000000e-01 0.0000000000000000e+00 0.0000000000000000e+00 0.0000000000000000e+00 21003
 -9.7940595800000002e-02 0.0000000000000000e+00 0.0000000000000000e+00 0.0000000000000000e+00 12003
 -2.1887463300000000e-02 0.0000000000000000e+00 0.0000000000000000e+00 0.0000000000000000e+00 03003
 2.1373127700000000e-01 0.0000000000000000e+00 0.0000000000000000e+00 0.0000000000000000e+00 20103
 -4.2487175700000003e-03 0.0000000000000000e+00 0.0000000000000000e+00 0.0000000000000000e+00 11103
 -2.6398123599999999e-03 0.0000000000000000e+00 0.0000000000000000e+00 0.0000000000000000e+00 02103
 -3.9033618199999998e-01 0.0000000000000000e+00 0.0000000000000000e+00 0.0000000000000000e+00 10203
 -2.2056344900000000e-02 0.0000000000000000e+00 0.0000000000000000e+00 0.0000000000000000e+00 01203
 -2.5206106999999998e-02 0.0000000000000000e+00 0.0000000000000000e+00 0.0000000000000000e+00 00303
 8.3539572600000001e-01 0.0000000000000000e+00 0.0000000000000000e+00 0.0000000000000000e+00 20031
 1.0108242400000000e-01 0.0000000000000000e+00 0.0000000000000000e+00 0.0000000000000000e+00 11031
 1.1382651500000000e-02 0.0000000000000000e+00 0.0000000000000000e+00 0.0000000000000000e+00 02031
 9.6753924199999997e-01 0.0000000000000000e+00 0.0000000000000000e+00 0.0000000000000000e+00 10131
 2.8394057299999997e-01 0.0000000000000000e+00 0.0000000000000000e+00 0.0000000000000000e+00 01131
 7.0409468399999994e-02 0.0000000000000000e+00 0.0000000000000000e+00 0.0000000000000000e+00 00231
 1.9662115200000001e+00 0.0000000000000000e+00 0.0000000000000000e+00 0.0000000000000000e+00 20022
 2.1192966199999999e-01 0.0000000000000000e+00 0.0000000000000000e+00 0.0000000000000000e+00 11022
 2.2229702000000000e-02 0.0000000000000000e+00 0.0000000000000000e+00 0.0000000000000000e+00 02022
 1.9217672799999999e-01 0.0000000000000000e+00 0.0000000000000000e+00 0.0000000000000000e+00 10122
 2.0842935900000002e-02 0.0000000000000000e+00 0.0000000000000000e+00 0.0000000000000000e+00 01122
 4.0919772199999999e-01 0.0000000000000000e+00 0.0000000000000000e+00 0.0000000000000000e+00 00222
 1.1620879799999999e-02 0.0000000000000000e+00 0.0000000000000000e+00 0.0000000000000000e+00 20013
 -8.6175197900000000e-04 0.0000000000000000e+00 0.0000000000000000e+00 0.0000000000000000e+00 11013
 -3.6803400800000002e-04 0.0000000000000000e+00 0.0000000000000000e+00 0.0000000000000000e+00 02013
 -3.0559588299999999e-02 0.0000000000000000e+00 0.0000000000000000e+00 0.0000000000000000e+00 10113
 7.9282077300000002e-04 0.0000000000000000e+00 0.0000000000000000e+00 0.0000000000000000e+00 01113
 -1.0358131200000000e-03 0.0000000000000000e+00 0.0000000000000000e+00 0.0000000000000000e+00 00213
 -3.1766529600000003e-02 0.0000000000000000e+00 0.0000000000000000e+00 0.0000000000000000e+00 20004
 -8.6869289399999997e-03 0.0000000000000000e+00 0.0000000000000000e+00 0.0000000000000000e+00 11004
 -1.3033663300000000e-03 0.0000000000000000e+00 0.0000000000000000e+00 0.0000000000000000e+00 02004
 -4.8593005899999998e-03 0.0000000000000000e+00 0.0000000000000000e+00 0.0000000000000000e+00 10104
 -1.8132267699999999e-04 0.0000000000000000e+00 0.0000000000000000e+00 0.0000000000000000e+00 01104
 -2.2531301500000000e-02 0.0000000000000000e+00 0.0000000000000000e+00 0.0000000000000000e+00 00204
 1.0273608300000001e-01 0.0000000000000000e+00 0.0000000000000000e+00 0.0000000000000000e+00 10041
 3.1679181700000003e-02 0.0000000000000000e+00 0.0000000000000000e+00 0.0000000000000000e+00 01041
 1.7740698900000001e-02 0.0000000000000000e+00 0.0000000000000000e+00 0.0000000000000000e+00 00141
 1.2813031600000000e-02 0.0000000000000000e+00 0.0000000000000000e+00 0.0000000000000000e+00 10032
 1.3430987299999999e-03 0.0000000000000000e+00 0.0000000000000000e+00 0.0000000000000000e+00 01032
 4.4265491599999998e-02 0.0000000000000000e+00 0.0000000000000000e+00 0.0000000000000000e+00 00132
 -5.0074566800000003e-03 0.0000000000000000e+00 0.0000000000000000e+00 0.0000000000000000e+00 10023
 -3.6226490100000000e-05 0.0000000000000000e+00 0.0000000000000000e+00 0.0000000000000000e+00 01023
 -1.0084677400000000e-04 0.0000000000000000e+00 0.0000000000000000e+00 0.0000000000000000e+00 00123
 -2.5991156500000000e-04 0.0000000000000000e+00 0.0000000000000000e+00 0.0000000000000000e+00 10014
 -8.6598892899999998e-06 0.0000000000000000e+00 0.0000000000000000e+00 0.0000000000000000e+00 01014
 1.2643326200000000e-04 0.0000000000000000e+00 0.0000000000000000e+00 0.0000000000000000e+00 00114
 -3.7640531699999999e-04 0.0000000000000000e+00 0.0000000000000000e+00 0.0000000000000000e+00 10005
 -4.9526213000000003e-05 0.0000000000000000e+00 0.0000000000000000e+00 0.0000000000000000e+00 01005
 5.0543502499999998e-05 0.0000000000000000e+00 0.0000000000000000e+00 0.0000000000000000e+00 00105
 3.1877867700000001e-03 0.0000000000000000e+00 0.0000000000000000e+00 0.0000000000000000e+00 00051
 4.7427681699999998e-03 0.0000000000000000e+00 0.0000000000000000e+00 0.0000000000000000e+00 00042
 1.0854985800000000e-05 0.0000000000000000e+00 0.0000000000000000e+00 0.0000000000000000e+00 00033
 9.0835490000000001e-05 0.0000000000000000e+00 0.0000000000000000e+00 0.0000000000000000e+00 00024
 3.1187906300000002e-06 0.0000000000000000e+00 0.0000000000000000e+00 0.0000000000000000e+00 00015
 2.3269827100000001e-06 0.0000000000000000e+00 0.0000000000000000e+00 0.0000000000000000e+00 00006
 --------------------------------------------
