! Candidate angular fit; delta and xtar-dependent terms retained from frozen seed.
 --------------------------------------------
 1.1313559726056190e-03 2.6704563665541766e-05 5.4576869914126080e-04 0.0000000000000000e+00 00000
 3.2877836444815023e-01 1.6150089901520431e-02 -5.3168436682583791e-03 2.4527718100000001e-01 10000
 -2.9838499721086538e+00 -1.3223437506245914e-01 3.8172071461810266e-02 1.7923725400000001e-01 01000
 -3.9779558843265660e-03 -4.5576424327950615e-01 2.7633478435049547e-01 1.5762221900000001e-02 00100
 1.4057632277959473e-01 3.6719155965179391e-02 -2.3320778293449322e+00 -2.7748113599999999e-02 00010
 -2.8186168726828931e-01 -2.2087848581482966e-02 5.1092471863510500e-03 -3.1763193899999997e-01 20000
 1.8337728568220071e+00 -4.0576043001220086e-02 9.3769747420017535e-02 3.2294487900000002e+00 11000
 7.2406394085616483e+00 1.3346150672765451e+00 -6.8569692427236018e-01 9.9624983800000000e-01 02000
 -5.9353728436115742e-02 1.4059048667020262e+00 -4.1899819693937912e-01 -6.9868989000000006e-02 10100
 6.7244829768032022e-01 1.0047349192815709e+00 1.3769046117460199e-01 -2.7273720299999998e-01 01100
 -1.5857431085066989e-01 -5.6862262279898615e-02 3.7874086637185284e-03 -1.7795864400000000e-02 00200
 -1.8458088603386988e-01 -1.9393927113603677e+01 5.1415774995160390e+00 -1.7964206399999999e-01 10010
 9.9631875388196689e-01 -2.1352403129550733e+01 3.4348143898317196e+00 5.1434082800000001e+00 01010
 4.6016102623449212e-01 -3.5573874680416145e-01 4.4028261946816932e-01 4.5628469799999999e-01 00110
 -4.9930267366063017e+00 2.6851418512284955e+00 -3.5063454713938720e+00 -6.4079203600000003e+00 00020
 1.2297116084128914e+00 1.2586851800053847e-01 -5.9383033402968431e-02 9.3683431900000003e-01 30000
 -2.4043832043577943e+01 -7.6423640237841339e-01 5.3929767941659357e-01 -1.3540589900000001e+01 21000
 1.6250860788648885e+02 -6.3075998256375962e+00 1.1950581737263201e-01 5.1879764199999997e+01 12000
 -4.2196662228262602e+02 4.9859507134225368e+01 -9.7307805381894230e+00 -2.0498985000000001e+01 03000
 2.5733548401712811e+00 -4.9118821846162968e+00 1.3248870251496168e+00 -3.1254219399999998e-02 20100
 -2.5881756432043606e+01 5.4763779736051056e+01 -1.3848683424300139e+01 2.8400841199999999e-01 11100
 3.3805289335290958e+01 -1.3441933028444075e+02 2.9246973411242312e+01 3.9556433100000001e+00 02100
 9.0537551904673630e-01 3.7038975745075691e+00 -1.0601183386798978e+00 9.5431561099999995e-01 10200
 -6.5088690383316783e-01 -2.5626830614163747e+01 5.8491939760858189e+00 -7.0688381700000003e+00 01200
 1.4159775982141116e+00 -2.0731062434118797e+00 1.7083064698829544e+00 -3.5820566700000001e-01 00300
 -7.8788337756434830e+00 6.1793427605760002e+01 -1.7601464860522441e+01 -2.7448817499999998e+00 20010
 9.0701777581213307e+01 -7.0284246031749797e+02 1.8800871064824747e+02 1.0681983600000001e+01 11010
 -1.5419821945741603e+02 1.8018637921821323e+03 -4.2492772142402538e+02 -4.6776265000000002e+01 02010
 -3.3462973618600195e+01 -5.6107499180670359e+01 1.2534508372233828e+01 4.3468718099999998e-01 10110
 1.6434188713598056e+02 4.0629425510879537e+02 -9.0523912757361387e+01 2.5692412099999999e+01 01110
 -1.3991769249656796e+01 9.0007030532079085e+01 -1.7289005291325676e+01 -3.1559352000000001e+00 00210
 2.0414417659729168e+02 -6.8253345465055526e+00 1.3093921597943163e+01 3.1907757499999999e+01 10020
 -1.7280750036718432e+03 -7.8027898557402455e+00 -4.5891367036185684e+01 -4.6789810199999999e+02 01020
 9.8007878393075643e+01 -1.2442858892876966e+03 3.1121569670840296e+02 3.4179037000000001e+01 00120
 -1.0941200424003982e+02 5.5984204460281790e+03 -1.4673840048189040e+03 -7.1508536199999995e+01 00030
 -7.9061501253424824e+00 -2.2092943706100382e-01 7.3957581647792786e-02 -2.3027877499999998e+00 40000
 1.7831856111219386e+02 5.2795499870517286e+00 -4.6989475738478532e+00 5.8024830899999998e+01 31000
 -1.3957231138738127e+03 -8.6286182346057998e+01 8.8248363583862599e+01 -4.9156237399999998e+02 22000
 4.2284868004753416e+03 7.3714323995059715e+02 -6.8679545491948056e+02 1.7182972100000000e+03 13000
 -3.2135457780118395e+03 -2.2460172286682173e+03 1.7525416386746883e+03 -1.9501040300000000e+03 04000
 -2.6073189781640931e+01 9.8159684829539291e+00 -2.6166420746597967e+00 -1.4621283800000000e+00 30100
 4.4037295705750580e+02 -1.1380018303412010e+02 3.3765436941048087e+01 4.7295753499999996e+01 21100
 -2.5250171614387332e+03 1.6586333878091096e+02 -5.5384660173133994e+01 -4.3237295599999999e+02 12100
 5.5323201729333960e+03 8.9972228762264115e+02 -3.6614626941631781e+02 1.3233994800000000e+03 03100
 -3.1010337251490530e+00 -1.7748405719895306e+01 2.4634713982357503e+00 -1.0047251200000000e+00 20200
 -1.7717157267699363e+01 1.7475968842240042e+02 -3.1326599094464498e+01 1.6743462399999999e+01 11200
 2.5789510316006107e+02 -2.3779203475640603e+02 4.0298613806845715e+01 -6.7273158699999996e+01 02200
 -3.9814212706727702e+01 1.7270444240755104e+01 -1.2217378289439162e+00 4.9815545700000001e+00 10300
 1.8094675781149149e+02 -1.4758864231538621e+02 -2.8168869504375518e+01 -3.7436718100000000e+01 01300
 8.7464285554976762e+00 -1.6458306242739717e+01 1.5287776838679196e+01 3.8352631700000002e+00 00400
 1.4764116281997235e+02 -1.6277415570288787e+02 4.0138996158821989e+01 2.0406354700000001e+01 30010
 -1.9437554266051202e+03 2.2867264151237923e+03 -5.5571510903559374e+02 -5.2187064599999997e+02 21010
 7.8354985196630714e+03 -8.2981257419306748e+03 1.7119913548453135e+03 4.0218560800000000e+03 12010
 -1.6104428113169384e+04 3.1998611199127949e+03 1.4679272404900551e+03 -1.1081659400000000e+04 03010
 3.0419286453002332e+01 5.2406378209218519e+02 -8.9930969556642836e+01 -2.6109065900000001e+01 20110
 6.8148470159980491e+02 -4.6479714686898733e+03 5.9609731067946677e+02 3.4366059500000000e+02 11110
 -4.7360345328005524e+03 4.1943787269997856e+03 6.2340104269709184e+02 -9.7405222100000003e+02 02110
 5.3677230413837231e+02 -5.8181357686766455e+02 9.6577551627712637e+01 -3.6510193000000001e+01 10210
 -2.2699290556673172e+03 3.1835142817587844e+03 3.1429864541539337e+02 2.9243684000000002e+02 01210
 -1.7541793116688240e+02 -1.9191860214953709e+02 1.6262333384694006e+02 -8.4939199799999997e+01 00310
 -1.3854640108326427e+02 -2.5960752455041793e+03 8.1357918397006688e+02 4.0636932100000001e+02 20020
 -3.9278377783240667e+03 1.9497620915064977e+04 -8.5302435476140672e+03 -4.5869649099999997e+03 11020
 2.5918961418980332e+04 -2.8225539335761050e+03 1.7596878742069279e+04 9.3584628599999996e+03 02020
 -2.7236212516546384e+03 5.6615262982091599e+03 3.9674489665621502e+02 6.0264629700000000e+01 10120
 1.2430272094555181e+04 -2.0354228104361486e+04 -5.0396453862355935e+02 -6.9720597099999998e+02 01120
 8.2940234095844335e+02 2.8847735704487027e+03 -2.0547826845315835e+03 7.2697501299999999e+02 00220
 4.9191394162374881e+03 -2.9055440197565327e+04 5.0030348831954871e+03 5.3606629499999997e+02 10030
 -2.0857352045526045e+03 9.5326176219875371e+04 -1.2424375159029807e+04 -2.3364836399999999e+03 01030
 -1.5247964378084376e+04 -8.3899233729339915e+02 -1.1755575164186763e+04 -1.6674671400000000e+03 00130
 9.7248114067606220e+04 -6.4270144291971279e+04 1.0506290734721952e+05 3.9121164899999999e+03 00040
 2.8107188768631367e+01 -6.2894477758933487e+00 2.5309768519116753e+00 4.9678190300000002e+00 50000
 -6.5661430925075967e+02 1.9901758743719731e+02 -7.9220749760692357e+01 -2.1463550799999999e+02 41000
 4.9329025379386867e+03 -2.4744517368056599e+03 1.0242039932225650e+03 3.4385126599999999e+03 32000
 -7.6703373097402027e+03 1.3874497254666167e+04 -6.5087178966084366e+03 -2.7888407800000001e+04 23000
 -5.5916088269229542e+04 -3.0170273414498108e+04 1.9015108787191457e+04 1.1885052899999999e+05 14000
 1.8058932828422100e+05 -6.8541826683411625e+02 -1.6970147906084756e+04 -2.0979779999999999e+05 05000
 6.8249526185082971e+01 -7.4050224555231763e+00 -4.9386695465106704e-02 3.0790796100000000e+00 40100
 -1.0682627548162770e+03 -1.3392935319182211e+01 1.4755966932728645e+01 -7.1757031799999993e+01 31100
 1.8060205573072128e+03 3.0040836948419092e+03 -3.8959371404903482e+02 1.7523077900000001e+02 22100
 3.0758044930878983e+04 -2.6605992827896040e+04 2.4253777599962200e+03 3.6607079199999998e+03 13100
 -8.8852972545853700e+04 6.5492850376154151e+04 -3.7508061321461337e+03 -1.8679771700000001e+04 04100
 -2.3764713477047472e+00 2.2620458574664706e+01 1.1685041979325151e+01 -9.8292970799999999e+00 30200
 4.2687856145059408e+02 -1.7567417321752080e+02 -5.3074933913657830e+01 2.2322339500000001e+02 21200
 -4.5083650358661507e+03 -2.0800134517572615e+03 -5.0238569642744579e+02 -1.9345593400000000e+03 12200
 1.0574903953366835e+04 1.1603450528579648e+04 4.1425711199138877e+03 6.2959604900000004e+03 03200
 2.1173729754043012e+02 -7.7539985501821349e+01 3.8567616065797106e+00 7.5324127100000000e+00 20300
 -1.6162671344696878e+03 3.1146239332701350e+02 -1.4844257968698952e+02 -1.7311873199999999e+02 11300
 1.9900777456657736e+03 2.4334357243002314e+03 1.8568130432009737e+03 1.0774482200000000e+03 02300
 4.3657504642309753e+01 7.7132723919832543e+01 -2.2246476502616058e+01 -1.1124031400000001e+00 10400
 -6.7060998406599492e+02 3.0097996666958056e+02 -2.7259319111202410e+02 -1.0768688200000000e+02 01400
 5.0394992368200320e+01 1.2650569837959424e+02 -1.0072674140040986e+02 -1.3675491200000001e+00 00500
 -1.1256043544451818e+03 2.5864892797957674e+02 -1.5434513887184658e+00 -4.8581986499999999e+01 40010
 2.2497769664905878e+04 -2.8505736082857952e+03 -6.9482356034573786e+02 1.9529719100000000e+03 31010
 -1.4487925879752828e+05 -1.7209870697848492e+04 1.6469597556486362e+04 -2.0776508900000001e+04 22010
 2.7993574271812779e+05 2.8647638321911945e+05 -1.1862083723758125e+05 7.9440774900000004e+04 13010
 8.9471319985262700e+04 -8.4721919419408054e+05 2.5802112326131907e+05 -7.1841567599999995e+04 04010
 1.1260515713212617e+03 -2.0220841019246359e+03 4.0409132198801380e+01 6.3779292800000000e+01 30110
 -3.0788856411387522e+04 3.0324312739916997e+04 -1.9602046143750620e+03 -1.7658266000000001e+03 21110
 2.6062511839663915e+05 -1.1078362822910570e+05 1.7175512554938716e+04 1.1961652899999999e+04 12110
 -6.7474046747617563e+05 5.9417209528412837e+04 -5.2561817504996165e+04 -3.6062570899999999e+04 03110
 -2.6732472677077976e+03 3.3311363084190289e+03 2.0602222185010950e+02 -8.6987571199999998e+00 20210
 4.7729385066296618e+03 -3.7674741550701598e+04 -2.1323837563407883e+03 1.6077307200000000e+03 11210
 7.1992595688787827e+04 6.4058018214238451e+04 -3.1520726993459317e+04 -1.1675984399999999e+04 02210
 -6.1527833438869848e+01 -1.8420986316961933e+03 -1.2940208848475748e+02 1.6598224700000000e+02 10310
 9.0231387822134093e+03 9.8228909313734166e+03 -5.0060571621695863e+03 9.4686973100000000e+02 01310
 -1.5644420938297874e+03 3.4623528938641507e+03 -4.5355452869139071e+02 1.6439557600000001e+02 00410
 -1.1098139195017267e+04 1.5325901692230136e+04 -9.4438495060190803e+02 -2.4076491099999998e+03 30020
 2.6834082555288594e+05 -2.0994944592106037e+05 9.8436020368956015e+03 5.5520991600000001e+04 21020
 -2.1300929107789490e+06 6.9564291758488049e+05 -4.8320099987448986e+04 -4.1814969699999999e+05 12020
 5.6540592279337216e+06 -5.5964828259266051e+05 1.5183283400396822e+05 1.1185970900000001e+06 03020
 1.7775526458697663e+04 -3.2285291888612795e+04 -4.6002191686352553e+03 3.3250162999999998e+02 20120
 -4.7863732299870033e+04 3.6169077082864259e+05 8.7632480828839602e+04 -1.4254245100000000e+04 11120
 -4.6452799068886007e+05 -7.9028878152855963e+05 -7.9491171564487377e+03 5.2657758800000003e+04 02120
 -1.8867725433582880e+04 2.8655412464738021e+02 2.5609414159156451e+04 -3.9989584300000001e+03 10220
 9.3094526690289367e+03 -1.2903441352013458e+05 5.7001037854921713e+04 2.5102144300000000e+04 01220
 1.6793614503864235e+04 -4.4259910654536587e+04 1.8294765993224406e+04 9.0266857599999994e+01 00320
 -6.8004196908045618e+04 8.4362123922758037e+04 4.1699967197002246e+04 -9.3089900000000000e+02 20030
 4.2205731732987711e+05 -1.1360608515330853e+06 -9.1768874297274204e+04 3.9788767800000001e+04 11030
 1.4400675227630776e+06 3.7298324138149070e+06 -5.3109486940681224e+05 -1.1875274700000000e+05 02030
 8.4843126618790397e+04 1.0050503339871221e+05 -2.0647941342513770e+05 2.9493169800000000e+04 10130
 -2.2383416255289761e+05 1.1234253879117376e+05 -7.2370567152493066e+04 -2.5987719800000000e+05 01130
 -1.2622688571951487e+05 -6.2855466908262060e+04 -5.7559566411117426e+04 1.1004152400000000e+03 00230
 6.2573638685500351e+04 -1.2998099494008711e+05 2.4051342344870788e+05 -1.3196676600000001e+04 10040
 4.1630023752311472e+05 -1.5058756886758105e+05 1.7216905050019670e+05 3.0309427799999999e+05 01040
 8.2155229672774835e+05 1.4899662256675358e+06 -9.8892908990156924e+04 -1.7333469400000002e+04 00140
 -2.4135030977824815e+06 -3.4018538937894516e+06 1.0061066303028542e+06 3.0963153100000000e+04 00050
 -3.4968591178926246e+01 2.5738311826702009e+01 -8.1671691537980209e+00 0.0000000000000000e+00 60000
 8.1138035992770665e+02 -1.1562131252842994e+03 3.8569395450152570e+02 0.0000000000000000e+00 51000
 -5.0629784817380187e+03 2.2934369090415777e+04 -8.0127950041198146e+03 0.0000000000000000e+00 42000
 -8.8023139192142298e+03 -2.4881188418226855e+05 9.0864662974924664e+04 0.0000000000000000e+00 33000
 1.5409975888895587e+05 1.5379810014012177e+06 -5.8574845479771309e+05 0.0000000000000000e+00 24000
 -1.5476751807530262e+05 -5.1747697257112330e+06 2.0347482301319763e+06 0.0000000000000000e+00 15000
 -8.4435966418182640e+05 7.4789855642604176e+06 -2.9655571676021628e+06 0.0000000000000000e+00 06000
 -2.8145374735710622e+01 -1.0656331257225055e+01 8.1592498256374242e+00 0.0000000000000000e+00 50100
 -1.9278799717018370e+02 1.8787662350359196e+02 -2.1946195332953337e+02 0.0000000000000000e+00 41100
 1.2456646372488203e+04 -9.1959236549975515e+02 3.2477012149646412e+03 0.0000000000000000e+00 32100
 -6.1747340456804930e+04 -2.3410124722339035e+04 -2.8273234854303511e+04 0.0000000000000000e+00 23100
 -1.8912080012648375e+05 2.8208985022492870e+05 1.2686395435573185e+05 0.0000000000000000e+00 14100
 6.6217518293593510e+05 -8.1830645573725668e+05 -1.7089183477096615e+05 0.0000000000000000e+00 05100
 -4.8985401130724576e+01 2.4502135337132263e+00 -5.4128990759864443e+01 0.0000000000000000e+00 40200
 1.3596595588565829e+03 -1.8540784795609952e+02 1.2139052455342051e+03 0.0000000000000000e+00 31200
 -1.7190078776433522e+04 2.3245642942960608e+03 -1.3473789115661068e+04 0.0000000000000000e+00 22200
 9.5368507389645340e+04 1.8390851273912871e+04 8.6609356013430457e+04 0.0000000000000000e+00 13200
 -2.0645701241257586e+05 -1.1449423405056373e+05 -2.3724712630207103e+05 0.0000000000000000e+00 04200
 -2.6955290136824220e+02 1.2407656136003637e+02 2.0528427514547256e+00 0.0000000000000000e+00 30300
 1.7009037843674455e+03 5.2027778434556453e+01 -3.3698152486741878e+02 0.0000000000000000e+00 21300
 5.0243395995426117e+03 -4.7737836390817956e+03 3.5976511281443045e+03 0.0000000000000000e+00 12300
 -1.6211724100123696e+04 -1.3440215449478217e+04 -3.1721256608569915e+04 0.0000000000000000e+00 03300
 -1.6106275025261334e+02 -8.1776261211008432e+01 -3.0992904509636919e+01 0.0000000000000000e+00 20400
 1.8193870007054390e+03 -3.9477304378904699e+02 1.0002941799489239e+03 0.0000000000000000e+00 11400
 4.0041794558711877e+03 -2.8695902201603089e+03 -1.5302413357290523e+03 0.0000000000000000e+00 02400
 -9.5792227667581002e+00 -3.4907759007718585e+02 2.1718529573200883e+02 0.0000000000000000e+00 10500
 -9.6236591803991757e+02 -6.1106278276608373e+02 1.0573501432644653e+03 0.0000000000000000e+00 01500
 -2.3530750181332033e+02 -1.1271843992445879e+02 -1.3259847415468920e+02 0.0000000000000000e+00 00600
 2.4521795017054919e+03 6.9092898756606758e+00 -4.4929746787449496e+01 0.0000000000000000e+00 50010
 -6.1146053019217128e+04 -6.4109035412391331e+03 6.7280765892597196e+02 0.0000000000000000e+00 41010
 5.3077614509611845e+05 1.5444303575225809e+05 9.1076678238894292e+03 0.0000000000000000e+00 32010
 -2.3469319695921452e+06 -9.7114458916599245e+05 -2.5387074472807313e+05 0.0000000000000000e+00 23010
 7.6114875081583411e+06 3.7106071049612301e+05 1.6560033542114641e+06 0.0000000000000000e+00 14010
 -1.0880255661695236e+07 7.6802163338242834e+06 -3.8889196444261693e+06 0.0000000000000000e+00 05010
 -3.3292654748271211e+03 3.2877062825700959e+03 2.9040120827931279e+01 0.0000000000000000e+00 40110
 9.1173978410561831e+04 -5.6352904887278470e+04 4.9352806033771922e+03 0.0000000000000000e+00 31110
 -7.1509996640892234e+05 2.0549763206656446e+05 -5.1670323410704899e+04 0.0000000000000000e+00 22110
 1.3520095937301826e+06 -3.1800341001110679e+04 1.6593810261536678e+05 0.0000000000000000e+00 13110
 2.7045153017507233e+06 4.7449766216578870e+05 -5.2403450729429715e+03 0.0000000000000000e+00 04110
 7.3956251378937277e+03 -6.4092629756932502e+03 -5.7615114870530795e+02 0.0000000000000000e+00 30210
 -1.0258855424734546e+05 5.9797505680964889e+04 4.0047304178283944e+03 0.0000000000000000e+00 21210
 7.7776739264267974e+05 1.3523806616377071e+05 2.5017587637421861e+04 0.0000000000000000e+00 12210
 -2.7875581184625612e+06 -7.1725866647115559e+05 2.9023340435911127e+05 0.0000000000000000e+00 03210
 -1.5306921420037536e+03 4.3566864661932086e+03 2.1738189717186629e+03 0.0000000000000000e+00 20310
 -2.3911544281723211e+04 4.1167381411760625e+03 -5.2858208348091808e+04 0.0000000000000000e+00 11310
 -1.1384706552365121e+05 -4.5418872626934892e+04 2.1033526803281801e+05 0.0000000000000000e+00 02310
 6.1211795716325860e+03 -2.5225644337015369e+03 -3.3971088080865179e+03 0.0000000000000000e+00 10410
 -2.3277458076601972e+04 -5.4705205629732409e+04 2.3576610713148068e+04 0.0000000000000000e+00 01410
 1.5754651932949797e+04 4.6042345783062519e+03 7.2810730500768796e+03 0.0000000000000000e+00 00510
 2.7646377737844196e+04 -4.2144033242657140e+04 -4.9589178977312649e+03 0.0000000000000000e+00 40020
 -7.4075437161303952e+05 8.0323230276343913e+05 1.4710788720570202e+05 0.0000000000000000e+00 31020
 5.5567888715288220e+06 -4.2183586434421325e+06 -2.0391652533403628e+06 0.0000000000000000e+00 22020
 -5.6490993421104103e+06 4.5451722274571918e+06 1.2172346909380786e+07 0.0000000000000000e+00 13020
 -4.4925675868839748e+07 1.7139250534870836e+06 -2.6364242867494844e+07 0.0000000000000000e+00 04020
 -3.7940038000677079e+04 8.7822676969891676e+04 3.2876358353827593e+04 0.0000000000000000e+00 30120
 7.1027266450914380e+05 -1.2366862934395627e+06 -4.7222500921206438e+05 0.0000000000000000e+00 21120
 -8.4290726974388324e+06 -1.9834120910931099e+05 8.3160913398054591e+05 0.0000000000000000e+00 12120
 3.1105479341867641e+07 1.3934718606210586e+07 1.9290638486675636e+05 0.0000000000000000e+00 03120
 5.4003356190982755e+04 -4.1034822028384930e+04 -7.7825225409635532e+04 0.0000000000000000e+00 20220
 4.2972340533913410e+05 4.3797446509479737e+05 6.3927056953248556e+05 0.0000000000000000e+00 11220
 -5.3912006538988859e+05 1.0355185503921894e+06 -3.8744089875189499e+06 0.0000000000000000e+00 02220
 -9.2728727038854748e+04 2.3024075734232090e+05 -6.2156817283371223e+04 0.0000000000000000e+00 10320
 6.3363110243833717e+05 6.8293428489399434e+05 -4.9196246532525204e+05 0.0000000000000000e+00 01320
 -2.5914937715792240e+05 -2.6071339301243433e+05 -4.7683782125371712e+04 0.0000000000000000e+00 00420
 7.1788004859595501e+04 -6.1893122512198199e+04 -3.2894762679743959e+05 0.0000000000000000e+00 30030
 -1.7571962763684022e+06 -7.7681690397076157e+05 6.2367244195397925e+06 0.0000000000000000e+00 21030
 1.9168246762925144e+07 4.1255589902168937e+07 -2.2499777594386104e+07 0.0000000000000000e+00 12030
 -3.4651021592842899e+07 -1.5608277320714802e+08 1.0169884794055821e+07 0.0000000000000000e+00 03030
 -4.2673287281832314e+05 -6.3229001610220701e+05 1.5277288172419996e+06 0.0000000000000000e+00 20130
 -4.7693666591723152e+06 1.0847167883234927e+06 -9.8471917985795084e+06 0.0000000000000000e+00 11130
 1.9810257526370749e+07 -2.6781534496175803e+07 5.0733724209466033e+07 0.0000000000000000e+00 02130
 1.0031159130106693e+06 -3.0775785054558225e+05 6.5195008389783720e+05 0.0000000000000000e+00 10230
 -1.0835610321128968e+07 -7.3384526374974288e+05 2.8523112956109387e+06 0.0000000000000000e+00 01230
 1.9397972520413983e+06 4.8837848078762069e+06 -2.5487604593186814e+05 0.0000000000000000e+00 00330
 -7.6336097635797720e+04 7.5207196458192188e+06 -8.5754748023790512e+06 0.0000000000000000e+00 20040
 3.0979355592819244e+07 -5.8394587945743151e+07 6.6186412482606806e+07 0.0000000000000000e+00 11040
 -1.2902149109168984e+08 2.4811584411320063e+08 -2.8676921710220605e+08 0.0000000000000000e+00 02040
 -1.0798275813479697e+07 -2.2810240014070615e+07 2.6741239451674852e+06 0.0000000000000000e+00 10140
 1.1663322299001457e+08 4.9347289180645887e+06 -2.1828681141985267e+07 0.0000000000000000e+00 01140
 -1.8241032470975231e+07 -3.0599589471459974e+07 -9.3543841255207472e+06 0.0000000000000000e+00 00240
 4.1656444771945447e+07 1.0999434928744470e+08 -2.2160762129323699e+07 0.0000000000000000e+00 10050
 -4.1154486805772573e+08 -1.0348261678022346e+08 1.0084602791400850e+08 0.0000000000000000e+00 01050
 1.5987431326501641e+08 2.8863486482653763e+07 1.6461542723437411e+08 0.0000000000000000e+00 00150
 -4.9939694435968757e+08 1.9524114488036597e+08 -6.1157621721915638e+08 0.0000000000000000e+00 00060
 1.1258424199999999e+00 0.0000000000000000e+00 0.0000000000000000e+00 7.6817769999999996e-01 00001
 -3.3092960599999999e+00 0.0000000000000000e+00 0.0000000000000000e+00 -1.2482495400000000e+00 10001
 9.5582156000000005e+00 0.0000000000000000e+00 0.0000000000000000e+00 7.1898036500000000e+00 01001
 -1.2807550800000000e+01 0.0000000000000000e+00 0.0000000000000000e+00 -1.7948002400000000e+00 00002
 3.1328287000000000e+01 0.0000000000000000e+00 0.0000000000000000e+00 4.3097902599999998e+00 20001
 -3.6635859399999998e+02 0.0000000000000000e+00 0.0000000000000000e+00 -4.7514103499999997e+01 11001
 1.2812726399999999e+03 0.0000000000000000e+00 0.0000000000000000e+00 1.2740499699999999e+02 02001
 8.4649294600000005e+00 0.0000000000000000e+00 0.0000000000000000e+00 1.5213236200000000e+00 00201
 -2.1218133200000000e+02 0.0000000000000000e+00 0.0000000000000000e+00 -4.4842024199999997e+01 00111
 8.6216804499999995e+01 0.0000000000000000e+00 0.0000000000000000e+00 1.3903586900000001e+01 10002
 -2.0237557699999999e+02 0.0000000000000000e+00 0.0000000000000000e+00 -7.5177002500000000e+01 01002
 1.2924057499999999e+03 0.0000000000000000e+00 0.0000000000000000e+00 3.3294530099999997e+02 00021
 1.5246574300000000e+02 4.1239841799999999e+02 -1.1855168000000000e+02 0.0000000000000000e+00 00012
 5.6814234300000003e+01 0.0000000000000000e+00 0.0000000000000000e+00 1.5595186500000001e+01 00003
 -1.1109064100000001e+02 0.0000000000000000e+00 0.0000000000000000e+00 -1.5717735800000000e+01 30001
 1.3012309000000000e+03 0.0000000000000000e+00 0.0000000000000000e+00 2.4992499500000000e+02 21001
 -3.3776413699999998e+03 0.0000000000000000e+00 0.0000000000000000e+00 -1.2056100300000001e+03 12001
 -1.0805725299999999e+03 0.0000000000000000e+00 0.0000000000000000e+00 1.6507063800000001e+03 03001
 -2.0675836699999999e+02 0.0000000000000000e+00 0.0000000000000000e+00 -8.6394541199999999e+00 10201
 1.2861228000000001e+03 0.0000000000000000e+00 0.0000000000000000e+00 5.1734533999999996e+01 01201
 4.5738898999999998e+02 0.0000000000000000e+00 0.0000000000000000e+00 2.4632876999999999e+02 10111
 3.1552100700000000e+02 0.0000000000000000e+00 0.0000000000000000e+00 -1.4688802499999999e+03 01111
 -2.8637608399999999e+00 0.0000000000000000e+00 0.0000000000000000e+00 -7.7696205800000001e+01 20002
 -2.8453250400000002e+02 0.0000000000000000e+00 0.0000000000000000e+00 8.0826721799999996e+02 11002
 -5.4968678599999997e+01 0.0000000000000000e+00 0.0000000000000000e+00 -1.8872739300000001e+03 02002
 -8.9490322900000001e+02 0.0000000000000000e+00 0.0000000000000000e+00 -1.3172162699999999e+01 00202
 -5.8186814800000001e+01 0.0000000000000000e+00 0.0000000000000000e+00 -1.7587238100000000e+03 10021
 2.8100110300000001e+01 0.0000000000000000e+00 0.0000000000000000e+00 1.0443614200000000e+04 01021
 2.4986902400000002e+01 0.0000000000000000e+00 0.0000000000000000e+00 3.7717688900000002e+02 00112
 -4.7104892700000001e+00 0.0000000000000000e+00 0.0000000000000000e+00 -1.7433297400000001e+02 10003
 -9.4935661400000004e-01 0.0000000000000000e+00 0.0000000000000000e+00 8.9351807699999995e+02 01003
 5.9109615599999996e+00 0.0000000000000000e+00 0.0000000000000000e+00 -2.7085707800000000e+03 00022
 1.0590745000000000e-01 0.0000000000000000e+00 0.0000000000000000e+00 -1.4915634900000001e+02 00004
 7.4420433400000000e-02 0.0000000000000000e+00 0.0000000000000000e+00 0.0000000000000000e+00 00101
 -9.3204445700000005e-01 0.0000000000000000e+00 0.0000000000000000e+00 0.0000000000000000e+00 00011
 2.8452158100000000e+00 0.0000000000000000e+00 0.0000000000000000e+00 0.0000000000000000e+00 10101
 -2.5439373000000000e+01 0.0000000000000000e+00 0.0000000000000000e+00 0.0000000000000000e+00 01101
 1.3705155500000000e+01 0.0000000000000000e+00 0.0000000000000000e+00 0.0000000000000000e+00 10011
 -7.2542508699999999e+01 0.0000000000000000e+00 0.0000000000000000e+00 0.0000000000000000e+00 01011
 1.1188551900000000e+01 0.0000000000000000e+00 0.0000000000000000e+00 0.0000000000000000e+00 00102
 -2.9857603999999998e+01 0.0000000000000000e+00 0.0000000000000000e+00 0.0000000000000000e+00 20101
 2.5760759400000001e+02 0.0000000000000000e+00 0.0000000000000000e+00 0.0000000000000000e+00 11101
 2.2280062200000000e+02 0.0000000000000000e+00 0.0000000000000000e+00 0.0000000000000000e+00 02101
 -5.7470399800000003e+00 0.0000000000000000e+00 0.0000000000000000e+00 0.0000000000000000e+00 00301
 -5.8377417100000002e+01 0.0000000000000000e+00 0.0000000000000000e+00 0.0000000000000000e+00 20011
 -7.5798640700000007e+01 0.0000000000000000e+00 0.0000000000000000e+00 0.0000000000000000e+00 11011
 -2.0030666900000000e+01 0.0000000000000000e+00 0.0000000000000000e+00 0.0000000000000000e+00 02011
 8.1569985000000003e+01 0.0000000000000000e+00 0.0000000000000000e+00 0.0000000000000000e+00 00211
 3.9907235700000001e+01 0.0000000000000000e+00 0.0000000000000000e+00 0.0000000000000000e+00 10102
 2.6133789799999999e+01 0.0000000000000000e+00 0.0000000000000000e+00 0.0000000000000000e+00 01102
 1.1102801200000000e+01 0.0000000000000000e+00 0.0000000000000000e+00 0.0000000000000000e+00 00121
 1.5806418400000000e+01 0.0000000000000000e+00 0.0000000000000000e+00 0.0000000000000000e+00 10012
 2.5233279000000000e+00 0.0000000000000000e+00 0.0000000000000000e+00 0.0000000000000000e+00 01012
 1.4961163900000001e+00 0.0000000000000000e+00 0.0000000000000000e+00 0.0000000000000000e+00 00103
 2.9442717200000001e+00 0.0000000000000000e+00 0.0000000000000000e+00 0.0000000000000000e+00 00031
 1.9644430600000001e-01 0.0000000000000000e+00 0.0000000000000000e+00 0.0000000000000000e+00 00013
 1.6957368000000000e+02 0.0000000000000000e+00 0.0000000000000000e+00 0.0000000000000000e+00 40001
 -1.1884030900000000e+03 0.0000000000000000e+00 0.0000000000000000e+00 0.0000000000000000e+00 31001
 -2.5640085899999999e+03 0.0000000000000000e+00 0.0000000000000000e+00 0.0000000000000000e+00 22001
 -7.9612626599999999e+02 0.0000000000000000e+00 0.0000000000000000e+00 0.0000000000000000e+00 13001
 -1.7013585599999999e+02 0.0000000000000000e+00 0.0000000000000000e+00 0.0000000000000000e+00 04001
 2.5273732400000000e+01 0.0000000000000000e+00 0.0000000000000000e+00 0.0000000000000000e+00 30101
 -3.0211779799999999e+02 0.0000000000000000e+00 0.0000000000000000e+00 0.0000000000000000e+00 21101
 1.0508874799999999e+01 0.0000000000000000e+00 0.0000000000000000e+00 0.0000000000000000e+00 12101
 1.7954560900000001e+01 0.0000000000000000e+00 0.0000000000000000e+00 0.0000000000000000e+00 03101
 3.9304286900000000e+02 0.0000000000000000e+00 0.0000000000000000e+00 0.0000000000000000e+00 20201
 -2.6547935800000000e+03 0.0000000000000000e+00 0.0000000000000000e+00 0.0000000000000000e+00 11201
 -6.7520795899999996e+02 0.0000000000000000e+00 0.0000000000000000e+00 0.0000000000000000e+00 02201
 3.1537455800000000e+01 0.0000000000000000e+00 0.0000000000000000e+00 0.0000000000000000e+00 10301
 -6.6287274900000000e+01 0.0000000000000000e+00 0.0000000000000000e+00 0.0000000000000000e+00 01301
 1.1048366800000000e+01 0.0000000000000000e+00 0.0000000000000000e+00 0.0000000000000000e+00 00401
 5.3995273300000001e+01 0.0000000000000000e+00 0.0000000000000000e+00 0.0000000000000000e+00 30011
 1.9851422299999999e+01 0.0000000000000000e+00 0.0000000000000000e+00 0.0000000000000000e+00 21011
 6.9951277899999997e+00 0.0000000000000000e+00 0.0000000000000000e+00 0.0000000000000000e+00 12011
 2.0305896899999998e+00 0.0000000000000000e+00 0.0000000000000000e+00 0.0000000000000000e+00 03011
 -4.1475572199999999e+02 0.0000000000000000e+00 0.0000000000000000e+00 0.0000000000000000e+00 20111
 -2.4292429500000000e+02 0.0000000000000000e+00 0.0000000000000000e+00 0.0000000000000000e+00 11111
 -5.3283176900000001e+01 0.0000000000000000e+00 0.0000000000000000e+00 0.0000000000000000e+00 02111
 1.4085442600000000e+01 0.0000000000000000e+00 0.0000000000000000e+00 0.0000000000000000e+00 10211
 -7.1897002499999996e+00 0.0000000000000000e+00 0.0000000000000000e+00 0.0000000000000000e+00 01211
 4.6617528200000002e+01 0.0000000000000000e+00 0.0000000000000000e+00 0.0000000000000000e+00 00311
 3.2702350999999999e+02 0.0000000000000000e+00 0.0000000000000000e+00 0.0000000000000000e+00 30002
 -4.6760376399999998e+01 0.0000000000000000e+00 0.0000000000000000e+00 0.0000000000000000e+00 21002
 -1.3113077600000000e+01 0.0000000000000000e+00 0.0000000000000000e+00 0.0000000000000000e+00 12002
 -2.1460877500000000e+00 0.0000000000000000e+00 0.0000000000000000e+00 0.0000000000000000e+00 03002
 -4.0516263400000003e+02 0.0000000000000000e+00 0.0000000000000000e+00 0.0000000000000000e+00 20102
 -3.7832739400000001e+01 0.0000000000000000e+00 0.0000000000000000e+00 0.0000000000000000e+00 11102
 -3.2861643300000001e+00 0.0000000000000000e+00 0.0000000000000000e+00 0.0000000000000000e+00 02102
 -7.9775662299999999e+02 0.0000000000000000e+00 0.0000000000000000e+00 0.0000000000000000e+00 10202
 -1.0025346300000000e+02 0.0000000000000000e+00 0.0000000000000000e+00 0.0000000000000000e+00 01202
 -5.8149400000000000e+01 0.0000000000000000e+00 0.0000000000000000e+00 0.0000000000000000e+00 00302
 -4.9721882500000000e+01 0.0000000000000000e+00 0.0000000000000000e+00 0.0000000000000000e+00 20021
 -2.3494000000000000e+01 0.0000000000000000e+00 0.0000000000000000e+00 0.0000000000000000e+00 11021
 -4.6306529500000000e+00 0.0000000000000000e+00 0.0000000000000000e+00 0.0000000000000000e+00 02021
 -7.0125265800000003e+00 0.0000000000000000e+00 0.0000000000000000e+00 0.0000000000000000e+00 10121
 -1.6612841400000000e+00 0.0000000000000000e+00 0.0000000000000000e+00 0.0000000000000000e+00 01121
 8.9976115900000000e+00 0.0000000000000000e+00 0.0000000000000000e+00 0.0000000000000000e+00 00221
 -2.6915856399999999e+01 0.0000000000000000e+00 0.0000000000000000e+00 0.0000000000000000e+00 20012
 -2.9374057699999998e+00 0.0000000000000000e+00 0.0000000000000000e+00 0.0000000000000000e+00 11012
 -2.8169995599999997e-01 0.0000000000000000e+00 0.0000000000000000e+00 0.0000000000000000e+00 02012
 -4.4261380600000003e+01 0.0000000000000000e+00 0.0000000000000000e+00 0.0000000000000000e+00 10112
 -5.1887392600000002e+00 0.0000000000000000e+00 0.0000000000000000e+00 0.0000000000000000e+00 01112
 -2.3091301500000001e+00 0.0000000000000000e+00 0.0000000000000000e+00 0.0000000000000000e+00 00212
 1.2974281100000001e+01 0.0000000000000000e+00 0.0000000000000000e+00 0.0000000000000000e+00 20003
 1.2986379400000001e+00 0.0000000000000000e+00 0.0000000000000000e+00 0.0000000000000000e+00 11003
 1.7931982099999999e-01 0.0000000000000000e+00 0.0000000000000000e+00 0.0000000000000000e+00 02003
 3.5963604300000002e-01 0.0000000000000000e+00 0.0000000000000000e+00 0.0000000000000000e+00 10103
 -6.8600012500000002e-02 0.0000000000000000e+00 0.0000000000000000e+00 0.0000000000000000e+00 01103
 4.7989772600000002e-01 0.0000000000000000e+00 0.0000000000000000e+00 0.0000000000000000e+00 00203
 -1.5183764099999999e+00 0.0000000000000000e+00 0.0000000000000000e+00 0.0000000000000000e+00 10031
 -2.5950537600000001e-01 0.0000000000000000e+00 0.0000000000000000e+00 0.0000000000000000e+00 01031
 1.2137887100000000e+00 0.0000000000000000e+00 0.0000000000000000e+00 0.0000000000000000e+00 00131
 -3.8339448699999998e+00 0.0000000000000000e+00 0.0000000000000000e+00 0.0000000000000000e+00 10022
 -4.4880310099999998e-01 0.0000000000000000e+00 0.0000000000000000e+00 0.0000000000000000e+00 01022
 4.3274224600000001e-02 0.0000000000000000e+00 0.0000000000000000e+00 0.0000000000000000e+00 00122
 4.3379578000000002e-02 0.0000000000000000e+00 0.0000000000000000e+00 0.0000000000000000e+00 10013
 3.8101713399999999e-04 0.0000000000000000e+00 0.0000000000000000e+00 0.0000000000000000e+00 01013
 7.1732702300000006e-02 0.0000000000000000e+00 0.0000000000000000e+00 0.0000000000000000e+00 00113
 4.0493515200000002e-03 0.0000000000000000e+00 0.0000000000000000e+00 0.0000000000000000e+00 10004
 -7.0401424799999997e-04 0.0000000000000000e+00 0.0000000000000000e+00 0.0000000000000000e+00 01004
 4.1771769200000001e-03 0.0000000000000000e+00 0.0000000000000000e+00 0.0000000000000000e+00 00104
 2.6521246799999998e-01 0.0000000000000000e+00 0.0000000000000000e+00 0.0000000000000000e+00 00041
 3.4293861799999999e-02 0.0000000000000000e+00 0.0000000000000000e+00 0.0000000000000000e+00 00032
 2.7421903000000001e-02 0.0000000000000000e+00 0.0000000000000000e+00 0.0000000000000000e+00 00023
 3.8234677400000002e-03 0.0000000000000000e+00 0.0000000000000000e+00 0.0000000000000000e+00 00014
 1.4659581000000001e-03 0.0000000000000000e+00 0.0000000000000000e+00 0.0000000000000000e+00 00005
 -2.2197897499999999e+02 0.0000000000000000e+00 0.0000000000000000e+00 0.0000000000000000e+00 50001
 2.0814843300000002e+03 0.0000000000000000e+00 0.0000000000000000e+00 0.0000000000000000e+00 41001
 -4.3056093600000003e+02 0.0000000000000000e+00 0.0000000000000000e+00 0.0000000000000000e+00 32001
 -2.1805028799999999e+02 0.0000000000000000e+00 0.0000000000000000e+00 0.0000000000000000e+00 23001
 -5.5584450099999998e+01 0.0000000000000000e+00 0.0000000000000000e+00 0.0000000000000000e+00 14001
 -1.1364256800000000e+01 0.0000000000000000e+00 0.0000000000000000e+00 0.0000000000000000e+00 05001
 1.0843246300000000e+02 0.0000000000000000e+00 0.0000000000000000e+00 0.0000000000000000e+00 40101
 -9.3186493399999995e+02 0.0000000000000000e+00 0.0000000000000000e+00 0.0000000000000000e+00 31101
 -1.9297715800000000e+02 0.0000000000000000e+00 0.0000000000000000e+00 0.0000000000000000e+00 22101
 -2.8647338300000001e+01 0.0000000000000000e+00 0.0000000000000000e+00 0.0000000000000000e+00 13101
 -3.4101753399999999e+00 0.0000000000000000e+00 0.0000000000000000e+00 0.0000000000000000e+00 04101
 6.1327849800000003e+01 0.0000000000000000e+00 0.0000000000000000e+00 0.0000000000000000e+00 30201
 -4.3628918599999999e+01 0.0000000000000000e+00 0.0000000000000000e+00 0.0000000000000000e+00 21201
 -4.7152181900000002e+01 0.0000000000000000e+00 0.0000000000000000e+00 0.0000000000000000e+00 12201
 -1.4919883000000000e+01 0.0000000000000000e+00 0.0000000000000000e+00 0.0000000000000000e+00 03201
 5.8831090099999997e+01 0.0000000000000000e+00 0.0000000000000000e+00 0.0000000000000000e+00 20301
 -3.6337865000000001e+01 0.0000000000000000e+00 0.0000000000000000e+00 0.0000000000000000e+00 11301
 -8.0151232799999992e+00 0.0000000000000000e+00 0.0000000000000000e+00 0.0000000000000000e+00 02301
 -1.0494428700000000e+02 0.0000000000000000e+00 0.0000000000000000e+00 0.0000000000000000e+00 10401
 3.4771335299999997e+01 0.0000000000000000e+00 0.0000000000000000e+00 0.0000000000000000e+00 01401
 -1.2228812499999999e+02 0.0000000000000000e+00 0.0000000000000000e+00 0.0000000000000000e+00 00501
 -7.7545342300000002e+01 0.0000000000000000e+00 0.0000000000000000e+00 0.0000000000000000e+00 40011
 -6.4131444900000005e+01 0.0000000000000000e+00 0.0000000000000000e+00 0.0000000000000000e+00 31011
 -1.3985750500000000e+01 0.0000000000000000e+00 0.0000000000000000e+00 0.0000000000000000e+00 22011
 -2.3365408200000002e+00 0.0000000000000000e+00 0.0000000000000000e+00 0.0000000000000000e+00 13011
 -3.4059649100000000e-01 0.0000000000000000e+00 0.0000000000000000e+00 0.0000000000000000e+00 04011
 2.9339419400000001e+01 0.0000000000000000e+00 0.0000000000000000e+00 0.0000000000000000e+00 30111
 4.8114933100000002e+01 0.0000000000000000e+00 0.0000000000000000e+00 0.0000000000000000e+00 21111
 9.5017492400000005e+00 0.0000000000000000e+00 0.0000000000000000e+00 0.0000000000000000e+00 12111
 1.3883754100000001e+00 0.0000000000000000e+00 0.0000000000000000e+00 0.0000000000000000e+00 03111
 5.2479251499999997e+01 0.0000000000000000e+00 0.0000000000000000e+00 0.0000000000000000e+00 20211
 3.8005874199999998e+00 0.0000000000000000e+00 0.0000000000000000e+00 0.0000000000000000e+00 11211
 2.3455513600000000e-01 0.0000000000000000e+00 0.0000000000000000e+00 0.0000000000000000e+00 02211
 3.9580808500000003e+01 0.0000000000000000e+00 0.0000000000000000e+00 0.0000000000000000e+00 10311
 1.5256354200000001e+01 0.0000000000000000e+00 0.0000000000000000e+00 0.0000000000000000e+00 01311
 -7.2808032699999998e+00 0.0000000000000000e+00 0.0000000000000000e+00 0.0000000000000000e+00 00411
 -5.9749734599999999e+02 0.0000000000000000e+00 0.0000000000000000e+00 0.0000000000000000e+00 40002
 -1.0272174900000000e+02 0.0000000000000000e+00 0.0000000000000000e+00 0.0000000000000000e+00 31002
 -1.5368110700000001e+01 0.0000000000000000e+00 0.0000000000000000e+00 0.0000000000000000e+00 22002
 -2.1720831600000001e+00 0.0000000000000000e+00 0.0000000000000000e+00 0.0000000000000000e+00 13002
 -2.7460926400000002e-01 0.0000000000000000e+00 0.0000000000000000e+00 0.0000000000000000e+00 04002
 1.0683798299999999e+02 0.0000000000000000e+00 0.0000000000000000e+00 0.0000000000000000e+00 30102
 1.2376615800000000e+01 0.0000000000000000e+00 0.0000000000000000e+00 0.0000000000000000e+00 21102
 1.4653033000000000e+00 0.0000000000000000e+00 0.0000000000000000e+00 0.0000000000000000e+00 12102
 1.8539329299999999e-01 0.0000000000000000e+00 0.0000000000000000e+00 0.0000000000000000e+00 03102
 1.1888713100000000e+01 0.0000000000000000e+00 0.0000000000000000e+00 0.0000000000000000e+00 20202
 -2.5566998800000000e+00 0.0000000000000000e+00 0.0000000000000000e+00 0.0000000000000000e+00 11202
 -8.6380901700000001e-01 0.0000000000000000e+00 0.0000000000000000e+00 0.0000000000000000e+00 02202
 1.8804701399999999e+01 0.0000000000000000e+00 0.0000000000000000e+00 0.0000000000000000e+00 10302
 2.4966757999999998e+00 0.0000000000000000e+00 0.0000000000000000e+00 0.0000000000000000e+00 01302
 -3.9308849700000001e+00 0.0000000000000000e+00 0.0000000000000000e+00 0.0000000000000000e+00 00402
 1.2703465100000001e+01 0.0000000000000000e+00 0.0000000000000000e+00 0.0000000000000000e+00 30021
 7.9618751600000000e+00 0.0000000000000000e+00 0.0000000000000000e+00 0.0000000000000000e+00 21021
 1.6098250700000001e+00 0.0000000000000000e+00 0.0000000000000000e+00 0.0000000000000000e+00 12021
 2.5756567499999999e-01 0.0000000000000000e+00 0.0000000000000000e+00 0.0000000000000000e+00 03021
 5.9357450700000003e+00 0.0000000000000000e+00 0.0000000000000000e+00 0.0000000000000000e+00 20121
 6.7934845300000002e-01 0.0000000000000000e+00 0.0000000000000000e+00 0.0000000000000000e+00 11121
 7.5755015100000003e-02 0.0000000000000000e+00 0.0000000000000000e+00 0.0000000000000000e+00 02121
 7.3629458100000003e+00 0.0000000000000000e+00 0.0000000000000000e+00 0.0000000000000000e+00 10221
 2.3008013500000000e+00 0.0000000000000000e+00 0.0000000000000000e+00 0.0000000000000000e+00 01221
 -1.1838300700000000e-01 0.0000000000000000e+00 0.0000000000000000e+00 0.0000000000000000e+00 00321
 1.4425814500000000e+01 0.0000000000000000e+00 0.0000000000000000e+00 0.0000000000000000e+00 30012
 1.5265816299999999e+00 0.0000000000000000e+00 0.0000000000000000e+00 0.0000000000000000e+00 21012
 1.6302881699999999e-01 0.0000000000000000e+00 0.0000000000000000e+00 0.0000000000000000e+00 12012
 1.7168950900000000e-02 0.0000000000000000e+00 0.0000000000000000e+00 0.0000000000000000e+00 03012
 1.5074373400000001e+01 0.0000000000000000e+00 0.0000000000000000e+00 0.0000000000000000e+00 20112
 1.6070658300000000e+00 0.0000000000000000e+00 0.0000000000000000e+00 0.0000000000000000e+00 11112
 1.6646502299999999e-01 0.0000000000000000e+00 0.0000000000000000e+00 0.0000000000000000e+00 02112
 2.2880329700000002e+00 0.0000000000000000e+00 0.0000000000000000e+00 0.0000000000000000e+00 10212
 2.6541344900000002e-01 0.0000000000000000e+00 0.0000000000000000e+00 0.0000000000000000e+00 01212
 3.2668393000000000e+00 0.0000000000000000e+00 0.0000000000000000e+00 0.0000000000000000e+00 00312
 -1.4469480500000000e+00 0.0000000000000000e+00 0.0000000000000000e+00 0.0000000000000000e+00 30003
 -3.0155182100000000e-01 0.0000000000000000e+00 0.0000000000000000e+00 0.0000000000000000e+00 21003
 -9.7940595800000002e-02 0.0000000000000000e+00 0.0000000000000000e+00 0.0000000000000000e+00 12003
 -2.1887463300000000e-02 0.0000000000000000e+00 0.0000000000000000e+00 0.0000000000000000e+00 03003
 2.1373127700000000e-01 0.0000000000000000e+00 0.0000000000000000e+00 0.0000000000000000e+00 20103
 -4.2487175700000003e-03 0.0000000000000000e+00 0.0000000000000000e+00 0.0000000000000000e+00 11103
 -2.6398123599999999e-03 0.0000000000000000e+00 0.0000000000000000e+00 0.0000000000000000e+00 02103
 -3.9033618199999998e-01 0.0000000000000000e+00 0.0000000000000000e+00 0.0000000000000000e+00 10203
 -2.2056344900000000e-02 0.0000000000000000e+00 0.0000000000000000e+00 0.0000000000000000e+00 01203
 -2.5206106999999998e-02 0.0000000000000000e+00 0.0000000000000000e+00 0.0000000000000000e+00 00303
 8.3539572600000001e-01 0.0000000000000000e+00 0.0000000000000000e+00 0.0000000000000000e+00 20031
 1.0108242400000000e-01 0.0000000000000000e+00 0.0000000000000000e+00 0.0000000000000000e+00 11031
 1.1382651500000000e-02 0.0000000000000000e+00 0.0000000000000000e+00 0.0000000000000000e+00 02031
 9.6753924199999997e-01 0.0000000000000000e+00 0.0000000000000000e+00 0.0000000000000000e+00 10131
 2.8394057299999997e-01 0.0000000000000000e+00 0.0000000000000000e+00 0.0000000000000000e+00 01131
 7.0409468399999994e-02 0.0000000000000000e+00 0.0000000000000000e+00 0.0000000000000000e+00 00231
 1.9662115200000001e+00 0.0000000000000000e+00 0.0000000000000000e+00 0.0000000000000000e+00 20022
 2.1192966199999999e-01 0.0000000000000000e+00 0.0000000000000000e+00 0.0000000000000000e+00 11022
 2.2229702000000000e-02 0.0000000000000000e+00 0.0000000000000000e+00 0.0000000000000000e+00 02022
 1.9217672799999999e-01 0.0000000000000000e+00 0.0000000000000000e+00 0.0000000000000000e+00 10122
 2.0842935900000002e-02 0.0000000000000000e+00 0.0000000000000000e+00 0.0000000000000000e+00 01122
 4.0919772199999999e-01 0.0000000000000000e+00 0.0000000000000000e+00 0.0000000000000000e+00 00222
 1.1620879799999999e-02 0.0000000000000000e+00 0.0000000000000000e+00 0.0000000000000000e+00 20013
 -8.6175197900000000e-04 0.0000000000000000e+00 0.0000000000000000e+00 0.0000000000000000e+00 11013
 -3.6803400800000002e-04 0.0000000000000000e+00 0.0000000000000000e+00 0.0000000000000000e+00 02013
 -3.0559588299999999e-02 0.0000000000000000e+00 0.0000000000000000e+00 0.0000000000000000e+00 10113
 7.9282077300000002e-04 0.0000000000000000e+00 0.0000000000000000e+00 0.0000000000000000e+00 01113
 -1.0358131200000000e-03 0.0000000000000000e+00 0.0000000000000000e+00 0.0000000000000000e+00 00213
 -3.1766529600000003e-02 0.0000000000000000e+00 0.0000000000000000e+00 0.0000000000000000e+00 20004
 -8.6869289399999997e-03 0.0000000000000000e+00 0.0000000000000000e+00 0.0000000000000000e+00 11004
 -1.3033663300000000e-03 0.0000000000000000e+00 0.0000000000000000e+00 0.0000000000000000e+00 02004
 -4.8593005899999998e-03 0.0000000000000000e+00 0.0000000000000000e+00 0.0000000000000000e+00 10104
 -1.8132267699999999e-04 0.0000000000000000e+00 0.0000000000000000e+00 0.0000000000000000e+00 01104
 -2.2531301500000000e-02 0.0000000000000000e+00 0.0000000000000000e+00 0.0000000000000000e+00 00204
 1.0273608300000001e-01 0.0000000000000000e+00 0.0000000000000000e+00 0.0000000000000000e+00 10041
 3.1679181700000003e-02 0.0000000000000000e+00 0.0000000000000000e+00 0.0000000000000000e+00 01041
 1.7740698900000001e-02 0.0000000000000000e+00 0.0000000000000000e+00 0.0000000000000000e+00 00141
 1.2813031600000000e-02 0.0000000000000000e+00 0.0000000000000000e+00 0.0000000000000000e+00 10032
 1.3430987299999999e-03 0.0000000000000000e+00 0.0000000000000000e+00 0.0000000000000000e+00 01032
 4.4265491599999998e-02 0.0000000000000000e+00 0.0000000000000000e+00 0.0000000000000000e+00 00132
 -5.0074566800000003e-03 0.0000000000000000e+00 0.0000000000000000e+00 0.0000000000000000e+00 10023
 -3.6226490100000000e-05 0.0000000000000000e+00 0.0000000000000000e+00 0.0000000000000000e+00 01023
 -1.0084677400000000e-04 0.0000000000000000e+00 0.0000000000000000e+00 0.0000000000000000e+00 00123
 -2.5991156500000000e-04 0.0000000000000000e+00 0.0000000000000000e+00 0.0000000000000000e+00 10014
 -8.6598892899999998e-06 0.0000000000000000e+00 0.0000000000000000e+00 0.0000000000000000e+00 01014
 1.2643326200000000e-04 0.0000000000000000e+00 0.0000000000000000e+00 0.0000000000000000e+00 00114
 -3.7640531699999999e-04 0.0000000000000000e+00 0.0000000000000000e+00 0.0000000000000000e+00 10005
 -4.9526213000000003e-05 0.0000000000000000e+00 0.0000000000000000e+00 0.0000000000000000e+00 01005
 5.0543502499999998e-05 0.0000000000000000e+00 0.0000000000000000e+00 0.0000000000000000e+00 00105
 3.1877867700000001e-03 0.0000000000000000e+00 0.0000000000000000e+00 0.0000000000000000e+00 00051
 4.7427681699999998e-03 0.0000000000000000e+00 0.0000000000000000e+00 0.0000000000000000e+00 00042
 1.0854985800000000e-05 0.0000000000000000e+00 0.0000000000000000e+00 0.0000000000000000e+00 00033
 9.0835490000000001e-05 0.0000000000000000e+00 0.0000000000000000e+00 0.0000000000000000e+00 00024
 3.1187906300000002e-06 0.0000000000000000e+00 0.0000000000000000e+00 0.0000000000000000e+00 00015
 2.3269827100000001e-06 0.0000000000000000e+00 0.0000000000000000e+00 0.0000000000000000e+00 00006
 --------------------------------------------
