! Candidate angular fit; delta and xtar-dependent terms retained from frozen seed.
 --------------------------------------------
 1.1257718542552891e-03 4.1381093765497810e-05 5.4063141031307840e-04 0.0000000000000000e+00 00000
 3.2878466423088537e-01 1.6104331089615110e-02 -5.2440776955350694e-03 2.4527718100000001e-01 10000
 -2.9841652493515283e+00 -1.3215769680179751e-01 3.7906795283400810e-02 1.7923725400000001e-01 01000
 -3.4049915303656880e-03 -4.5763280880332352e-01 2.7687269823024108e-01 1.5762221900000001e-02 00100
 1.3730455292855809e-01 4.2588788500863090e-02 -2.3350221352745293e+00 -2.7748113599999999e-02 00010
 -2.7916788721460828e-01 -2.2432729642551209e-02 4.9067088562755505e-03 -3.1763193899999997e-01 20000
 1.8111276534276253e+00 -3.1325002287596618e-02 9.8275486620931093e-02 3.2294487900000002e+00 11000
 7.2569960562746454e+00 1.3199519402858246e+00 -7.0889648405817307e-01 9.9624983800000000e-01 02000
 -6.1667822693225995e-02 1.4091672178030823e+00 -4.2165999941221494e-01 -6.9868989000000006e-02 10100
 6.8553410892811162e-01 1.0364836744759593e+00 1.3364371606714626e-01 -2.7273720299999998e-01 01100
 -1.5764705683479502e-01 -7.4768839773582840e-02 9.0351866515169330e-03 -1.7795864400000000e-02 00200
 -1.3603805342286174e-01 -1.9484329383849254e+01 5.1634741811774747e+00 -1.7964206399999999e-01 10010
 8.4226996610542260e-01 -2.1516108476601946e+01 3.4975426613908160e+00 5.1434082800000001e+00 01010
 4.2640417377373824e-01 -3.8373403574228099e-01 4.4337864370321006e-01 4.5628469799999999e-01 00110
 -5.0082918072116085e+00 2.2461352392309517e+00 -3.2036260984653135e+00 -6.4079203600000003e+00 00020
 1.2265980385259354e+00 1.4151863727026887e-01 -6.8367980424759306e-02 9.3683431900000003e-01 30000
 -2.4117773670305201e+01 -9.7749923005855610e-01 7.1187363517312097e-01 -1.3540589900000001e+01 21000
 1.6436214864553179e+02 -5.1154051942063079e+00 -1.3022302904786129e+00 5.1879764199999997e+01 12000
 -4.2883038883109288e+02 4.6223764714577733e+01 -5.0369990163275613e+00 -2.0498985000000001e+01 03000
 2.5747528388963659e+00 -4.9676882643772045e+00 1.3499445590492918e+00 -3.1254219399999998e-02 20100
 -2.5718276730915075e+01 5.4963406679845392e+01 -1.4092444377351601e+01 2.8400841199999999e-01 11100
 3.0886184864009845e+01 -1.3509556105418781e+02 3.0418255597845143e+01 3.9556433100000001e+00 02100
 8.3203318767268752e-01 3.6808126835848456e+00 -1.0315764901013085e+00 9.5431561099999995e-01 10200
 -7.6377367449954076e-02 -2.3395348647673266e+01 4.9828633144262655e+00 -7.0688381700000003e+00 01200
 1.1929128942085494e+00 -3.8806983068045275e-01 1.1451125357555818e+00 -3.5820566700000001e-01 00300
 -7.3622771650609717e+00 6.1962538321503999e+01 -1.7571698789498367e+01 -2.7448817499999998e+00 20010
 8.7380837986255372e+01 -7.0275078508199420e+02 1.8681891957968375e+02 1.0681983600000001e+01 11010
 -1.4336928199582039e+02 1.8003698286755382e+03 -4.2013415449757957e+02 -4.6776265000000002e+01 02010
 -3.5003972099084734e+01 -5.7807267524253213e+01 1.2855581853909692e+01 4.3468718099999998e-01 10110
 1.7165866063710271e+02 4.0584434476293183e+02 -8.8086534762690803e+01 2.5692412099999999e+01 01110
 -1.1708591907300914e+01 8.1436056609194509e+01 -1.4804211760982911e+01 -3.1559352000000001e+00 00210
 2.1519541211079533e+02 -9.1452674015732125e+00 1.3822345518139151e+01 3.1907757499999999e+01 10020
 -1.7904900725470557e+03 -4.5387498897937185e+01 -3.7076783589888436e+01 -4.6789810199999999e+02 01020
 7.7021527059185857e+01 -1.2186001314382313e+03 3.0734664491288936e+02 3.4179037000000001e+01 00120
 -3.6424971092737813e+01 5.4731019572875393e+03 -1.4123357835271677e+03 -7.1508536199999995e+01 00030
 -8.0439798805103013e+00 -2.0190477663992915e-01 9.0216088466408842e-02 -2.3027877499999998e+00 40000
 1.8104158268462575e+02 3.5156882857256546e+00 -4.9613993603914137e+00 5.8024830899999998e+01 31000
 -1.4139772927376682e+03 -5.8624788246403426e+01 9.0218854275091317e+01 -4.9156237399999998e+02 22000
 4.2709789257620514e+03 5.7108923578884423e+02 -6.9888264587702395e+02 1.7182972100000000e+03 13000
 -3.1937711919043695e+03 -1.9040854394990786e+03 1.7884997133816132e+03 -1.9501040300000000e+03 04000
 -2.5622259946115388e+01 9.9071783181791417e+00 -2.5176191857881722e+00 -1.4621283800000000e+00 30100
 4.3212529382630942e+02 -1.1253234113096853e+02 3.0346411147805245e+01 4.7295753499999996e+01 21100
 -2.4814274368477545e+03 1.5390318655739020e+02 -2.4621034968855660e+01 -4.3237295599999999e+02 12100
 5.4865650934801006e+03 9.3923428791970139e+02 -4.6882510231512947e+02 1.3233994800000000e+03 03100
 -4.4515019995134173e+00 -1.6733737530353924e+01 2.1077541534372761e+00 -1.0047251200000000e+00 20200
 -9.1282078111280018e+00 1.6716946692425356e+02 -2.5939867066422920e+01 1.6743462399999999e+01 11200
 2.6383848649970759e+02 -2.8455359449196357e+02 3.9927171174839522e+01 -6.7273158699999996e+01 02200
 -3.7866711259182303e+01 7.5178068921910963e+00 1.8031599500444351e+00 4.9815545700000001e+00 10300
 1.8384869950464451e+02 -2.1034483732192325e+02 -4.0169412391368713e+00 -3.7436718100000000e+01 01300
 9.3371108160651648e+00 -1.8778001123919580e+01 1.6168696018435334e+01 3.8352631700000002e+00 00400
 1.4188206541207589e+02 -1.6287326513623890e+02 3.9694099890821668e+01 2.0406354700000001e+01 30010
 -1.8339645627529871e+03 2.2590158210768936e+03 -5.3784099372568119e+02 -5.2187064599999997e+02 21010
 7.2277757687934509e+03 -8.0704396923495569e+03 1.5881144774936552e+03 4.0218560800000000e+03 12010
 -1.5518546581124085e+04 2.7096231602064122e+03 1.7703477580560113e+03 -1.1081659400000000e+04 03010
 4.7649562647615319e+01 5.1721172561389983e+02 -8.4648494748558420e+01 -2.6109065900000001e+01 20110
 5.0797203621495527e+02 -4.5484525789588879e+03 5.0973192175163592e+02 3.4366059500000000e+02 11110
 -4.3017985786353156e+03 4.6684034080184092e+03 7.3884202755139097e+02 -9.7405222100000003e+02 02110
 4.9909468118544794e+02 -3.4741444025030114e+02 2.2740660865640404e+01 -3.6510193000000001e+01 10210
 -2.3112448323141007e+03 3.6630378316598731e+03 1.2406389750071446e+02 2.9243684000000002e+02 01210
 -1.7748894123593459e+02 -1.5999896467066904e+02 1.3990472021064897e+02 -8.4939199799999997e+01 00310
 -2.0803687539155132e+02 -2.6359182595344118e+03 7.9064086990448629e+02 4.0636932100000001e+02 20020
 -3.1374304572934757e+03 1.9828886510461103e+04 -8.2628285562534911e+03 -4.5869649099999997e+03 11020
 2.3810663247069799e+04 -5.4049714394705206e+03 1.6733352880555067e+04 9.3584628599999996e+03 02020
 -2.5551184587715379e+03 4.9008469007210233e+03 6.0190559966333160e+02 6.0264629700000000e+01 10120
 1.2533202026502591e+04 -2.1245109359481379e+04 -2.2148866754783629e+02 -6.9720597099999998e+02 01120
 7.9080524966381563e+02 3.0783186889112558e+03 -2.1042424358557173e+03 7.2697501299999999e+02 00220
 4.7416694434073524e+03 -2.8168153364411864e+04 5.1016741544199995e+03 5.3606629499999997e+02 10030
 -3.8699852078926692e+03 9.6879853646094198e+04 -1.2917645432703721e+04 -2.3364836399999999e+03 01030
 -1.5703958435798862e+04 -3.6554705729601455e+03 -9.6084737781520344e+03 -1.6674671400000000e+03 00130
 1.0183685674801406e+05 -5.3820189342590536e+04 9.6608742556830315e+04 3.9121164899999999e+03 00040
 2.8495043523788414e+01 -6.4631596398940898e+00 2.7184432339910147e+00 4.9678190300000002e+00 50000
 -6.5643493676776870e+02 2.0302152329153199e+02 -8.5612058715066453e+01 -2.1463550799999999e+02 41000
 4.7319007236598591e+03 -2.5291833315815711e+03 1.1286580317023745e+03 3.4385126599999999e+03 32000
 -4.8764021448151025e+03 1.4440183003966307e+04 -7.4858129533539259e+03 -2.7888407800000001e+04 23000
 -7.0672632799384330e+04 -3.3673219818273712e+04 2.3994699228050740e+04 1.1885052899999999e+05 14000
 2.0809919695296115e+05 8.1802042863798733e+03 -2.7654429737960272e+04 -2.0979779999999999e+05 05000
 6.4554596787937584e+01 -6.8306045493323779e+00 -8.8900318315881133e-01 3.0790796100000000e+00 40100
 -9.7876776072817620e+02 -1.8399481116600267e+01 3.3910183569658038e+01 -7.1757031799999993e+01 31100
 1.0553277184774167e+03 2.9769791354176546e+03 -5.6711361933586670e+02 1.7523077900000001e+02 22100
 3.2961218690584428e+04 -2.6134444457118283e+04 3.1692271150462907e+03 3.6607079199999998e+03 13100
 -8.8255318820274711e+04 6.4118316558752522e+04 -4.8374483024319597e+03 -1.8679771700000001e+04 04100
 1.2235071781257451e+01 1.6713582214917590e+01 1.3526229259719079e+01 -9.8292970799999999e+00 30200
 1.9470133218634805e+02 -1.5833158571172831e+02 -6.0409308364282069e+01 2.2322339500000001e+02 21200
 -3.0540154818133747e+03 -1.8124316336136665e+03 -6.4050002565817033e+02 -1.9345593400000000e+03 12200
 6.5608411184607194e+03 1.0835120208438506e+04 4.8746956885004793e+03 6.2959604900000004e+03 03200
 1.9939103056798368e+02 -5.3797499057210260e+01 -3.7575865348593962e+00 7.5324127100000000e+00 20300
 -1.5211561963882584e+03 4.6362982375184521e+02 -1.8461487183145871e+02 -1.7311873199999999e+02 11300
 1.6135714360717241e+03 3.6570889075696641e+03 1.3687515538976186e+03 1.0774482200000000e+03 02300
 5.4896810209580586e+01 9.1024053873259007e+01 -3.0481938676656934e+01 -1.1124031400000001e+00 10400
 -7.8320927720577140e+02 2.9282004974839981e+02 -2.7472636845311507e+02 -1.0768688200000000e+02 01400
 4.7881746640584247e+01 1.3219387581560204e+02 -1.0464031089096463e+02 -1.3675491200000001e+00 00500
 -1.1180177484376318e+03 2.5601574464621382e+02 -1.1704801913614162e+00 -4.8581986499999999e+01 40010
 2.2196052197597211e+04 -2.8331151047733420e+03 -6.6486930881192382e+02 1.9529719100000000e+03 31010
 -1.4185503007586635e+05 -1.6688638051265265e+04 1.5891789360656509e+04 -2.0776508900000001e+04 22010
 2.6981703024478821e+05 2.8015463521736290e+05 -1.1500166594749178e+05 7.9440774900000004e+04 13010
 8.9762490158068918e+04 -8.2910805404830631e+05 2.4880175610161450e+05 -7.1841567599999995e+04 04010
 1.1017126396988158e+03 -1.8928002950719708e+03 -6.0569590190518632e+00 6.3779292800000000e+01 30110
 -3.0969898653879030e+04 2.9120910954093622e+04 -1.4621761540547343e+03 -1.7658266000000001e+03 21110
 2.6362546441556606e+05 -1.0874067355940831e+05 1.6906703855322939e+04 1.1961652899999999e+04 12110
 -6.7423203051042149e+05 5.2476835387539199e+04 -5.7869622487160523e+04 -3.6062570899999999e+04 03110
 -2.5556249133695273e+03 2.4632861854561202e+03 4.2029425036217242e+02 -8.6987571199999998e+00 20210
 4.6504739991203051e+03 -4.2530863720347072e+04 3.6898316840568265e+02 1.6077307200000000e+03 11210
 7.5059943404944614e+04 5.0510938772235313e+04 -2.9775663845666142e+04 -1.1675984399999999e+04 02210
 -1.3425969129176792e+02 -1.9760910158705876e+03 1.9598647414597092e+01 1.6598224700000000e+02 10310
 1.0244486157113546e+04 7.8330590325553130e+03 -4.2491222980988132e+03 9.4686973100000000e+02 01310
 -1.4676982021574320e+03 3.3201792203175005e+03 -3.9129747702448998e+02 1.6439557600000001e+02 00410
 -1.1613004918350662e+04 1.4816919682035956e+04 -7.9519818025625102e+02 -2.4076491099999998e+03 30020
 2.7738303472331737e+05 -2.0453661845531748e+05 7.6231213513608054e+03 5.5520991600000001e+04 21020
 -2.1811728065504637e+06 6.9155653418816428e+05 -4.2849285975612234e+04 -4.1814969699999999e+05 12020
 5.7493087985379649e+06 -5.2884164496333746e+05 1.3729823737274500e+05 1.1185970900000001e+06 03020
 1.9110337876146274e+04 -2.2508574441107841e+04 -6.9562578676208723e+03 3.3250162999999998e+02 20120
 -7.2365600727640121e+04 3.8008480153604341e+05 7.3036662787626803e+04 -1.4254245100000000e+04 11120
 -4.0662836340058869e+05 -7.3173258940211392e+05 -5.5710733035085132e+03 5.2657758800000003e+04 02120
 -2.1830619996152218e+04 6.1987314326510875e+02 2.4447310766731276e+04 -3.9989584300000001e+03 10220
 1.7088157485108499e+04 -1.0720476780496203e+05 5.0790656688915587e+04 2.5102144300000000e+04 01220
 1.7761587656619908e+04 -4.7895090554691633e+04 1.8959181614764646e+04 9.0266857599999994e+01 00320
 -7.7118978737168844e+04 7.0320339034754623e+04 4.2578715649073303e+04 -9.3089900000000000e+02 20030
 5.1251433648411284e+05 -1.1335370145640755e+06 -6.1401287291227323e+04 3.9788767800000001e+04 11030
 1.1899250009423813e+06 3.6864623358164881e+06 -5.9968315732170083e+05 -1.1875274700000000e+05 02030
 1.1938425316878845e+05 1.1182110373418407e+05 -2.0610472965788367e+05 2.9493169800000000e+04 10130
 -3.7503673296804249e+05 -2.9221758409044680e+04 -5.2760432826535056e+04 -2.5987719800000000e+05 01130
 -1.5069363699024759e+05 -8.3311366241847591e+03 -6.4622776477002146e+04 1.1004152400000000e+03 00230
 -2.5222190214047449e+04 -1.2702516362597505e+05 2.3342832615998568e+05 -1.3196676600000001e+04 10040
 9.1463643543875660e+05 2.4081767887461968e+05 1.5875732152494037e+05 3.0309427799999999e+05 01040
 9.5999977012178826e+05 1.2310504528285400e+06 -7.7916903560670980e+04 -1.7333469400000002e+04 00140
 -2.7020601247771746e+06 -2.5763652216952522e+06 7.4654068313318538e+05 3.0963153100000000e+04 00050
 -3.4813717988674462e+01 2.5033078112861137e+01 -8.6019663007478471e+00 0.0000000000000000e+00 60000
 7.7805623617592369e+02 -1.1001965522056571e+03 4.0057843504830669e+02 0.0000000000000000e+00 51000
 -4.1132588543529773e+03 2.1536481788031757e+04 -8.2521655666293682e+03 0.0000000000000000e+00 42000
 -1.8681487322443641e+04 -2.3133027721264921e+05 9.2889974623004775e+04 0.0000000000000000e+00 33000
 1.9203473634802626e+05 1.4163465573984236e+06 -5.9260330246168422e+05 0.0000000000000000e+00 24000
 -1.6076518368500398e+05 -4.7227618648642888e+06 2.0269736749610016e+06 0.0000000000000000e+00 15000
 -1.0236461319834081e+06 6.7784322646437995e+06 -2.8937091345978305e+06 0.0000000000000000e+00 06000
 -2.2506310774855748e+01 -1.2021167575121156e+01 8.7846629129444498e+00 0.0000000000000000e+00 50100
 -3.1145188833637360e+02 1.9834567464645079e+02 -2.0850698350719603e+02 0.0000000000000000e+00 41100
 1.2697804897668424e+04 -8.9061385102504312e+02 2.7590394088937724e+03 0.0000000000000000e+00 32100
 -5.2695852825104179e+04 -2.4583511108047325e+04 -2.2414432960417071e+04 0.0000000000000000e+00 23100
 -2.4582870681526395e+05 2.8832081958376529e+05 9.6923734447776122e+04 0.0000000000000000e+00 14100
 7.1646591683574533e+05 -8.2804887637724378e+05 -1.1133890440068251e+05 0.0000000000000000e+00 05100
 -7.5985175932687781e+01 1.0245464834906167e+01 -5.6306072936780460e+01 0.0000000000000000e+00 40200
 1.8093007300663564e+03 -1.8995204578540600e+02 1.1802957365552390e+03 0.0000000000000000e+00 31200
 -1.8872018174407855e+04 2.1755018941679282e+03 -1.2765588882585742e+04 0.0000000000000000e+00 22200
 8.8555749061328417e+04 1.6352487356532853e+04 8.3505912533271359e+04 0.0000000000000000e+00 13200
 -1.6326643660329413e+05 -9.9917088642541450e+04 -2.3766027362802680e+05 0.0000000000000000e+00 04200
 -2.4313298441947825e+02 1.0441913411201769e+02 7.2286210329134306e+00 0.0000000000000000e+00 30300
 1.3810464918607745e+03 -1.1077721456892455e+02 -2.8314541644963964e+02 0.0000000000000000e+00 21300
 6.0053661290206574e+03 -5.4606724614178656e+03 3.6131905756859755e+03 0.0000000000000000e+00 12300
 -1.5772649701907641e+04 -2.4370898965529741e+04 -2.7542633188130661e+04 0.0000000000000000e+00 03300
 -1.9244013084095189e+02 -9.4812527112239280e+01 -1.8441535782514478e+01 0.0000000000000000e+00 20400
 1.9957236596027171e+03 -5.9364645754019239e+02 1.0019420500985162e+03 0.0000000000000000e+00 11400
 4.9310951142578233e+03 -1.8124820455217714e+03 -1.4684417585803956e+03 0.0000000000000000e+00 02400
 -1.0010875681921174e+00 -3.6176523864818085e+02 2.2869186353049994e+02 0.0000000000000000e+00 10500
 -9.4479602203970751e+02 -6.8294624694516949e+02 1.0487300382159083e+03 0.0000000000000000e+00 01500
 -2.4053890649345450e+02 -1.0364430144060280e+02 -1.1877799995136878e+02 0.0000000000000000e+00 00600
 2.4691310713014345e+03 -1.1257797412944582e+01 -4.0583091210904904e+01 0.0000000000000000e+00 50010
 -6.1287621151137646e+04 -5.4191754880168592e+03 2.7791281062106430e+02 0.0000000000000000e+00 41010
 5.2841538018335344e+05 1.3833755494441889e+05 1.7406564193413102e+04 0.0000000000000000e+00 32010
 -2.3201531412888789e+06 -8.4345374289511575e+05 -3.3421011068693158e+05 0.0000000000000000e+00 23010
 7.4548165959504154e+06 -1.1712715455130160e+05 2.0136846869191548e+06 0.0000000000000000e+00 14010
 -1.0124891567718761e+07 8.3424193590263557e+06 -4.4805308340343237e+06 0.0000000000000000e+00 05010
 -3.3911620403923289e+03 3.0214693674714285e+03 8.5197123100110986e+01 0.0000000000000000e+00 40110
 9.3417028452079030e+04 -5.3770510595474640e+04 5.3648722140596010e+03 0.0000000000000000e+00 31110
 -7.2601150257908041e+05 1.9213922366530643e+05 -6.9316263862478285e+04 0.0000000000000000e+00 22110
 1.3584186065402520e+06 1.7932184022569523e+04 2.7445293486775557e+05 0.0000000000000000e+00 13110
 2.5286058015507497e+06 3.7739360464248550e+05 -1.4930333436328845e+05 0.0000000000000000e+00 04110
 7.6176875303041188e+03 -5.3611330306239461e+03 -7.1264378054694828e+02 0.0000000000000000e+00 30210
 -1.1037144888268421e+05 6.5063152991357536e+04 -9.0695320067880425e+02 0.0000000000000000e+00 21210
 8.3820108273545129e+05 1.8372158552894744e+05 2.5560494641493417e+04 0.0000000000000000e+00 12210
 -2.9213557945152409e+06 -5.9697663188195589e+05 2.3314233725805182e+05 0.0000000000000000e+00 03210
 -1.5400704717240937e+03 4.1825401771954703e+03 2.0449059237807442e+03 0.0000000000000000e+00 20310
 -2.5771450667868783e+04 1.6546312905357125e+04 -5.5233417228431717e+04 0.0000000000000000e+00 11310
 -1.2992456020988262e+05 -6.6442572250157173e+04 2.0802431452252882e+05 0.0000000000000000e+00 02310
 6.4842259378887438e+03 -2.2706654863011013e+03 -3.6621376672726428e+03 0.0000000000000000e+00 10410
 -2.9824555984634309e+04 -5.1858081872182454e+04 2.4200246581076852e+04 0.0000000000000000e+00 01410
 1.6384491446382926e+04 4.1248124032322021e+03 6.8457309572314052e+03 0.0000000000000000e+00 00510
 3.0917997450281015e+04 -4.0019033627523990e+04 -5.1745839977048217e+03 0.0000000000000000e+00 40020
 -8.2087847165970004e+05 7.6559424423457740e+05 1.4452851144047861e+05 0.0000000000000000e+00 31020
 6.1089790160126677e+06 -3.9018049359234925e+06 -1.9543280470593974e+06 0.0000000000000000e+00 22020
 -6.7564176260142038e+06 3.2436963225821210e+06 1.1740926490427593e+07 0.0000000000000000e+00 13020
 -4.4186068472009122e+07 3.9316266506013772e+06 -2.6250917945156761e+07 0.0000000000000000e+00 04020
 -4.6596569151784664e+04 7.2606911810878955e+04 3.2288280676763450e+04 0.0000000000000000e+00 30120
 8.8199826176698948e+05 -1.3497375774876657e+06 -3.2963895428869262e+05 0.0000000000000000e+00 21120
 -9.2913182029185072e+06 -3.9507473040735989e+05 3.5814649207575223e+05 0.0000000000000000e+00 12120
 3.2147747559530474e+07 1.3181801443596877e+07 1.1820596635441228e+06 0.0000000000000000e+00 03120
 7.4247091904795350e+04 -3.1013168138858095e+04 -7.3629085231733203e+04 0.0000000000000000e+00 20220
 2.3879469614930736e+05 1.9008245832143436e+05 6.3406142102835968e+05 0.0000000000000000e+00 11220
 8.3859952697528803e+04 1.1911705520581487e+06 -3.5059873186096037e+06 0.0000000000000000e+00 02220
 -1.0705033093573090e+05 2.2633534738001303e+05 -6.1485052016668742e+04 0.0000000000000000e+00 10320
 7.3200964705358667e+05 7.6426033751022757e+05 -5.3507172388166061e+05 0.0000000000000000e+00 01320
 -2.5580283514275769e+05 -2.5247277859700340e+05 -4.7835966660916274e+04 0.0000000000000000e+00 00420
 1.2089698079556639e+05 3.6440488301968609e+04 -3.3621597659531632e+05 0.0000000000000000e+00 30030
 -2.6598053258091011e+06 -3.9283847663570463e+05 5.6402342674331591e+06 0.0000000000000000e+00 21030
 2.2748098276212659e+07 4.1129776370765723e+07 -2.0262689282449752e+07 0.0000000000000000e+00 12030
 -3.6109178089640290e+07 -1.5330680897287661e+08 6.3852034742461555e+06 0.0000000000000000e+00 03030
 -6.0569688260804431e+05 -7.4396735955494922e+05 1.4563923343071537e+06 0.0000000000000000e+00 20130
 -3.0220350536196516e+06 3.1124334453277742e+06 -9.1961818076022640e+06 0.0000000000000000e+00 11130
 1.5441871565993946e+07 -2.9032943180485845e+07 4.5044758126221575e+07 0.0000000000000000e+00 02130
 1.1781690182817841e+06 -4.2287898562684603e+05 6.9409370252195105e+05 0.0000000000000000e+00 10230
 -1.1007610914362291e+07 -2.3896713731286344e+06 3.4006632335818354e+06 0.0000000000000000e+00 01230
 1.7535866232863490e+06 4.9978749031763868e+06 -2.9201397534125712e+05 0.0000000000000000e+00 00330
 2.7712438680293871e+05 8.2313192123717535e+06 -8.4156708756786250e+06 0.0000000000000000e+00 20040
 2.8274593705028377e+07 -6.6699029123492733e+07 6.4153100157256193e+07 0.0000000000000000e+00 11040
 -1.2491635216861619e+08 2.6752782233465433e+08 -2.6928852323628086e+08 0.0000000000000000e+00 02040
 -1.1300470231034964e+07 -2.1648221017827719e+07 2.7263976668317826e+06 0.0000000000000000e+00 10140
 1.1200126150972952e+08 1.3882597992854711e+07 -2.5022371317843452e+07 0.0000000000000000e+00 01140
 -1.7660207363167752e+07 -3.4087233736582518e+07 -7.2591621332221068e+06 0.0000000000000000e+00 00240
 4.0416083843712397e+07 1.0942245568305576e+08 -2.5305135491562799e+07 0.0000000000000000e+00 10050
 -3.8930669779126191e+08 -1.1943657740172106e+08 1.1186800835803697e+08 0.0000000000000000e+00 01050
 1.6654284962599209e+08 5.4346890173467301e+07 1.4570763986923811e+08 0.0000000000000000e+00 00150
 -5.2788173260736179e+08 1.3673512101864871e+08 -5.6448696931761503e+08 0.0000000000000000e+00 00060
 1.1258424199999999e+00 0.0000000000000000e+00 0.0000000000000000e+00 7.6817769999999996e-01 00001
 -3.3092960599999999e+00 0.0000000000000000e+00 0.0000000000000000e+00 -1.2482495400000000e+00 10001
 9.5582156000000005e+00 0.0000000000000000e+00 0.0000000000000000e+00 7.1898036500000000e+00 01001
 -1.2807550800000000e+01 0.0000000000000000e+00 0.0000000000000000e+00 -1.7948002400000000e+00 00002
 3.1328287000000000e+01 0.0000000000000000e+00 0.0000000000000000e+00 4.3097902599999998e+00 20001
 -3.6635859399999998e+02 0.0000000000000000e+00 0.0000000000000000e+00 -4.7514103499999997e+01 11001
 1.2812726399999999e+03 0.0000000000000000e+00 0.0000000000000000e+00 1.2740499699999999e+02 02001
 8.4649294600000005e+00 0.0000000000000000e+00 0.0000000000000000e+00 1.5213236200000000e+00 00201
 -2.1218133200000000e+02 0.0000000000000000e+00 0.0000000000000000e+00 -4.4842024199999997e+01 00111
 8.6216804499999995e+01 0.0000000000000000e+00 0.0000000000000000e+00 1.3903586900000001e+01 10002
 -2.0237557699999999e+02 0.0000000000000000e+00 0.0000000000000000e+00 -7.5177002500000000e+01 01002
 1.2924057499999999e+03 0.0000000000000000e+00 0.0000000000000000e+00 3.3294530099999997e+02 00021
 1.5246574300000000e+02 4.1239841799999999e+02 -1.1855168000000000e+02 0.0000000000000000e+00 00012
 5.6814234300000003e+01 0.0000000000000000e+00 0.0000000000000000e+00 1.5595186500000001e+01 00003
 -1.1109064100000001e+02 0.0000000000000000e+00 0.0000000000000000e+00 -1.5717735800000000e+01 30001
 1.3012309000000000e+03 0.0000000000000000e+00 0.0000000000000000e+00 2.4992499500000000e+02 21001
 -3.3776413699999998e+03 0.0000000000000000e+00 0.0000000000000000e+00 -1.2056100300000001e+03 12001
 -1.0805725299999999e+03 0.0000000000000000e+00 0.0000000000000000e+00 1.6507063800000001e+03 03001
 -2.0675836699999999e+02 0.0000000000000000e+00 0.0000000000000000e+00 -8.6394541199999999e+00 10201
 1.2861228000000001e+03 0.0000000000000000e+00 0.0000000000000000e+00 5.1734533999999996e+01 01201
 4.5738898999999998e+02 0.0000000000000000e+00 0.0000000000000000e+00 2.4632876999999999e+02 10111
 3.1552100700000000e+02 0.0000000000000000e+00 0.0000000000000000e+00 -1.4688802499999999e+03 01111
 -2.8637608399999999e+00 0.0000000000000000e+00 0.0000000000000000e+00 -7.7696205800000001e+01 20002
 -2.8453250400000002e+02 0.0000000000000000e+00 0.0000000000000000e+00 8.0826721799999996e+02 11002
 -5.4968678599999997e+01 0.0000000000000000e+00 0.0000000000000000e+00 -1.8872739300000001e+03 02002
 -8.9490322900000001e+02 0.0000000000000000e+00 0.0000000000000000e+00 -1.3172162699999999e+01 00202
 -5.8186814800000001e+01 0.0000000000000000e+00 0.0000000000000000e+00 -1.7587238100000000e+03 10021
 2.8100110300000001e+01 0.0000000000000000e+00 0.0000000000000000e+00 1.0443614200000000e+04 01021
 2.4986902400000002e+01 0.0000000000000000e+00 0.0000000000000000e+00 3.7717688900000002e+02 00112
 -4.7104892700000001e+00 0.0000000000000000e+00 0.0000000000000000e+00 -1.7433297400000001e+02 10003
 -9.4935661400000004e-01 0.0000000000000000e+00 0.0000000000000000e+00 8.9351807699999995e+02 01003
 5.9109615599999996e+00 0.0000000000000000e+00 0.0000000000000000e+00 -2.7085707800000000e+03 00022
 1.0590745000000000e-01 0.0000000000000000e+00 0.0000000000000000e+00 -1.4915634900000001e+02 00004
 7.4420433400000000e-02 0.0000000000000000e+00 0.0000000000000000e+00 0.0000000000000000e+00 00101
 -9.3204445700000005e-01 0.0000000000000000e+00 0.0000000000000000e+00 0.0000000000000000e+00 00011
 2.8452158100000000e+00 0.0000000000000000e+00 0.0000000000000000e+00 0.0000000000000000e+00 10101
 -2.5439373000000000e+01 0.0000000000000000e+00 0.0000000000000000e+00 0.0000000000000000e+00 01101
 1.3705155500000000e+01 0.0000000000000000e+00 0.0000000000000000e+00 0.0000000000000000e+00 10011
 -7.2542508699999999e+01 0.0000000000000000e+00 0.0000000000000000e+00 0.0000000000000000e+00 01011
 1.1188551900000000e+01 0.0000000000000000e+00 0.0000000000000000e+00 0.0000000000000000e+00 00102
 -2.9857603999999998e+01 0.0000000000000000e+00 0.0000000000000000e+00 0.0000000000000000e+00 20101
 2.5760759400000001e+02 0.0000000000000000e+00 0.0000000000000000e+00 0.0000000000000000e+00 11101
 2.2280062200000000e+02 0.0000000000000000e+00 0.0000000000000000e+00 0.0000000000000000e+00 02101
 -5.7470399800000003e+00 0.0000000000000000e+00 0.0000000000000000e+00 0.0000000000000000e+00 00301
 -5.8377417100000002e+01 0.0000000000000000e+00 0.0000000000000000e+00 0.0000000000000000e+00 20011
 -7.5798640700000007e+01 0.0000000000000000e+00 0.0000000000000000e+00 0.0000000000000000e+00 11011
 -2.0030666900000000e+01 0.0000000000000000e+00 0.0000000000000000e+00 0.0000000000000000e+00 02011
 8.1569985000000003e+01 0.0000000000000000e+00 0.0000000000000000e+00 0.0000000000000000e+00 00211
 3.9907235700000001e+01 0.0000000000000000e+00 0.0000000000000000e+00 0.0000000000000000e+00 10102
 2.6133789799999999e+01 0.0000000000000000e+00 0.0000000000000000e+00 0.0000000000000000e+00 01102
 1.1102801200000000e+01 0.0000000000000000e+00 0.0000000000000000e+00 0.0000000000000000e+00 00121
 1.5806418400000000e+01 0.0000000000000000e+00 0.0000000000000000e+00 0.0000000000000000e+00 10012
 2.5233279000000000e+00 0.0000000000000000e+00 0.0000000000000000e+00 0.0000000000000000e+00 01012
 1.4961163900000001e+00 0.0000000000000000e+00 0.0000000000000000e+00 0.0000000000000000e+00 00103
 2.9442717200000001e+00 0.0000000000000000e+00 0.0000000000000000e+00 0.0000000000000000e+00 00031
 1.9644430600000001e-01 0.0000000000000000e+00 0.0000000000000000e+00 0.0000000000000000e+00 00013
 1.6957368000000000e+02 0.0000000000000000e+00 0.0000000000000000e+00 0.0000000000000000e+00 40001
 -1.1884030900000000e+03 0.0000000000000000e+00 0.0000000000000000e+00 0.0000000000000000e+00 31001
 -2.5640085899999999e+03 0.0000000000000000e+00 0.0000000000000000e+00 0.0000000000000000e+00 22001
 -7.9612626599999999e+02 0.0000000000000000e+00 0.0000000000000000e+00 0.0000000000000000e+00 13001
 -1.7013585599999999e+02 0.0000000000000000e+00 0.0000000000000000e+00 0.0000000000000000e+00 04001
 2.5273732400000000e+01 0.0000000000000000e+00 0.0000000000000000e+00 0.0000000000000000e+00 30101
 -3.0211779799999999e+02 0.0000000000000000e+00 0.0000000000000000e+00 0.0000000000000000e+00 21101
 1.0508874799999999e+01 0.0000000000000000e+00 0.0000000000000000e+00 0.0000000000000000e+00 12101
 1.7954560900000001e+01 0.0000000000000000e+00 0.0000000000000000e+00 0.0000000000000000e+00 03101
 3.9304286900000000e+02 0.0000000000000000e+00 0.0000000000000000e+00 0.0000000000000000e+00 20201
 -2.6547935800000000e+03 0.0000000000000000e+00 0.0000000000000000e+00 0.0000000000000000e+00 11201
 -6.7520795899999996e+02 0.0000000000000000e+00 0.0000000000000000e+00 0.0000000000000000e+00 02201
 3.1537455800000000e+01 0.0000000000000000e+00 0.0000000000000000e+00 0.0000000000000000e+00 10301
 -6.6287274900000000e+01 0.0000000000000000e+00 0.0000000000000000e+00 0.0000000000000000e+00 01301
 1.1048366800000000e+01 0.0000000000000000e+00 0.0000000000000000e+00 0.0000000000000000e+00 00401
 5.3995273300000001e+01 0.0000000000000000e+00 0.0000000000000000e+00 0.0000000000000000e+00 30011
 1.9851422299999999e+01 0.0000000000000000e+00 0.0000000000000000e+00 0.0000000000000000e+00 21011
 6.9951277899999997e+00 0.0000000000000000e+00 0.0000000000000000e+00 0.0000000000000000e+00 12011
 2.0305896899999998e+00 0.0000000000000000e+00 0.0000000000000000e+00 0.0000000000000000e+00 03011
 -4.1475572199999999e+02 0.0000000000000000e+00 0.0000000000000000e+00 0.0000000000000000e+00 20111
 -2.4292429500000000e+02 0.0000000000000000e+00 0.0000000000000000e+00 0.0000000000000000e+00 11111
 -5.3283176900000001e+01 0.0000000000000000e+00 0.0000000000000000e+00 0.0000000000000000e+00 02111
 1.4085442600000000e+01 0.0000000000000000e+00 0.0000000000000000e+00 0.0000000000000000e+00 10211
 -7.1897002499999996e+00 0.0000000000000000e+00 0.0000000000000000e+00 0.0000000000000000e+00 01211
 4.6617528200000002e+01 0.0000000000000000e+00 0.0000000000000000e+00 0.0000000000000000e+00 00311
 3.2702350999999999e+02 0.0000000000000000e+00 0.0000000000000000e+00 0.0000000000000000e+00 30002
 -4.6760376399999998e+01 0.0000000000000000e+00 0.0000000000000000e+00 0.0000000000000000e+00 21002
 -1.3113077600000000e+01 0.0000000000000000e+00 0.0000000000000000e+00 0.0000000000000000e+00 12002
 -2.1460877500000000e+00 0.0000000000000000e+00 0.0000000000000000e+00 0.0000000000000000e+00 03002
 -4.0516263400000003e+02 0.0000000000000000e+00 0.0000000000000000e+00 0.0000000000000000e+00 20102
 -3.7832739400000001e+01 0.0000000000000000e+00 0.0000000000000000e+00 0.0000000000000000e+00 11102
 -3.2861643300000001e+00 0.0000000000000000e+00 0.0000000000000000e+00 0.0000000000000000e+00 02102
 -7.9775662299999999e+02 0.0000000000000000e+00 0.0000000000000000e+00 0.0000000000000000e+00 10202
 -1.0025346300000000e+02 0.0000000000000000e+00 0.0000000000000000e+00 0.0000000000000000e+00 01202
 -5.8149400000000000e+01 0.0000000000000000e+00 0.0000000000000000e+00 0.0000000000000000e+00 00302
 -4.9721882500000000e+01 0.0000000000000000e+00 0.0000000000000000e+00 0.0000000000000000e+00 20021
 -2.3494000000000000e+01 0.0000000000000000e+00 0.0000000000000000e+00 0.0000000000000000e+00 11021
 -4.6306529500000000e+00 0.0000000000000000e+00 0.0000000000000000e+00 0.0000000000000000e+00 02021
 -7.0125265800000003e+00 0.0000000000000000e+00 0.0000000000000000e+00 0.0000000000000000e+00 10121
 -1.6612841400000000e+00 0.0000000000000000e+00 0.0000000000000000e+00 0.0000000000000000e+00 01121
 8.9976115900000000e+00 0.0000000000000000e+00 0.0000000000000000e+00 0.0000000000000000e+00 00221
 -2.6915856399999999e+01 0.0000000000000000e+00 0.0000000000000000e+00 0.0000000000000000e+00 20012
 -2.9374057699999998e+00 0.0000000000000000e+00 0.0000000000000000e+00 0.0000000000000000e+00 11012
 -2.8169995599999997e-01 0.0000000000000000e+00 0.0000000000000000e+00 0.0000000000000000e+00 02012
 -4.4261380600000003e+01 0.0000000000000000e+00 0.0000000000000000e+00 0.0000000000000000e+00 10112
 -5.1887392600000002e+00 0.0000000000000000e+00 0.0000000000000000e+00 0.0000000000000000e+00 01112
 -2.3091301500000001e+00 0.0000000000000000e+00 0.0000000000000000e+00 0.0000000000000000e+00 00212
 1.2974281100000001e+01 0.0000000000000000e+00 0.0000000000000000e+00 0.0000000000000000e+00 20003
 1.2986379400000001e+00 0.0000000000000000e+00 0.0000000000000000e+00 0.0000000000000000e+00 11003
 1.7931982099999999e-01 0.0000000000000000e+00 0.0000000000000000e+00 0.0000000000000000e+00 02003
 3.5963604300000002e-01 0.0000000000000000e+00 0.0000000000000000e+00 0.0000000000000000e+00 10103
 -6.8600012500000002e-02 0.0000000000000000e+00 0.0000000000000000e+00 0.0000000000000000e+00 01103
 4.7989772600000002e-01 0.0000000000000000e+00 0.0000000000000000e+00 0.0000000000000000e+00 00203
 -1.5183764099999999e+00 0.0000000000000000e+00 0.0000000000000000e+00 0.0000000000000000e+00 10031
 -2.5950537600000001e-01 0.0000000000000000e+00 0.0000000000000000e+00 0.0000000000000000e+00 01031
 1.2137887100000000e+00 0.0000000000000000e+00 0.0000000000000000e+00 0.0000000000000000e+00 00131
 -3.8339448699999998e+00 0.0000000000000000e+00 0.0000000000000000e+00 0.0000000000000000e+00 10022
 -4.4880310099999998e-01 0.0000000000000000e+00 0.0000000000000000e+00 0.0000000000000000e+00 01022
 4.3274224600000001e-02 0.0000000000000000e+00 0.0000000000000000e+00 0.0000000000000000e+00 00122
 4.3379578000000002e-02 0.0000000000000000e+00 0.0000000000000000e+00 0.0000000000000000e+00 10013
 3.8101713399999999e-04 0.0000000000000000e+00 0.0000000000000000e+00 0.0000000000000000e+00 01013
 7.1732702300000006e-02 0.0000000000000000e+00 0.0000000000000000e+00 0.0000000000000000e+00 00113
 4.0493515200000002e-03 0.0000000000000000e+00 0.0000000000000000e+00 0.0000000000000000e+00 10004
 -7.0401424799999997e-04 0.0000000000000000e+00 0.0000000000000000e+00 0.0000000000000000e+00 01004
 4.1771769200000001e-03 0.0000000000000000e+00 0.0000000000000000e+00 0.0000000000000000e+00 00104
 2.6521246799999998e-01 0.0000000000000000e+00 0.0000000000000000e+00 0.0000000000000000e+00 00041
 3.4293861799999999e-02 0.0000000000000000e+00 0.0000000000000000e+00 0.0000000000000000e+00 00032
 2.7421903000000001e-02 0.0000000000000000e+00 0.0000000000000000e+00 0.0000000000000000e+00 00023
 3.8234677400000002e-03 0.0000000000000000e+00 0.0000000000000000e+00 0.0000000000000000e+00 00014
 1.4659581000000001e-03 0.0000000000000000e+00 0.0000000000000000e+00 0.0000000000000000e+00 00005
 -2.2197897499999999e+02 0.0000000000000000e+00 0.0000000000000000e+00 0.0000000000000000e+00 50001
 2.0814843300000002e+03 0.0000000000000000e+00 0.0000000000000000e+00 0.0000000000000000e+00 41001
 -4.3056093600000003e+02 0.0000000000000000e+00 0.0000000000000000e+00 0.0000000000000000e+00 32001
 -2.1805028799999999e+02 0.0000000000000000e+00 0.0000000000000000e+00 0.0000000000000000e+00 23001
 -5.5584450099999998e+01 0.0000000000000000e+00 0.0000000000000000e+00 0.0000000000000000e+00 14001
 -1.1364256800000000e+01 0.0000000000000000e+00 0.0000000000000000e+00 0.0000000000000000e+00 05001
 1.0843246300000000e+02 0.0000000000000000e+00 0.0000000000000000e+00 0.0000000000000000e+00 40101
 -9.3186493399999995e+02 0.0000000000000000e+00 0.0000000000000000e+00 0.0000000000000000e+00 31101
 -1.9297715800000000e+02 0.0000000000000000e+00 0.0000000000000000e+00 0.0000000000000000e+00 22101
 -2.8647338300000001e+01 0.0000000000000000e+00 0.0000000000000000e+00 0.0000000000000000e+00 13101
 -3.4101753399999999e+00 0.0000000000000000e+00 0.0000000000000000e+00 0.0000000000000000e+00 04101
 6.1327849800000003e+01 0.0000000000000000e+00 0.0000000000000000e+00 0.0000000000000000e+00 30201
 -4.3628918599999999e+01 0.0000000000000000e+00 0.0000000000000000e+00 0.0000000000000000e+00 21201
 -4.7152181900000002e+01 0.0000000000000000e+00 0.0000000000000000e+00 0.0000000000000000e+00 12201
 -1.4919883000000000e+01 0.0000000000000000e+00 0.0000000000000000e+00 0.0000000000000000e+00 03201
 5.8831090099999997e+01 0.0000000000000000e+00 0.0000000000000000e+00 0.0000000000000000e+00 20301
 -3.6337865000000001e+01 0.0000000000000000e+00 0.0000000000000000e+00 0.0000000000000000e+00 11301
 -8.0151232799999992e+00 0.0000000000000000e+00 0.0000000000000000e+00 0.0000000000000000e+00 02301
 -1.0494428700000000e+02 0.0000000000000000e+00 0.0000000000000000e+00 0.0000000000000000e+00 10401
 3.4771335299999997e+01 0.0000000000000000e+00 0.0000000000000000e+00 0.0000000000000000e+00 01401
 -1.2228812499999999e+02 0.0000000000000000e+00 0.0000000000000000e+00 0.0000000000000000e+00 00501
 -7.7545342300000002e+01 0.0000000000000000e+00 0.0000000000000000e+00 0.0000000000000000e+00 40011
 -6.4131444900000005e+01 0.0000000000000000e+00 0.0000000000000000e+00 0.0000000000000000e+00 31011
 -1.3985750500000000e+01 0.0000000000000000e+00 0.0000000000000000e+00 0.0000000000000000e+00 22011
 -2.3365408200000002e+00 0.0000000000000000e+00 0.0000000000000000e+00 0.0000000000000000e+00 13011
 -3.4059649100000000e-01 0.0000000000000000e+00 0.0000000000000000e+00 0.0000000000000000e+00 04011
 2.9339419400000001e+01 0.0000000000000000e+00 0.0000000000000000e+00 0.0000000000000000e+00 30111
 4.8114933100000002e+01 0.0000000000000000e+00 0.0000000000000000e+00 0.0000000000000000e+00 21111
 9.5017492400000005e+00 0.0000000000000000e+00 0.0000000000000000e+00 0.0000000000000000e+00 12111
 1.3883754100000001e+00 0.0000000000000000e+00 0.0000000000000000e+00 0.0000000000000000e+00 03111
 5.2479251499999997e+01 0.0000000000000000e+00 0.0000000000000000e+00 0.0000000000000000e+00 20211
 3.8005874199999998e+00 0.0000000000000000e+00 0.0000000000000000e+00 0.0000000000000000e+00 11211
 2.3455513600000000e-01 0.0000000000000000e+00 0.0000000000000000e+00 0.0000000000000000e+00 02211
 3.9580808500000003e+01 0.0000000000000000e+00 0.0000000000000000e+00 0.0000000000000000e+00 10311
 1.5256354200000001e+01 0.0000000000000000e+00 0.0000000000000000e+00 0.0000000000000000e+00 01311
 -7.2808032699999998e+00 0.0000000000000000e+00 0.0000000000000000e+00 0.0000000000000000e+00 00411
 -5.9749734599999999e+02 0.0000000000000000e+00 0.0000000000000000e+00 0.0000000000000000e+00 40002
 -1.0272174900000000e+02 0.0000000000000000e+00 0.0000000000000000e+00 0.0000000000000000e+00 31002
 -1.5368110700000001e+01 0.0000000000000000e+00 0.0000000000000000e+00 0.0000000000000000e+00 22002
 -2.1720831600000001e+00 0.0000000000000000e+00 0.0000000000000000e+00 0.0000000000000000e+00 13002
 -2.7460926400000002e-01 0.0000000000000000e+00 0.0000000000000000e+00 0.0000000000000000e+00 04002
 1.0683798299999999e+02 0.0000000000000000e+00 0.0000000000000000e+00 0.0000000000000000e+00 30102
 1.2376615800000000e+01 0.0000000000000000e+00 0.0000000000000000e+00 0.0000000000000000e+00 21102
 1.4653033000000000e+00 0.0000000000000000e+00 0.0000000000000000e+00 0.0000000000000000e+00 12102
 1.8539329299999999e-01 0.0000000000000000e+00 0.0000000000000000e+00 0.0000000000000000e+00 03102
 1.1888713100000000e+01 0.0000000000000000e+00 0.0000000000000000e+00 0.0000000000000000e+00 20202
 -2.5566998800000000e+00 0.0000000000000000e+00 0.0000000000000000e+00 0.0000000000000000e+00 11202
 -8.6380901700000001e-01 0.0000000000000000e+00 0.0000000000000000e+00 0.0000000000000000e+00 02202
 1.8804701399999999e+01 0.0000000000000000e+00 0.0000000000000000e+00 0.0000000000000000e+00 10302
 2.4966757999999998e+00 0.0000000000000000e+00 0.0000000000000000e+00 0.0000000000000000e+00 01302
 -3.9308849700000001e+00 0.0000000000000000e+00 0.0000000000000000e+00 0.0000000000000000e+00 00402
 1.2703465100000001e+01 0.0000000000000000e+00 0.0000000000000000e+00 0.0000000000000000e+00 30021
 7.9618751600000000e+00 0.0000000000000000e+00 0.0000000000000000e+00 0.0000000000000000e+00 21021
 1.6098250700000001e+00 0.0000000000000000e+00 0.0000000000000000e+00 0.0000000000000000e+00 12021
 2.5756567499999999e-01 0.0000000000000000e+00 0.0000000000000000e+00 0.0000000000000000e+00 03021
 5.9357450700000003e+00 0.0000000000000000e+00 0.0000000000000000e+00 0.0000000000000000e+00 20121
 6.7934845300000002e-01 0.0000000000000000e+00 0.0000000000000000e+00 0.0000000000000000e+00 11121
 7.5755015100000003e-02 0.0000000000000000e+00 0.0000000000000000e+00 0.0000000000000000e+00 02121
 7.3629458100000003e+00 0.0000000000000000e+00 0.0000000000000000e+00 0.0000000000000000e+00 10221
 2.3008013500000000e+00 0.0000000000000000e+00 0.0000000000000000e+00 0.0000000000000000e+00 01221
 -1.1838300700000000e-01 0.0000000000000000e+00 0.0000000000000000e+00 0.0000000000000000e+00 00321
 1.4425814500000000e+01 0.0000000000000000e+00 0.0000000000000000e+00 0.0000000000000000e+00 30012
 1.5265816299999999e+00 0.0000000000000000e+00 0.0000000000000000e+00 0.0000000000000000e+00 21012
 1.6302881699999999e-01 0.0000000000000000e+00 0.0000000000000000e+00 0.0000000000000000e+00 12012
 1.7168950900000000e-02 0.0000000000000000e+00 0.0000000000000000e+00 0.0000000000000000e+00 03012
 1.5074373400000001e+01 0.0000000000000000e+00 0.0000000000000000e+00 0.0000000000000000e+00 20112
 1.6070658300000000e+00 0.0000000000000000e+00 0.0000000000000000e+00 0.0000000000000000e+00 11112
 1.6646502299999999e-01 0.0000000000000000e+00 0.0000000000000000e+00 0.0000000000000000e+00 02112
 2.2880329700000002e+00 0.0000000000000000e+00 0.0000000000000000e+00 0.0000000000000000e+00 10212
 2.6541344900000002e-01 0.0000000000000000e+00 0.0000000000000000e+00 0.0000000000000000e+00 01212
 3.2668393000000000e+00 0.0000000000000000e+00 0.0000000000000000e+00 0.0000000000000000e+00 00312
 -1.4469480500000000e+00 0.0000000000000000e+00 0.0000000000000000e+00 0.0000000000000000e+00 30003
 -3.0155182100000000e-01 0.0000000000000000e+00 0.0000000000000000e+00 0.0000000000000000e+00 21003
 -9.7940595800000002e-02 0.0000000000000000e+00 0.0000000000000000e+00 0.0000000000000000e+00 12003
 -2.1887463300000000e-02 0.0000000000000000e+00 0.0000000000000000e+00 0.0000000000000000e+00 03003
 2.1373127700000000e-01 0.0000000000000000e+00 0.0000000000000000e+00 0.0000000000000000e+00 20103
 -4.2487175700000003e-03 0.0000000000000000e+00 0.0000000000000000e+00 0.0000000000000000e+00 11103
 -2.6398123599999999e-03 0.0000000000000000e+00 0.0000000000000000e+00 0.0000000000000000e+00 02103
 -3.9033618199999998e-01 0.0000000000000000e+00 0.0000000000000000e+00 0.0000000000000000e+00 10203
 -2.2056344900000000e-02 0.0000000000000000e+00 0.0000000000000000e+00 0.0000000000000000e+00 01203
 -2.5206106999999998e-02 0.0000000000000000e+00 0.0000000000000000e+00 0.0000000000000000e+00 00303
 8.3539572600000001e-01 0.0000000000000000e+00 0.0000000000000000e+00 0.0000000000000000e+00 20031
 1.0108242400000000e-01 0.0000000000000000e+00 0.0000000000000000e+00 0.0000000000000000e+00 11031
 1.1382651500000000e-02 0.0000000000000000e+00 0.0000000000000000e+00 0.0000000000000000e+00 02031
 9.6753924199999997e-01 0.0000000000000000e+00 0.0000000000000000e+00 0.0000000000000000e+00 10131
 2.8394057299999997e-01 0.0000000000000000e+00 0.0000000000000000e+00 0.0000000000000000e+00 01131
 7.0409468399999994e-02 0.0000000000000000e+00 0.0000000000000000e+00 0.0000000000000000e+00 00231
 1.9662115200000001e+00 0.0000000000000000e+00 0.0000000000000000e+00 0.0000000000000000e+00 20022
 2.1192966199999999e-01 0.0000000000000000e+00 0.0000000000000000e+00 0.0000000000000000e+00 11022
 2.2229702000000000e-02 0.0000000000000000e+00 0.0000000000000000e+00 0.0000000000000000e+00 02022
 1.9217672799999999e-01 0.0000000000000000e+00 0.0000000000000000e+00 0.0000000000000000e+00 10122
 2.0842935900000002e-02 0.0000000000000000e+00 0.0000000000000000e+00 0.0000000000000000e+00 01122
 4.0919772199999999e-01 0.0000000000000000e+00 0.0000000000000000e+00 0.0000000000000000e+00 00222
 1.1620879799999999e-02 0.0000000000000000e+00 0.0000000000000000e+00 0.0000000000000000e+00 20013
 -8.6175197900000000e-04 0.0000000000000000e+00 0.0000000000000000e+00 0.0000000000000000e+00 11013
 -3.6803400800000002e-04 0.0000000000000000e+00 0.0000000000000000e+00 0.0000000000000000e+00 02013
 -3.0559588299999999e-02 0.0000000000000000e+00 0.0000000000000000e+00 0.0000000000000000e+00 10113
 7.9282077300000002e-04 0.0000000000000000e+00 0.0000000000000000e+00 0.0000000000000000e+00 01113
 -1.0358131200000000e-03 0.0000000000000000e+00 0.0000000000000000e+00 0.0000000000000000e+00 00213
 -3.1766529600000003e-02 0.0000000000000000e+00 0.0000000000000000e+00 0.0000000000000000e+00 20004
 -8.6869289399999997e-03 0.0000000000000000e+00 0.0000000000000000e+00 0.0000000000000000e+00 11004
 -1.3033663300000000e-03 0.0000000000000000e+00 0.0000000000000000e+00 0.0000000000000000e+00 02004
 -4.8593005899999998e-03 0.0000000000000000e+00 0.0000000000000000e+00 0.0000000000000000e+00 10104
 -1.8132267699999999e-04 0.0000000000000000e+00 0.0000000000000000e+00 0.0000000000000000e+00 01104
 -2.2531301500000000e-02 0.0000000000000000e+00 0.0000000000000000e+00 0.0000000000000000e+00 00204
 1.0273608300000001e-01 0.0000000000000000e+00 0.0000000000000000e+00 0.0000000000000000e+00 10041
 3.1679181700000003e-02 0.0000000000000000e+00 0.0000000000000000e+00 0.0000000000000000e+00 01041
 1.7740698900000001e-02 0.0000000000000000e+00 0.0000000000000000e+00 0.0000000000000000e+00 00141
 1.2813031600000000e-02 0.0000000000000000e+00 0.0000000000000000e+00 0.0000000000000000e+00 10032
 1.3430987299999999e-03 0.0000000000000000e+00 0.0000000000000000e+00 0.0000000000000000e+00 01032
 4.4265491599999998e-02 0.0000000000000000e+00 0.0000000000000000e+00 0.0000000000000000e+00 00132
 -5.0074566800000003e-03 0.0000000000000000e+00 0.0000000000000000e+00 0.0000000000000000e+00 10023
 -3.6226490100000000e-05 0.0000000000000000e+00 0.0000000000000000e+00 0.0000000000000000e+00 01023
 -1.0084677400000000e-04 0.0000000000000000e+00 0.0000000000000000e+00 0.0000000000000000e+00 00123
 -2.5991156500000000e-04 0.0000000000000000e+00 0.0000000000000000e+00 0.0000000000000000e+00 10014
 -8.6598892899999998e-06 0.0000000000000000e+00 0.0000000000000000e+00 0.0000000000000000e+00 01014
 1.2643326200000000e-04 0.0000000000000000e+00 0.0000000000000000e+00 0.0000000000000000e+00 00114
 -3.7640531699999999e-04 0.0000000000000000e+00 0.0000000000000000e+00 0.0000000000000000e+00 10005
 -4.9526213000000003e-05 0.0000000000000000e+00 0.0000000000000000e+00 0.0000000000000000e+00 01005
 5.0543502499999998e-05 0.0000000000000000e+00 0.0000000000000000e+00 0.0000000000000000e+00 00105
 3.1877867700000001e-03 0.0000000000000000e+00 0.0000000000000000e+00 0.0000000000000000e+00 00051
 4.7427681699999998e-03 0.0000000000000000e+00 0.0000000000000000e+00 0.0000000000000000e+00 00042
 1.0854985800000000e-05 0.0000000000000000e+00 0.0000000000000000e+00 0.0000000000000000e+00 00033
 9.0835490000000001e-05 0.0000000000000000e+00 0.0000000000000000e+00 0.0000000000000000e+00 00024
 3.1187906300000002e-06 0.0000000000000000e+00 0.0000000000000000e+00 0.0000000000000000e+00 00015
 2.3269827100000001e-06 0.0000000000000000e+00 0.0000000000000000e+00 0.0000000000000000e+00 00006
 --------------------------------------------
