! Candidate angular fit; delta and xtar-dependent terms retained from frozen seed.
 --------------------------------------------
 9.1819799255615916e-04 -4.9370241199209013e-05 5.5146850502152053e-04 0.0000000000000000e+00 00000
 3.3855297165139153e-01 1.6816842006021345e-02 -5.8552883914292130e-03 2.4527718100000001e-01 10000
 -3.0745918048274090e+00 -1.3819003375623770e-01 3.5528939430888397e-02 1.7923725400000001e-01 01000
 7.5652783025934416e-05 -4.6239644204130675e-01 2.8242334281066001e-01 1.5762221900000001e-02 00100
 1.2329688831291323e-01 7.3279391358415449e-02 -2.3437142831559807e+00 -2.7748113599999999e-02 00010
 -3.7218258023363576e-01 -2.8404026256664241e-02 6.1957152455705562e-03 -3.1763193899999997e-01 20000
 2.8716980380203543e+00 7.9641222011909117e-03 -6.1121975210261968e-03 3.2294487900000002e+00 11000
 5.0801338168594921e+00 1.0086547537928710e+00 -1.4522311361734230e-01 9.9624983800000000e-01 02000
 -4.7799480453369680e-01 1.5223888406359103e+00 -4.0428586129592708e-01 -6.9868989000000006e-02 10100
 3.5443477196132105e+00 4.6182373356085232e-01 7.7268172887976619e-02 -2.7273720299999998e-01 01100
 1.1512432328923724e-03 1.2528262270551280e-01 -3.1758473798846644e-02 -1.7795864400000000e-02 00200
 1.1115951919810494e+00 -2.0276145601371056e+01 5.5865530884782215e+00 -1.7964206399999999e-01 10010
 -6.7997406788224000e+00 -1.7457563384102357e+01 2.8115651609523500e+00 5.1434082800000001e+00 01010
 0.0000000000000000e+00 0.0000000000000000e+00 3.0607670026869838e-01 4.5628469799999999e-01 00110
 0.0000000000000000e+00 -3.6271302423017091e+00 3.6205178520115466e-01 -6.4079203600000003e+00 00020
 8.3169911786779960e-01 6.1529128075586373e-02 0.0000000000000000e+00 9.3683431900000003e-01 30000
 -1.3120648970577154e+01 8.8668502668334606e-02 -2.5691035572103310e-02 -1.3540589900000001e+01 21000
 5.1062568047838845e+01 -9.0223503261336795e+00 0.0000000000000000e+00 5.1879764199999997e+01 12000
 0.0000000000000000e+00 4.7641063151766936e+01 3.7106373030815485e+00 -2.0498985000000001e+01 03000
 3.4635891237891760e+00 -4.7878765088686883e+00 5.9272280897732454e-01 -3.1254219399999998e-02 20100
 -2.9914503029923644e+01 5.4830895264372081e+01 -4.7236821958187232e+00 2.8400841199999999e-01 11100
 1.5756644655794648e+01 -1.2992930607608986e+02 3.9684541728848735e+00 3.9556433100000001e+00 02100
 1.3366730203616464e-01 -5.4354415076028628e-01 2.0839891066998090e-01 9.5431561099999995e-01 10200
 0.0000000000000000e+00 -5.5527247334694358e+00 0.0000000000000000e+00 -7.0688381700000003e+00 01200
 7.7286410248931980e-01 -1.9837274864456313e+00 3.8703402646512536e-01 -3.5820566700000001e-01 00300
 -2.8486000932187160e+01 6.1841694791348189e+01 -1.2792404493818532e+01 -2.7448817499999998e+00 20010
 2.3266743683373784e+02 -6.9355796668347398e+02 1.4531433702807036e+02 1.0681983600000001e+01 11010
 -6.0889401535593052e+01 1.6387318469776667e+03 -3.1177167875904871e+02 -4.6776265000000002e+01 02010
 -2.7965221150342923e+00 -2.4479490006549788e+01 0.0000000000000000e+00 4.3468718099999998e-01 10110
 0.0000000000000000e+00 3.1369025558482645e+02 -4.5013642595491014e+01 2.5692412099999999e+01 01110
 3.0137681227208352e-01 6.6569682875027198e+01 -1.6390246240940876e+01 -3.1559352000000001e+00 00210
 6.1583583412458793e+01 -5.7559150535393302e+00 2.5323848086963174e+01 3.1907757499999999e+01 10020
 -3.9705658404099654e+02 -3.7572187582021876e+00 -5.0325877531282309e+01 -4.6789810199999999e+02 01020
 0.0000000000000000e+00 -9.5175191817589177e+02 2.4575513055116815e+02 3.4179037000000001e+01 00120
 0.0000000000000000e+00 4.9001803694792516e+03 -1.3399712824916962e+03 -7.1508536199999995e+01 00030
 -2.5823960755029458e+00 -8.2159154384747288e-02 0.0000000000000000e+00 -2.3027877499999998e+00 40000
 3.2591609109566463e+01 0.0000000000000000e+00 2.2523559856191322e-01 5.8024830899999998e+01 31000
 0.0000000000000000e+00 6.2821684554555635e+00 0.0000000000000000e+00 -4.9156237399999998e+02 22000
 -7.4287513116694799e+02 0.0000000000000000e+00 0.0000000000000000e+00 1.7182972100000000e+03 13000
 0.0000000000000000e+00 0.0000000000000000e+00 -1.2351044108114300e+02 -1.9501040300000000e+03 04000
 -6.9012310875699043e+00 5.8288897176345724e+00 0.0000000000000000e+00 -1.4621283800000000e+00 30100
 7.6288812166027185e+01 -6.8271868943551937e+01 -2.3889231159971072e+00 4.7295753499999996e+01 21100
 -6.7347876698922891e+00 -4.6467448887426912e+01 0.0000000000000000e+00 -4.3237295599999999e+02 12100
 -1.1847267648439829e+03 1.5039545519233920e+03 -7.3461978027930828e+00 1.3233994800000000e+03 03100
 0.0000000000000000e+00 6.5367711531136514e+00 -2.4350463069532519e-01 -1.0047251200000000e+00 20200
 0.0000000000000000e+00 0.0000000000000000e+00 0.0000000000000000e+00 1.6743462399999999e+01 11200
 0.0000000000000000e+00 -2.0023006700207117e+02 -5.5285372613710282e-01 -6.7273158699999996e+01 02200
 -3.1367915119069987e+00 1.0910372672549129e+00 0.0000000000000000e+00 4.9815545700000001e+00 10300
 0.0000000000000000e+00 -5.8875616140590864e+01 0.0000000000000000e+00 -3.7436718100000000e+01 01300
 0.0000000000000000e+00 -2.1050926641217438e+00 0.0000000000000000e+00 3.8352631700000002e+00 00400
 1.0401363050429291e+02 -1.3145097192987905e+02 3.4403403761131175e+00 2.0406354700000001e+01 30010
 -1.2509166623662331e+03 1.7878742831049249e+03 0.0000000000000000e+00 -5.2187064599999997e+02 21010
 3.0505231067905379e+03 -5.0333952381906402e+03 0.0000000000000000e+00 4.0218560800000000e+03 12010
 0.0000000000000000e+00 -5.4080583822455756e+03 0.0000000000000000e+00 -1.1081659400000000e+04 03010
 0.0000000000000000e+00 0.0000000000000000e+00 0.0000000000000000e+00 -2.6109065900000001e+01 20110
 1.8667250746613956e+02 -6.7272957346716964e+02 0.0000000000000000e+00 3.4366059500000000e+02 11110
 0.0000000000000000e+00 -8.7581911963500397e+02 1.1846435792714321e+03 -9.7405222100000003e+02 02110
 0.0000000000000000e+00 0.0000000000000000e+00 0.0000000000000000e+00 -3.6510193000000001e+01 10210
 3.2978102649642005e+00 8.4747905405706274e+02 -1.1063275498805278e+02 2.9243684000000002e+02 01210
 0.0000000000000000e+00 0.0000000000000000e+00 0.0000000000000000e+00 -8.4939199799999997e+01 00310
 0.0000000000000000e+00 -6.7699525848985104e+02 0.0000000000000000e+00 4.0636932100000001e+02 20020
 0.0000000000000000e+00 6.2710919422872539e+03 0.0000000000000000e+00 -4.5869649099999997e+03 11020
 -6.1343156392882565e+03 3.0235408300898514e+04 -1.2400236617134897e+04 9.3584628599999996e+03 02020
 1.8027293304908696e+02 2.1049093122287212e+02 2.8989753531197670e+02 6.0264629700000000e+01 10120
 0.0000000000000000e+00 -9.0958742513949692e+03 0.0000000000000000e+00 -6.9720597099999998e+02 01120
 -5.5109402450266913e+01 -7.9460232142762675e+02 1.8487608062386613e+02 7.2697501299999999e+02 00220
 0.0000000000000000e+00 -6.9052247724536846e+03 -1.4586321357259687e+03 5.3606629499999997e+02 10030
 2.1393415995928585e+03 4.2517078820373848e+04 0.0000000000000000e+00 -2.3364836399999999e+03 01030
 0.0000000000000000e+00 2.2559592049361081e+03 0.0000000000000000e+00 -1.6674671400000000e+03 00130
 4.7180570650611953e+03 0.0000000000000000e+00 0.0000000000000000e+00 3.9121164899999999e+03 00040
 1.2513306573774171e+01 -1.7599836619333484e-01 0.0000000000000000e+00 4.9678190300000002e+00 50000
 -1.7152981710745181e+02 3.5433084659513686e-01 0.0000000000000000e+00 -2.1463550799999999e+02 41000
 0.0000000000000000e+00 0.0000000000000000e+00 0.0000000000000000e+00 3.4385126599999999e+03 32000
 5.6787670139290558e+03 0.0000000000000000e+00 0.0000000000000000e+00 -2.7888407800000001e+04 23000
 8.2962526842346742e+03 2.4795271602072324e+02 0.0000000000000000e+00 1.1885052899999999e+05 14000
 -1.5116729221577046e+05 -7.5071546421392241e+03 0.0000000000000000e+00 -2.0979779999999999e+05 05000
 0.0000000000000000e+00 -4.4997335265388081e+00 -8.7753153159197628e-02 3.0790796100000000e+00 40100
 0.0000000000000000e+00 4.0702069916029750e+01 0.0000000000000000e+00 -7.1757031799999993e+01 31100
 -8.0885031582538659e+02 0.0000000000000000e+00 0.0000000000000000e+00 1.7523077900000001e+02 22100
 0.0000000000000000e+00 1.7594049985405411e+03 0.0000000000000000e+00 3.6607079199999998e+03 13100
 5.3889807261034526e+04 -1.5554871396385133e+04 -3.9491583441017501e+03 -1.8679771700000001e+04 04100
 1.6402991348524306e+01 -1.4118930103253795e+01 1.3674716969517886e+00 -9.8292970799999999e+00 30200
 -3.0925490321872815e+02 8.8378606816129874e+01 0.0000000000000000e+00 2.2322339500000001e+02 21200
 0.0000000000000000e+00 2.3100812004791976e+02 0.0000000000000000e+00 -1.9345593400000000e+03 12200
 7.3426327700561442e+03 -1.4772519851289401e+03 0.0000000000000000e+00 6.2959604900000004e+03 03200
 0.0000000000000000e+00 0.0000000000000000e+00 0.0000000000000000e+00 7.5324127100000000e+00 20300
 0.0000000000000000e+00 0.0000000000000000e+00 0.0000000000000000e+00 -1.7311873199999999e+02 11300
 2.5408383065830385e+01 4.1101059467776116e+02 2.7700125941471066e+02 1.0774482200000000e+03 02300
 2.2559735074774081e+00 0.0000000000000000e+00 0.0000000000000000e+00 -1.1124031400000001e+00 10400
 -2.3960756244710403e+01 2.8171722132707970e+02 0.0000000000000000e+00 -1.0768688200000000e+02 01400
 8.7305250604312192e+00 1.3038338844030110e+02 -3.4772421149307981e+01 -1.3675491200000001e+00 00500
 0.0000000000000000e+00 1.9234665601542025e+02 -3.8860441278385429e+00 -4.8581986499999999e+01 40010
 9.9166187081021718e+01 -3.1931604291563235e+03 0.0000000000000000e+00 1.9529719100000000e+03 31010
 4.3820045887224878e+03 1.3303891195246013e+04 0.0000000000000000e+00 -2.0776508900000001e+04 22010
 0.0000000000000000e+00 0.0000000000000000e+00 0.0000000000000000e+00 7.9440774900000004e+04 13010
 -3.5124645717522473e+05 3.4432203211057499e+03 0.0000000000000000e+00 -7.1841567599999995e+04 04010
 0.0000000000000000e+00 2.0004025956276868e+02 0.0000000000000000e+00 6.3779292800000000e+01 30110
 8.9587135462356559e+02 0.0000000000000000e+00 0.0000000000000000e+00 -1.7658266000000001e+03 21110
 0.0000000000000000e+00 -4.9938469990023696e+03 0.0000000000000000e+00 1.1961652899999999e+04 12110
 2.1521020750515596e+04 -1.1256705850641949e+04 0.0000000000000000e+00 -3.6062570899999999e+04 03110
 0.0000000000000000e+00 -8.6229743226297217e+01 0.0000000000000000e+00 -8.6987571199999998e+00 20210
 1.5586610866995779e+03 0.0000000000000000e+00 0.0000000000000000e+00 1.6077307200000000e+03 11210
 -1.2048903436917539e+04 -1.5341312154841145e+04 0.0000000000000000e+00 -1.1675984399999999e+04 02210
 0.0000000000000000e+00 0.0000000000000000e+00 0.0000000000000000e+00 1.6598224700000000e+02 10310
 -4.0714158301091902e+02 -1.9509438464423752e+03 -7.8857601131562137e+02 9.4686973100000000e+02 01310
 0.0000000000000000e+00 0.0000000000000000e+00 0.0000000000000000e+00 1.6439557600000001e+02 00410
 -1.2435505325628370e+02 0.0000000000000000e+00 0.0000000000000000e+00 -2.4076491099999998e+03 30020
 0.0000000000000000e+00 -1.4190089648417468e+04 0.0000000000000000e+00 5.5520991600000001e+04 21020
 0.0000000000000000e+00 4.6802556574051705e+04 0.0000000000000000e+00 -4.1814969699999999e+05 12020
 0.0000000000000000e+00 0.0000000000000000e+00 0.0000000000000000e+00 1.1185970900000001e+06 03020
 -1.8911108814280428e+03 0.0000000000000000e+00 0.0000000000000000e+00 3.3250162999999998e+02 20120
 0.0000000000000000e+00 0.0000000000000000e+00 0.0000000000000000e+00 -1.4254245100000000e+04 11120
 0.0000000000000000e+00 0.0000000000000000e+00 0.0000000000000000e+00 5.2657758800000003e+04 02120
 0.0000000000000000e+00 0.0000000000000000e+00 0.0000000000000000e+00 -3.9989584300000001e+03 10220
 0.0000000000000000e+00 0.0000000000000000e+00 0.0000000000000000e+00 2.5102144300000000e+04 01220
 0.0000000000000000e+00 0.0000000000000000e+00 0.0000000000000000e+00 9.0266857599999994e+01 00320
 0.0000000000000000e+00 0.0000000000000000e+00 0.0000000000000000e+00 -9.3089900000000000e+02 20030
 1.9903535060506991e+04 -2.5159174525743932e+05 0.0000000000000000e+00 3.9788767800000001e+04 11030
 0.0000000000000000e+00 1.1535016456370547e+06 0.0000000000000000e+00 -1.1875274700000000e+05 02030
 0.0000000000000000e+00 0.0000000000000000e+00 0.0000000000000000e+00 2.9493169800000000e+04 10130
 0.0000000000000000e+00 0.0000000000000000e+00 0.0000000000000000e+00 -2.5987719800000000e+05 01130
 1.9828319550691768e+02 0.0000000000000000e+00 0.0000000000000000e+00 1.1004152400000000e+03 00230
 0.0000000000000000e+00 1.8112272797907612e+04 0.0000000000000000e+00 -1.3196676600000001e+04 10040
 0.0000000000000000e+00 0.0000000000000000e+00 0.0000000000000000e+00 3.0309427799999999e+05 01040
 0.0000000000000000e+00 -6.8411952613578772e+05 1.3346261498616982e+05 -1.7333469400000002e+04 00140
 0.0000000000000000e+00 1.2907967961634588e+06 0.0000000000000000e+00 3.0963153100000000e+04 00050
 -1.8464247407577446e+01 7.4611342126124580e-01 -1.2601292381515219e-01 0.0000000000000000e+00 60000
 2.5188737385592088e+02 0.0000000000000000e+00 0.0000000000000000e+00 0.0000000000000000e+00 51000
 0.0000000000000000e+00 3.0331601812821556e+00 0.0000000000000000e+00 0.0000000000000000e+00 42000
 0.0000000000000000e+00 -5.4756966354470330e+02 0.0000000000000000e+00 0.0000000000000000e+00 33000
 -9.6562651464889554e+04 0.0000000000000000e+00 2.8342738057302626e+02 0.0000000000000000e+00 24000
 0.0000000000000000e+00 0.0000000000000000e+00 0.0000000000000000e+00 0.0000000000000000e+00 15000
 2.5698502586605172e+06 9.7711222267149169e+03 0.0000000000000000e+00 0.0000000000000000e+00 06000
 2.1678982819614290e+00 0.0000000000000000e+00 8.7972871825172194e-01 0.0000000000000000e+00 50100
 0.0000000000000000e+00 1.3375553937946922e+01 0.0000000000000000e+00 0.0000000000000000e+00 41100
 8.2322397098890076e+02 0.0000000000000000e+00 0.0000000000000000e+00 0.0000000000000000e+00 32100
 0.0000000000000000e+00 8.4689561006863896e+03 0.0000000000000000e+00 0.0000000000000000e+00 23100
 0.0000000000000000e+00 -1.5571449831380343e+05 0.0000000000000000e+00 0.0000000000000000e+00 14100
 -5.2132202443631168e+05 5.3026162245303905e+05 6.1656113096704576e+04 0.0000000000000000e+00 05100
 -3.5193561192812140e+01 -8.0694211750671538e+00 -5.0082720368573730e+00 0.0000000000000000e+00 40200
 6.2194499446885857e+02 0.0000000000000000e+00 0.0000000000000000e+00 0.0000000000000000e+00 31200
 0.0000000000000000e+00 0.0000000000000000e+00 0.0000000000000000e+00 0.0000000000000000e+00 22200
 0.0000000000000000e+00 0.0000000000000000e+00 0.0000000000000000e+00 0.0000000000000000e+00 13200
 -8.6980395730518416e+04 7.7100581302067760e+04 0.0000000000000000e+00 0.0000000000000000e+00 04200
 0.0000000000000000e+00 5.2880740506985774e+01 0.0000000000000000e+00 0.0000000000000000e+00 30300
 0.0000000000000000e+00 0.0000000000000000e+00 0.0000000000000000e+00 0.0000000000000000e+00 21300
 0.0000000000000000e+00 3.3435679970816761e+02 0.0000000000000000e+00 0.0000000000000000e+00 12300
 1.5584379462254039e+03 0.0000000000000000e+00 -1.5922063387035487e+02 0.0000000000000000e+00 03300
 0.0000000000000000e+00 1.2922060891242980e+01 0.0000000000000000e+00 0.0000000000000000e+00 20400
 0.0000000000000000e+00 -8.2892452029069091e+02 0.0000000000000000e+00 0.0000000000000000e+00 11400
 0.0000000000000000e+00 0.0000000000000000e+00 1.4783430112497311e+02 0.0000000000000000e+00 02400
 0.0000000000000000e+00 -3.5365411414397926e+02 7.8505435030622891e+01 0.0000000000000000e+00 10500
 0.0000000000000000e+00 -5.8550422737442045e+02 0.0000000000000000e+00 0.0000000000000000e+00 01500
 -2.4827583535887563e+01 -6.6029629815826880e+01 0.0000000000000000e+00 0.0000000000000000e+00 00600
 0.0000000000000000e+00 -4.4418187896669430e+01 0.0000000000000000e+00 0.0000000000000000e+00 50010
 -1.1204936820487310e+03 0.0000000000000000e+00 0.0000000000000000e+00 0.0000000000000000e+00 41010
 0.0000000000000000e+00 7.9028846502814495e+03 0.0000000000000000e+00 0.0000000000000000e+00 32010
 0.0000000000000000e+00 0.0000000000000000e+00 -2.6249703982786599e+04 0.0000000000000000e+00 23010
 0.0000000000000000e+00 0.0000000000000000e+00 0.0000000000000000e+00 0.0000000000000000e+00 14010
 5.1843747476299908e+06 -5.8073817114276008e+05 0.0000000000000000e+00 0.0000000000000000e+00 05010
 -1.6321152266124463e+02 1.4379099261342560e+02 0.0000000000000000e+00 0.0000000000000000e+00 40110
 -2.8226863676704520e+03 0.0000000000000000e+00 0.0000000000000000e+00 0.0000000000000000e+00 31110
 0.0000000000000000e+00 0.0000000000000000e+00 0.0000000000000000e+00 0.0000000000000000e+00 22110
 0.0000000000000000e+00 2.0849935885527819e+04 0.0000000000000000e+00 0.0000000000000000e+00 13110
 0.0000000000000000e+00 -9.2289850430712022e+05 0.0000000000000000e+00 0.0000000000000000e+00 04110
 0.0000000000000000e+00 -7.9592455155453126e+02 -3.8271925029081544e+01 0.0000000000000000e+00 30210
 0.0000000000000000e+00 -2.2948914135889349e+03 4.3261195885994800e+02 0.0000000000000000e+00 21210
 0.0000000000000000e+00 0.0000000000000000e+00 0.0000000000000000e+00 0.0000000000000000e+00 12210
 0.0000000000000000e+00 3.6683077002537862e+05 0.0000000000000000e+00 0.0000000000000000e+00 03210
 0.0000000000000000e+00 2.2789028509173118e+03 0.0000000000000000e+00 0.0000000000000000e+00 20310
 -1.3045650497656291e+02 0.0000000000000000e+00 0.0000000000000000e+00 0.0000000000000000e+00 11310
 0.0000000000000000e+00 0.0000000000000000e+00 0.0000000000000000e+00 0.0000000000000000e+00 02310
 0.0000000000000000e+00 0.0000000000000000e+00 0.0000000000000000e+00 0.0000000000000000e+00 10410
 0.0000000000000000e+00 1.8663281431238399e+03 0.0000000000000000e+00 0.0000000000000000e+00 01410
 0.0000000000000000e+00 0.0000000000000000e+00 8.7283943615106887e+02 0.0000000000000000e+00 00510
 1.7867644553157409e+03 -1.2188594214386621e+03 2.1908511658780773e+02 0.0000000000000000e+00 40020
 0.0000000000000000e+00 0.0000000000000000e+00 5.7706261457305336e+03 0.0000000000000000e+00 31020
 0.0000000000000000e+00 0.0000000000000000e+00 0.0000000000000000e+00 0.0000000000000000e+00 22020
 0.0000000000000000e+00 0.0000000000000000e+00 0.0000000000000000e+00 0.0000000000000000e+00 13020
 7.8537637001457997e+06 0.0000000000000000e+00 -7.1298697302203078e+05 0.0000000000000000e+00 04020
 0.0000000000000000e+00 0.0000000000000000e+00 0.0000000000000000e+00 0.0000000000000000e+00 30120
 0.0000000000000000e+00 0.0000000000000000e+00 0.0000000000000000e+00 0.0000000000000000e+00 21120
 0.0000000000000000e+00 -6.0208205847413628e+05 0.0000000000000000e+00 0.0000000000000000e+00 12120
 0.0000000000000000e+00 0.0000000000000000e+00 0.0000000000000000e+00 0.0000000000000000e+00 03120
 0.0000000000000000e+00 -1.1913195358015813e+04 0.0000000000000000e+00 0.0000000000000000e+00 20220
 0.0000000000000000e+00 0.0000000000000000e+00 0.0000000000000000e+00 0.0000000000000000e+00 11220
 0.0000000000000000e+00 0.0000000000000000e+00 0.0000000000000000e+00 0.0000000000000000e+00 02220
 0.0000000000000000e+00 1.5797785380398453e+05 0.0000000000000000e+00 0.0000000000000000e+00 10320
 3.1666484155921651e+04 0.0000000000000000e+00 0.0000000000000000e+00 0.0000000000000000e+00 01320
 0.0000000000000000e+00 -1.9028256721147359e+03 -1.1457734119628609e+04 0.0000000000000000e+00 00420
 0.0000000000000000e+00 2.7100738555996577e+04 0.0000000000000000e+00 0.0000000000000000e+00 30030
 -2.2543342723069389e+05 0.0000000000000000e+00 0.0000000000000000e+00 0.0000000000000000e+00 21030
 0.0000000000000000e+00 0.0000000000000000e+00 0.0000000000000000e+00 0.0000000000000000e+00 12030
 0.0000000000000000e+00 -5.5743196737061441e+06 3.3334381725738770e+06 0.0000000000000000e+00 03030
 0.0000000000000000e+00 0.0000000000000000e+00 0.0000000000000000e+00 0.0000000000000000e+00 20130
 0.0000000000000000e+00 0.0000000000000000e+00 0.0000000000000000e+00 0.0000000000000000e+00 11130
 0.0000000000000000e+00 0.0000000000000000e+00 0.0000000000000000e+00 0.0000000000000000e+00 02130
 0.0000000000000000e+00 -1.0442514191598855e+06 -3.4751640806212235e+05 0.0000000000000000e+00 10230
 0.0000000000000000e+00 0.0000000000000000e+00 8.9616938629439406e+04 0.0000000000000000e+00 01230
 0.0000000000000000e+00 1.1081213647530632e+05 0.0000000000000000e+00 0.0000000000000000e+00 00330
 -1.9071291325223621e+04 0.0000000000000000e+00 -9.7514233889022347e+04 0.0000000000000000e+00 20040
 0.0000000000000000e+00 2.4944616742049744e+06 0.0000000000000000e+00 0.0000000000000000e+00 11040
 0.0000000000000000e+00 0.0000000000000000e+00 -6.7118614223343944e+06 0.0000000000000000e+00 02040
 0.0000000000000000e+00 0.0000000000000000e+00 2.2057539223162574e+06 0.0000000000000000e+00 10140
 0.0000000000000000e+00 0.0000000000000000e+00 0.0000000000000000e+00 0.0000000000000000e+00 01140
 0.0000000000000000e+00 0.0000000000000000e+00 0.0000000000000000e+00 0.0000000000000000e+00 00240
 0.0000000000000000e+00 0.0000000000000000e+00 0.0000000000000000e+00 0.0000000000000000e+00 10050
 -5.0463389547396572e+06 1.6398369659825619e+07 0.0000000000000000e+00 0.0000000000000000e+00 01050
 0.0000000000000000e+00 0.0000000000000000e+00 0.0000000000000000e+00 0.0000000000000000e+00 00150
 0.0000000000000000e+00 0.0000000000000000e+00 1.3432397039198328e+06 0.0000000000000000e+00 00060
 1.1258424199999999e+00 0.0000000000000000e+00 0.0000000000000000e+00 7.6817769999999996e-01 00001
 -3.3092960599999999e+00 0.0000000000000000e+00 0.0000000000000000e+00 -1.2482495400000000e+00 10001
 9.5582156000000005e+00 0.0000000000000000e+00 0.0000000000000000e+00 7.1898036500000000e+00 01001
 -1.2807550800000000e+01 0.0000000000000000e+00 0.0000000000000000e+00 -1.7948002400000000e+00 00002
 3.1328287000000000e+01 0.0000000000000000e+00 0.0000000000000000e+00 4.3097902599999998e+00 20001
 -3.6635859399999998e+02 0.0000000000000000e+00 0.0000000000000000e+00 -4.7514103499999997e+01 11001
 1.2812726399999999e+03 0.0000000000000000e+00 0.0000000000000000e+00 1.2740499699999999e+02 02001
 8.4649294600000005e+00 0.0000000000000000e+00 0.0000000000000000e+00 1.5213236200000000e+00 00201
 -2.1218133200000000e+02 0.0000000000000000e+00 0.0000000000000000e+00 -4.4842024199999997e+01 00111
 8.6216804499999995e+01 0.0000000000000000e+00 0.0000000000000000e+00 1.3903586900000001e+01 10002
 -2.0237557699999999e+02 0.0000000000000000e+00 0.0000000000000000e+00 -7.5177002500000000e+01 01002
 1.2924057499999999e+03 0.0000000000000000e+00 0.0000000000000000e+00 3.3294530099999997e+02 00021
 1.5246574300000000e+02 4.1239841799999999e+02 -1.1855168000000000e+02 0.0000000000000000e+00 00012
 5.6814234300000003e+01 0.0000000000000000e+00 0.0000000000000000e+00 1.5595186500000001e+01 00003
 -1.1109064100000001e+02 0.0000000000000000e+00 0.0000000000000000e+00 -1.5717735800000000e+01 30001
 1.3012309000000000e+03 0.0000000000000000e+00 0.0000000000000000e+00 2.4992499500000000e+02 21001
 -3.3776413699999998e+03 0.0000000000000000e+00 0.0000000000000000e+00 -1.2056100300000001e+03 12001
 -1.0805725299999999e+03 0.0000000000000000e+00 0.0000000000000000e+00 1.6507063800000001e+03 03001
 -2.0675836699999999e+02 0.0000000000000000e+00 0.0000000000000000e+00 -8.6394541199999999e+00 10201
 1.2861228000000001e+03 0.0000000000000000e+00 0.0000000000000000e+00 5.1734533999999996e+01 01201
 4.5738898999999998e+02 0.0000000000000000e+00 0.0000000000000000e+00 2.4632876999999999e+02 10111
 3.1552100700000000e+02 0.0000000000000000e+00 0.0000000000000000e+00 -1.4688802499999999e+03 01111
 -2.8637608399999999e+00 0.0000000000000000e+00 0.0000000000000000e+00 -7.7696205800000001e+01 20002
 -2.8453250400000002e+02 0.0000000000000000e+00 0.0000000000000000e+00 8.0826721799999996e+02 11002
 -5.4968678599999997e+01 0.0000000000000000e+00 0.0000000000000000e+00 -1.8872739300000001e+03 02002
 -8.9490322900000001e+02 0.0000000000000000e+00 0.0000000000000000e+00 -1.3172162699999999e+01 00202
 -5.8186814800000001e+01 0.0000000000000000e+00 0.0000000000000000e+00 -1.7587238100000000e+03 10021
 2.8100110300000001e+01 0.0000000000000000e+00 0.0000000000000000e+00 1.0443614200000000e+04 01021
 2.4986902400000002e+01 0.0000000000000000e+00 0.0000000000000000e+00 3.7717688900000002e+02 00112
 -4.7104892700000001e+00 0.0000000000000000e+00 0.0000000000000000e+00 -1.7433297400000001e+02 10003
 -9.4935661400000004e-01 0.0000000000000000e+00 0.0000000000000000e+00 8.9351807699999995e+02 01003
 5.9109615599999996e+00 0.0000000000000000e+00 0.0000000000000000e+00 -2.7085707800000000e+03 00022
 1.0590745000000000e-01 0.0000000000000000e+00 0.0000000000000000e+00 -1.4915634900000001e+02 00004
 7.4420433400000000e-02 0.0000000000000000e+00 0.0000000000000000e+00 0.0000000000000000e+00 00101
 -9.3204445700000005e-01 0.0000000000000000e+00 0.0000000000000000e+00 0.0000000000000000e+00 00011
 2.8452158100000000e+00 0.0000000000000000e+00 0.0000000000000000e+00 0.0000000000000000e+00 10101
 -2.5439373000000000e+01 0.0000000000000000e+00 0.0000000000000000e+00 0.0000000000000000e+00 01101
 1.3705155500000000e+01 0.0000000000000000e+00 0.0000000000000000e+00 0.0000000000000000e+00 10011
 -7.2542508699999999e+01 0.0000000000000000e+00 0.0000000000000000e+00 0.0000000000000000e+00 01011
 1.1188551900000000e+01 0.0000000000000000e+00 0.0000000000000000e+00 0.0000000000000000e+00 00102
 -2.9857603999999998e+01 0.0000000000000000e+00 0.0000000000000000e+00 0.0000000000000000e+00 20101
 2.5760759400000001e+02 0.0000000000000000e+00 0.0000000000000000e+00 0.0000000000000000e+00 11101
 2.2280062200000000e+02 0.0000000000000000e+00 0.0000000000000000e+00 0.0000000000000000e+00 02101
 -5.7470399800000003e+00 0.0000000000000000e+00 0.0000000000000000e+00 0.0000000000000000e+00 00301
 -5.8377417100000002e+01 0.0000000000000000e+00 0.0000000000000000e+00 0.0000000000000000e+00 20011
 -7.5798640700000007e+01 0.0000000000000000e+00 0.0000000000000000e+00 0.0000000000000000e+00 11011
 -2.0030666900000000e+01 0.0000000000000000e+00 0.0000000000000000e+00 0.0000000000000000e+00 02011
 8.1569985000000003e+01 0.0000000000000000e+00 0.0000000000000000e+00 0.0000000000000000e+00 00211
 3.9907235700000001e+01 0.0000000000000000e+00 0.0000000000000000e+00 0.0000000000000000e+00 10102
 2.6133789799999999e+01 0.0000000000000000e+00 0.0000000000000000e+00 0.0000000000000000e+00 01102
 1.1102801200000000e+01 0.0000000000000000e+00 0.0000000000000000e+00 0.0000000000000000e+00 00121
 1.5806418400000000e+01 0.0000000000000000e+00 0.0000000000000000e+00 0.0000000000000000e+00 10012
 2.5233279000000000e+00 0.0000000000000000e+00 0.0000000000000000e+00 0.0000000000000000e+00 01012
 1.4961163900000001e+00 0.0000000000000000e+00 0.0000000000000000e+00 0.0000000000000000e+00 00103
 2.9442717200000001e+00 0.0000000000000000e+00 0.0000000000000000e+00 0.0000000000000000e+00 00031
 1.9644430600000001e-01 0.0000000000000000e+00 0.0000000000000000e+00 0.0000000000000000e+00 00013
 1.6957368000000000e+02 0.0000000000000000e+00 0.0000000000000000e+00 0.0000000000000000e+00 40001
 -1.1884030900000000e+03 0.0000000000000000e+00 0.0000000000000000e+00 0.0000000000000000e+00 31001
 -2.5640085899999999e+03 0.0000000000000000e+00 0.0000000000000000e+00 0.0000000000000000e+00 22001
 -7.9612626599999999e+02 0.0000000000000000e+00 0.0000000000000000e+00 0.0000000000000000e+00 13001
 -1.7013585599999999e+02 0.0000000000000000e+00 0.0000000000000000e+00 0.0000000000000000e+00 04001
 2.5273732400000000e+01 0.0000000000000000e+00 0.0000000000000000e+00 0.0000000000000000e+00 30101
 -3.0211779799999999e+02 0.0000000000000000e+00 0.0000000000000000e+00 0.0000000000000000e+00 21101
 1.0508874799999999e+01 0.0000000000000000e+00 0.0000000000000000e+00 0.0000000000000000e+00 12101
 1.7954560900000001e+01 0.0000000000000000e+00 0.0000000000000000e+00 0.0000000000000000e+00 03101
 3.9304286900000000e+02 0.0000000000000000e+00 0.0000000000000000e+00 0.0000000000000000e+00 20201
 -2.6547935800000000e+03 0.0000000000000000e+00 0.0000000000000000e+00 0.0000000000000000e+00 11201
 -6.7520795899999996e+02 0.0000000000000000e+00 0.0000000000000000e+00 0.0000000000000000e+00 02201
 3.1537455800000000e+01 0.0000000000000000e+00 0.0000000000000000e+00 0.0000000000000000e+00 10301
 -6.6287274900000000e+01 0.0000000000000000e+00 0.0000000000000000e+00 0.0000000000000000e+00 01301
 1.1048366800000000e+01 0.0000000000000000e+00 0.0000000000000000e+00 0.0000000000000000e+00 00401
 5.3995273300000001e+01 0.0000000000000000e+00 0.0000000000000000e+00 0.0000000000000000e+00 30011
 1.9851422299999999e+01 0.0000000000000000e+00 0.0000000000000000e+00 0.0000000000000000e+00 21011
 6.9951277899999997e+00 0.0000000000000000e+00 0.0000000000000000e+00 0.0000000000000000e+00 12011
 2.0305896899999998e+00 0.0000000000000000e+00 0.0000000000000000e+00 0.0000000000000000e+00 03011
 -4.1475572199999999e+02 0.0000000000000000e+00 0.0000000000000000e+00 0.0000000000000000e+00 20111
 -2.4292429500000000e+02 0.0000000000000000e+00 0.0000000000000000e+00 0.0000000000000000e+00 11111
 -5.3283176900000001e+01 0.0000000000000000e+00 0.0000000000000000e+00 0.0000000000000000e+00 02111
 1.4085442600000000e+01 0.0000000000000000e+00 0.0000000000000000e+00 0.0000000000000000e+00 10211
 -7.1897002499999996e+00 0.0000000000000000e+00 0.0000000000000000e+00 0.0000000000000000e+00 01211
 4.6617528200000002e+01 0.0000000000000000e+00 0.0000000000000000e+00 0.0000000000000000e+00 00311
 3.2702350999999999e+02 0.0000000000000000e+00 0.0000000000000000e+00 0.0000000000000000e+00 30002
 -4.6760376399999998e+01 0.0000000000000000e+00 0.0000000000000000e+00 0.0000000000000000e+00 21002
 -1.3113077600000000e+01 0.0000000000000000e+00 0.0000000000000000e+00 0.0000000000000000e+00 12002
 -2.1460877500000000e+00 0.0000000000000000e+00 0.0000000000000000e+00 0.0000000000000000e+00 03002
 -4.0516263400000003e+02 0.0000000000000000e+00 0.0000000000000000e+00 0.0000000000000000e+00 20102
 -3.7832739400000001e+01 0.0000000000000000e+00 0.0000000000000000e+00 0.0000000000000000e+00 11102
 -3.2861643300000001e+00 0.0000000000000000e+00 0.0000000000000000e+00 0.0000000000000000e+00 02102
 -7.9775662299999999e+02 0.0000000000000000e+00 0.0000000000000000e+00 0.0000000000000000e+00 10202
 -1.0025346300000000e+02 0.0000000000000000e+00 0.0000000000000000e+00 0.0000000000000000e+00 01202
 -5.8149400000000000e+01 0.0000000000000000e+00 0.0000000000000000e+00 0.0000000000000000e+00 00302
 -4.9721882500000000e+01 0.0000000000000000e+00 0.0000000000000000e+00 0.0000000000000000e+00 20021
 -2.3494000000000000e+01 0.0000000000000000e+00 0.0000000000000000e+00 0.0000000000000000e+00 11021
 -4.6306529500000000e+00 0.0000000000000000e+00 0.0000000000000000e+00 0.0000000000000000e+00 02021
 -7.0125265800000003e+00 0.0000000000000000e+00 0.0000000000000000e+00 0.0000000000000000e+00 10121
 -1.6612841400000000e+00 0.0000000000000000e+00 0.0000000000000000e+00 0.0000000000000000e+00 01121
 8.9976115900000000e+00 0.0000000000000000e+00 0.0000000000000000e+00 0.0000000000000000e+00 00221
 -2.6915856399999999e+01 0.0000000000000000e+00 0.0000000000000000e+00 0.0000000000000000e+00 20012
 -2.9374057699999998e+00 0.0000000000000000e+00 0.0000000000000000e+00 0.0000000000000000e+00 11012
 -2.8169995599999997e-01 0.0000000000000000e+00 0.0000000000000000e+00 0.0000000000000000e+00 02012
 -4.4261380600000003e+01 0.0000000000000000e+00 0.0000000000000000e+00 0.0000000000000000e+00 10112
 -5.1887392600000002e+00 0.0000000000000000e+00 0.0000000000000000e+00 0.0000000000000000e+00 01112
 -2.3091301500000001e+00 0.0000000000000000e+00 0.0000000000000000e+00 0.0000000000000000e+00 00212
 1.2974281100000001e+01 0.0000000000000000e+00 0.0000000000000000e+00 0.0000000000000000e+00 20003
 1.2986379400000001e+00 0.0000000000000000e+00 0.0000000000000000e+00 0.0000000000000000e+00 11003
 1.7931982099999999e-01 0.0000000000000000e+00 0.0000000000000000e+00 0.0000000000000000e+00 02003
 3.5963604300000002e-01 0.0000000000000000e+00 0.0000000000000000e+00 0.0000000000000000e+00 10103
 -6.8600012500000002e-02 0.0000000000000000e+00 0.0000000000000000e+00 0.0000000000000000e+00 01103
 4.7989772600000002e-01 0.0000000000000000e+00 0.0000000000000000e+00 0.0000000000000000e+00 00203
 -1.5183764099999999e+00 0.0000000000000000e+00 0.0000000000000000e+00 0.0000000000000000e+00 10031
 -2.5950537600000001e-01 0.0000000000000000e+00 0.0000000000000000e+00 0.0000000000000000e+00 01031
 1.2137887100000000e+00 0.0000000000000000e+00 0.0000000000000000e+00 0.0000000000000000e+00 00131
 -3.8339448699999998e+00 0.0000000000000000e+00 0.0000000000000000e+00 0.0000000000000000e+00 10022
 -4.4880310099999998e-01 0.0000000000000000e+00 0.0000000000000000e+00 0.0000000000000000e+00 01022
 4.3274224600000001e-02 0.0000000000000000e+00 0.0000000000000000e+00 0.0000000000000000e+00 00122
 4.3379578000000002e-02 0.0000000000000000e+00 0.0000000000000000e+00 0.0000000000000000e+00 10013
 3.8101713399999999e-04 0.0000000000000000e+00 0.0000000000000000e+00 0.0000000000000000e+00 01013
 7.1732702300000006e-02 0.0000000000000000e+00 0.0000000000000000e+00 0.0000000000000000e+00 00113
 4.0493515200000002e-03 0.0000000000000000e+00 0.0000000000000000e+00 0.0000000000000000e+00 10004
 -7.0401424799999997e-04 0.0000000000000000e+00 0.0000000000000000e+00 0.0000000000000000e+00 01004
 4.1771769200000001e-03 0.0000000000000000e+00 0.0000000000000000e+00 0.0000000000000000e+00 00104
 2.6521246799999998e-01 0.0000000000000000e+00 0.0000000000000000e+00 0.0000000000000000e+00 00041
 3.4293861799999999e-02 0.0000000000000000e+00 0.0000000000000000e+00 0.0000000000000000e+00 00032
 2.7421903000000001e-02 0.0000000000000000e+00 0.0000000000000000e+00 0.0000000000000000e+00 00023
 3.8234677400000002e-03 0.0000000000000000e+00 0.0000000000000000e+00 0.0000000000000000e+00 00014
 1.4659581000000001e-03 0.0000000000000000e+00 0.0000000000000000e+00 0.0000000000000000e+00 00005
 -2.2197897499999999e+02 0.0000000000000000e+00 0.0000000000000000e+00 0.0000000000000000e+00 50001
 2.0814843300000002e+03 0.0000000000000000e+00 0.0000000000000000e+00 0.0000000000000000e+00 41001
 -4.3056093600000003e+02 0.0000000000000000e+00 0.0000000000000000e+00 0.0000000000000000e+00 32001
 -2.1805028799999999e+02 0.0000000000000000e+00 0.0000000000000000e+00 0.0000000000000000e+00 23001
 -5.5584450099999998e+01 0.0000000000000000e+00 0.0000000000000000e+00 0.0000000000000000e+00 14001
 -1.1364256800000000e+01 0.0000000000000000e+00 0.0000000000000000e+00 0.0000000000000000e+00 05001
 1.0843246300000000e+02 0.0000000000000000e+00 0.0000000000000000e+00 0.0000000000000000e+00 40101
 -9.3186493399999995e+02 0.0000000000000000e+00 0.0000000000000000e+00 0.0000000000000000e+00 31101
 -1.9297715800000000e+02 0.0000000000000000e+00 0.0000000000000000e+00 0.0000000000000000e+00 22101
 -2.8647338300000001e+01 0.0000000000000000e+00 0.0000000000000000e+00 0.0000000000000000e+00 13101
 -3.4101753399999999e+00 0.0000000000000000e+00 0.0000000000000000e+00 0.0000000000000000e+00 04101
 6.1327849800000003e+01 0.0000000000000000e+00 0.0000000000000000e+00 0.0000000000000000e+00 30201
 -4.3628918599999999e+01 0.0000000000000000e+00 0.0000000000000000e+00 0.0000000000000000e+00 21201
 -4.7152181900000002e+01 0.0000000000000000e+00 0.0000000000000000e+00 0.0000000000000000e+00 12201
 -1.4919883000000000e+01 0.0000000000000000e+00 0.0000000000000000e+00 0.0000000000000000e+00 03201
 5.8831090099999997e+01 0.0000000000000000e+00 0.0000000000000000e+00 0.0000000000000000e+00 20301
 -3.6337865000000001e+01 0.0000000000000000e+00 0.0000000000000000e+00 0.0000000000000000e+00 11301
 -8.0151232799999992e+00 0.0000000000000000e+00 0.0000000000000000e+00 0.0000000000000000e+00 02301
 -1.0494428700000000e+02 0.0000000000000000e+00 0.0000000000000000e+00 0.0000000000000000e+00 10401
 3.4771335299999997e+01 0.0000000000000000e+00 0.0000000000000000e+00 0.0000000000000000e+00 01401
 -1.2228812499999999e+02 0.0000000000000000e+00 0.0000000000000000e+00 0.0000000000000000e+00 00501
 -7.7545342300000002e+01 0.0000000000000000e+00 0.0000000000000000e+00 0.0000000000000000e+00 40011
 -6.4131444900000005e+01 0.0000000000000000e+00 0.0000000000000000e+00 0.0000000000000000e+00 31011
 -1.3985750500000000e+01 0.0000000000000000e+00 0.0000000000000000e+00 0.0000000000000000e+00 22011
 -2.3365408200000002e+00 0.0000000000000000e+00 0.0000000000000000e+00 0.0000000000000000e+00 13011
 -3.4059649100000000e-01 0.0000000000000000e+00 0.0000000000000000e+00 0.0000000000000000e+00 04011
 2.9339419400000001e+01 0.0000000000000000e+00 0.0000000000000000e+00 0.0000000000000000e+00 30111
 4.8114933100000002e+01 0.0000000000000000e+00 0.0000000000000000e+00 0.0000000000000000e+00 21111
 9.5017492400000005e+00 0.0000000000000000e+00 0.0000000000000000e+00 0.0000000000000000e+00 12111
 1.3883754100000001e+00 0.0000000000000000e+00 0.0000000000000000e+00 0.0000000000000000e+00 03111
 5.2479251499999997e+01 0.0000000000000000e+00 0.0000000000000000e+00 0.0000000000000000e+00 20211
 3.8005874199999998e+00 0.0000000000000000e+00 0.0000000000000000e+00 0.0000000000000000e+00 11211
 2.3455513600000000e-01 0.0000000000000000e+00 0.0000000000000000e+00 0.0000000000000000e+00 02211
 3.9580808500000003e+01 0.0000000000000000e+00 0.0000000000000000e+00 0.0000000000000000e+00 10311
 1.5256354200000001e+01 0.0000000000000000e+00 0.0000000000000000e+00 0.0000000000000000e+00 01311
 -7.2808032699999998e+00 0.0000000000000000e+00 0.0000000000000000e+00 0.0000000000000000e+00 00411
 -5.9749734599999999e+02 0.0000000000000000e+00 0.0000000000000000e+00 0.0000000000000000e+00 40002
 -1.0272174900000000e+02 0.0000000000000000e+00 0.0000000000000000e+00 0.0000000000000000e+00 31002
 -1.5368110700000001e+01 0.0000000000000000e+00 0.0000000000000000e+00 0.0000000000000000e+00 22002
 -2.1720831600000001e+00 0.0000000000000000e+00 0.0000000000000000e+00 0.0000000000000000e+00 13002
 -2.7460926400000002e-01 0.0000000000000000e+00 0.0000000000000000e+00 0.0000000000000000e+00 04002
 1.0683798299999999e+02 0.0000000000000000e+00 0.0000000000000000e+00 0.0000000000000000e+00 30102
 1.2376615800000000e+01 0.0000000000000000e+00 0.0000000000000000e+00 0.0000000000000000e+00 21102
 1.4653033000000000e+00 0.0000000000000000e+00 0.0000000000000000e+00 0.0000000000000000e+00 12102
 1.8539329299999999e-01 0.0000000000000000e+00 0.0000000000000000e+00 0.0000000000000000e+00 03102
 1.1888713100000000e+01 0.0000000000000000e+00 0.0000000000000000e+00 0.0000000000000000e+00 20202
 -2.5566998800000000e+00 0.0000000000000000e+00 0.0000000000000000e+00 0.0000000000000000e+00 11202
 -8.6380901700000001e-01 0.0000000000000000e+00 0.0000000000000000e+00 0.0000000000000000e+00 02202
 1.8804701399999999e+01 0.0000000000000000e+00 0.0000000000000000e+00 0.0000000000000000e+00 10302
 2.4966757999999998e+00 0.0000000000000000e+00 0.0000000000000000e+00 0.0000000000000000e+00 01302
 -3.9308849700000001e+00 0.0000000000000000e+00 0.0000000000000000e+00 0.0000000000000000e+00 00402
 1.2703465100000001e+01 0.0000000000000000e+00 0.0000000000000000e+00 0.0000000000000000e+00 30021
 7.9618751600000000e+00 0.0000000000000000e+00 0.0000000000000000e+00 0.0000000000000000e+00 21021
 1.6098250700000001e+00 0.0000000000000000e+00 0.0000000000000000e+00 0.0000000000000000e+00 12021
 2.5756567499999999e-01 0.0000000000000000e+00 0.0000000000000000e+00 0.0000000000000000e+00 03021
 5.9357450700000003e+00 0.0000000000000000e+00 0.0000000000000000e+00 0.0000000000000000e+00 20121
 6.7934845300000002e-01 0.0000000000000000e+00 0.0000000000000000e+00 0.0000000000000000e+00 11121
 7.5755015100000003e-02 0.0000000000000000e+00 0.0000000000000000e+00 0.0000000000000000e+00 02121
 7.3629458100000003e+00 0.0000000000000000e+00 0.0000000000000000e+00 0.0000000000000000e+00 10221
 2.3008013500000000e+00 0.0000000000000000e+00 0.0000000000000000e+00 0.0000000000000000e+00 01221
 -1.1838300700000000e-01 0.0000000000000000e+00 0.0000000000000000e+00 0.0000000000000000e+00 00321
 1.4425814500000000e+01 0.0000000000000000e+00 0.0000000000000000e+00 0.0000000000000000e+00 30012
 1.5265816299999999e+00 0.0000000000000000e+00 0.0000000000000000e+00 0.0000000000000000e+00 21012
 1.6302881699999999e-01 0.0000000000000000e+00 0.0000000000000000e+00 0.0000000000000000e+00 12012
 1.7168950900000000e-02 0.0000000000000000e+00 0.0000000000000000e+00 0.0000000000000000e+00 03012
 1.5074373400000001e+01 0.0000000000000000e+00 0.0000000000000000e+00 0.0000000000000000e+00 20112
 1.6070658300000000e+00 0.0000000000000000e+00 0.0000000000000000e+00 0.0000000000000000e+00 11112
 1.6646502299999999e-01 0.0000000000000000e+00 0.0000000000000000e+00 0.0000000000000000e+00 02112
 2.2880329700000002e+00 0.0000000000000000e+00 0.0000000000000000e+00 0.0000000000000000e+00 10212
 2.6541344900000002e-01 0.0000000000000000e+00 0.0000000000000000e+00 0.0000000000000000e+00 01212
 3.2668393000000000e+00 0.0000000000000000e+00 0.0000000000000000e+00 0.0000000000000000e+00 00312
 -1.4469480500000000e+00 0.0000000000000000e+00 0.0000000000000000e+00 0.0000000000000000e+00 30003
 -3.0155182100000000e-01 0.0000000000000000e+00 0.0000000000000000e+00 0.0000000000000000e+00 21003
 -9.7940595800000002e-02 0.0000000000000000e+00 0.0000000000000000e+00 0.0000000000000000e+00 12003
 -2.1887463300000000e-02 0.0000000000000000e+00 0.0000000000000000e+00 0.0000000000000000e+00 03003
 2.1373127700000000e-01 0.0000000000000000e+00 0.0000000000000000e+00 0.0000000000000000e+00 20103
 -4.2487175700000003e-03 0.0000000000000000e+00 0.0000000000000000e+00 0.0000000000000000e+00 11103
 -2.6398123599999999e-03 0.0000000000000000e+00 0.0000000000000000e+00 0.0000000000000000e+00 02103
 -3.9033618199999998e-01 0.0000000000000000e+00 0.0000000000000000e+00 0.0000000000000000e+00 10203
 -2.2056344900000000e-02 0.0000000000000000e+00 0.0000000000000000e+00 0.0000000000000000e+00 01203
 -2.5206106999999998e-02 0.0000000000000000e+00 0.0000000000000000e+00 0.0000000000000000e+00 00303
 8.3539572600000001e-01 0.0000000000000000e+00 0.0000000000000000e+00 0.0000000000000000e+00 20031
 1.0108242400000000e-01 0.0000000000000000e+00 0.0000000000000000e+00 0.0000000000000000e+00 11031
 1.1382651500000000e-02 0.0000000000000000e+00 0.0000000000000000e+00 0.0000000000000000e+00 02031
 9.6753924199999997e-01 0.0000000000000000e+00 0.0000000000000000e+00 0.0000000000000000e+00 10131
 2.8394057299999997e-01 0.0000000000000000e+00 0.0000000000000000e+00 0.0000000000000000e+00 01131
 7.0409468399999994e-02 0.0000000000000000e+00 0.0000000000000000e+00 0.0000000000000000e+00 00231
 1.9662115200000001e+00 0.0000000000000000e+00 0.0000000000000000e+00 0.0000000000000000e+00 20022
 2.1192966199999999e-01 0.0000000000000000e+00 0.0000000000000000e+00 0.0000000000000000e+00 11022
 2.2229702000000000e-02 0.0000000000000000e+00 0.0000000000000000e+00 0.0000000000000000e+00 02022
 1.9217672799999999e-01 0.0000000000000000e+00 0.0000000000000000e+00 0.0000000000000000e+00 10122
 2.0842935900000002e-02 0.0000000000000000e+00 0.0000000000000000e+00 0.0000000000000000e+00 01122
 4.0919772199999999e-01 0.0000000000000000e+00 0.0000000000000000e+00 0.0000000000000000e+00 00222
 1.1620879799999999e-02 0.0000000000000000e+00 0.0000000000000000e+00 0.0000000000000000e+00 20013
 -8.6175197900000000e-04 0.0000000000000000e+00 0.0000000000000000e+00 0.0000000000000000e+00 11013
 -3.6803400800000002e-04 0.0000000000000000e+00 0.0000000000000000e+00 0.0000000000000000e+00 02013
 -3.0559588299999999e-02 0.0000000000000000e+00 0.0000000000000000e+00 0.0000000000000000e+00 10113
 7.9282077300000002e-04 0.0000000000000000e+00 0.0000000000000000e+00 0.0000000000000000e+00 01113
 -1.0358131200000000e-03 0.0000000000000000e+00 0.0000000000000000e+00 0.0000000000000000e+00 00213
 -3.1766529600000003e-02 0.0000000000000000e+00 0.0000000000000000e+00 0.0000000000000000e+00 20004
 -8.6869289399999997e-03 0.0000000000000000e+00 0.0000000000000000e+00 0.0000000000000000e+00 11004
 -1.3033663300000000e-03 0.0000000000000000e+00 0.0000000000000000e+00 0.0000000000000000e+00 02004
 -4.8593005899999998e-03 0.0000000000000000e+00 0.0000000000000000e+00 0.0000000000000000e+00 10104
 -1.8132267699999999e-04 0.0000000000000000e+00 0.0000000000000000e+00 0.0000000000000000e+00 01104
 -2.2531301500000000e-02 0.0000000000000000e+00 0.0000000000000000e+00 0.0000000000000000e+00 00204
 1.0273608300000001e-01 0.0000000000000000e+00 0.0000000000000000e+00 0.0000000000000000e+00 10041
 3.1679181700000003e-02 0.0000000000000000e+00 0.0000000000000000e+00 0.0000000000000000e+00 01041
 1.7740698900000001e-02 0.0000000000000000e+00 0.0000000000000000e+00 0.0000000000000000e+00 00141
 1.2813031600000000e-02 0.0000000000000000e+00 0.0000000000000000e+00 0.0000000000000000e+00 10032
 1.3430987299999999e-03 0.0000000000000000e+00 0.0000000000000000e+00 0.0000000000000000e+00 01032
 4.4265491599999998e-02 0.0000000000000000e+00 0.0000000000000000e+00 0.0000000000000000e+00 00132
 -5.0074566800000003e-03 0.0000000000000000e+00 0.0000000000000000e+00 0.0000000000000000e+00 10023
 -3.6226490100000000e-05 0.0000000000000000e+00 0.0000000000000000e+00 0.0000000000000000e+00 01023
 -1.0084677400000000e-04 0.0000000000000000e+00 0.0000000000000000e+00 0.0000000000000000e+00 00123
 -2.5991156500000000e-04 0.0000000000000000e+00 0.0000000000000000e+00 0.0000000000000000e+00 10014
 -8.6598892899999998e-06 0.0000000000000000e+00 0.0000000000000000e+00 0.0000000000000000e+00 01014
 1.2643326200000000e-04 0.0000000000000000e+00 0.0000000000000000e+00 0.0000000000000000e+00 00114
 -3.7640531699999999e-04 0.0000000000000000e+00 0.0000000000000000e+00 0.0000000000000000e+00 10005
 -4.9526213000000003e-05 0.0000000000000000e+00 0.0000000000000000e+00 0.0000000000000000e+00 01005
 5.0543502499999998e-05 0.0000000000000000e+00 0.0000000000000000e+00 0.0000000000000000e+00 00105
 3.1877867700000001e-03 0.0000000000000000e+00 0.0000000000000000e+00 0.0000000000000000e+00 00051
 4.7427681699999998e-03 0.0000000000000000e+00 0.0000000000000000e+00 0.0000000000000000e+00 00042
 1.0854985800000000e-05 0.0000000000000000e+00 0.0000000000000000e+00 0.0000000000000000e+00 00033
 9.0835490000000001e-05 0.0000000000000000e+00 0.0000000000000000e+00 0.0000000000000000e+00 00024
 3.1187906300000002e-06 0.0000000000000000e+00 0.0000000000000000e+00 0.0000000000000000e+00 00015
 2.3269827100000001e-06 0.0000000000000000e+00 0.0000000000000000e+00 0.0000000000000000e+00 00006
 --------------------------------------------
