! Candidate angular fit; delta and xtar-dependent terms retained from frozen seed.
 --------------------------------------------
 7.5418643461067601e-04 -4.3069802759546083e-05 5.5961685732005412e-04 0.0000000000000000e+00 00000
 3.3127936661175500e-01 1.5735085725659795e-02 -5.1158941088083410e-03 2.4527718100000001e-01 10000
 -3.0010208597589947e+00 -1.2746957625225525e-01 3.4594416621150280e-02 1.7923725400000001e-01 01000
 1.2455681831400980e-03 -4.6193933591536174e-01 2.8094813381015299e-01 1.5762221900000001e-02 00100
 1.2107626524831980e-01 5.8088067702837566e-02 -2.3488007336042465e+00 -2.7748113599999999e-02 00010
 -2.8196464697417162e-01 -2.0186009114631195e-02 7.1478305801715662e-03 -3.1763193899999997e-01 20000
 1.8895883067284518e+00 -6.2474515960699986e-02 3.9846991783931322e-04 3.2294487900000002e+00 11000
 7.0572565720087805e+00 1.2832648239252944e+00 -2.5708328438076694e-01 9.9624983800000000e-01 02000
 -1.6092879795842446e-01 1.4546788003708948e+00 -4.2837355676975059e-01 -6.9868989000000006e-02 10100
 1.1237060214547563e+00 8.3569570417194217e-01 2.2595260760838703e-01 -2.7273720299999998e-01 01100
 -1.4076816395335300e-02 -3.3655379140843801e-02 -4.5557419001498239e-03 -1.7795864400000000e-02 00200
 1.7582096604553199e-01 -2.0284183758550814e+01 5.4256023962929705e+00 -1.7964206399999999e-01 10010
 -8.5768035088650843e-02 -1.7228384247233414e+01 2.2158143380458593e+00 5.1434082800000001e+00 01010
 0.0000000000000000e+00 0.0000000000000000e+00 1.3145335743376974e-01 4.5628469799999999e-01 00110
 5.7712515833612710e-01 -2.1693358191425087e+00 9.9674617535733179e-01 -6.4079203600000003e+00 00020
 1.1821846250302095e+00 4.9341054160975999e-02 -2.5851953077104028e-02 9.3683431900000003e-01 30000
 -2.4038983778708804e+01 3.8218891390845894e-01 5.8969260945779006e-02 -1.3540589900000001e+01 21000
 1.6967704487608819e+02 -9.4882128224726987e+00 0.0000000000000000e+00 5.1879764199999997e+01 12000
 -4.5777585147237062e+02 3.6502433109915053e+01 2.7928550695127585e+00 -2.0498985000000001e+01 03000
 2.4845190313264478e+00 -4.6935531326788587e+00 8.9134410672844444e-01 -3.1254219399999998e-02 20100
 -2.5247587580784980e+01 5.4788087933074557e+01 -9.0945493087444387e+00 2.8400841199999999e-01 11100
 2.7261829778920269e+01 -1.3837595055600769e+02 1.7492432155839420e+01 3.9556433100000001e+00 02100
 -4.4925740211115917e-01 2.6776342715951333e+00 2.3249654128677485e-01 9.5431561099999995e-01 10200
 5.3248183815792851e+00 -2.3869558432310310e+01 0.0000000000000000e+00 -7.0688381700000003e+00 01200
 1.2726659941117255e+00 -9.8326137455371743e-01 4.7862262629773583e-01 -3.5820566700000001e-01 00300
 -1.2441483113893961e+01 6.2273712282455641e+01 -1.5145765454713962e+01 -2.7448817499999998e+00 20010
 1.4172856161890931e+02 -7.3271852695603832e+02 1.6399971673124494e+02 1.0681983600000001e+01 11010
 -2.7147569971795241e+02 1.9130819261888403e+03 -3.5740650896398813e+02 -4.6776265000000002e+01 02010
 -1.2549118980263789e+00 -4.8022551888434485e+01 0.0000000000000000e+00 4.3468718099999998e-01 10110
 0.0000000000000000e+00 3.9977301715490228e+02 -3.5227129789439161e+01 2.5692412099999999e+01 01110
 0.0000000000000000e+00 6.4217200098896186e+01 -3.0361194360855737e+00 -3.1559352000000001e+00 00210
 1.1615097745829574e+02 2.7840861572939371e+01 2.3934032998721520e+01 3.1907757499999999e+01 10020
 -9.6576714248675319e+02 -2.0581766701512649e+02 -8.5538832427189760e+01 -4.6789810199999999e+02 01020
 0.0000000000000000e+00 -1.0341282970782868e+03 1.9074596674512841e+02 3.4179037000000001e+01 00120
 -1.2196121876672133e+02 5.2625170387009530e+03 -1.1854495517052983e+03 -7.1508536199999995e+01 00030
 -6.8270012326513125e+00 -1.5708676935045557e-01 0.0000000000000000e+00 -2.3027877499999998e+00 40000
 1.4467936189843348e+02 0.0000000000000000e+00 9.6105004120130830e-02 5.8024830899999998e+01 31000
 -1.0346610171498000e+03 1.4817081974732991e+01 0.0000000000000000e+00 -4.9156237399999998e+02 22000
 2.5161530830451497e+03 0.0000000000000000e+00 0.0000000000000000e+00 1.7182972100000000e+03 13000
 0.0000000000000000e+00 -4.4059228801356608e+02 -7.3547243698628648e+01 -1.9501040300000000e+03 04000
 -2.8942135871508615e+01 8.1955061644848932e+00 -3.5773499623175320e-01 -1.4621283800000000e+00 30100
 5.4094473595714067e+02 -1.0187859821607238e+02 5.1322664380417002e+00 4.7295753499999996e+01 21100
 -3.4819481067007300e+03 1.8866483319545665e+02 0.0000000000000000e+00 -4.3237295599999999e+02 12100
 8.2699141527032589e+03 7.9681481666995467e+02 -1.1536962942673551e+02 1.3233994800000000e+03 03100
 0.0000000000000000e+00 -2.2261828440346765e+00 -8.7044395515749518e-01 -1.0047251200000000e+00 20200
 0.0000000000000000e+00 0.0000000000000000e+00 0.0000000000000000e+00 1.6743462399999999e+01 11200
 0.0000000000000000e+00 3.8597918200635712e+02 0.0000000000000000e+00 -6.7273158699999996e+01 02200
 -5.0726572132229917e+00 -8.2304921845041719e+00 0.0000000000000000e+00 4.9815545700000001e+00 10300
 0.0000000000000000e+00 -8.0068069842762046e+00 0.0000000000000000e+00 -3.7436718100000000e+01 01300
 0.0000000000000000e+00 -1.2610602307457919e+00 0.0000000000000000e+00 3.8352631700000002e+00 00400
 1.6791142574264018e+02 -1.2902195695646461e+02 1.6541304570862774e+01 2.0406354700000001e+01 30010
 -2.5028432050751094e+03 1.6522845276846178e+03 -1.7662044340445701e+02 -5.2187064599999997e+02 21010
 1.1955085049461786e+04 -3.5649629107759533e+03 0.0000000000000000e+00 4.0218560800000000e+03 12010
 -2.3675916978889207e+04 -1.0755702666264124e+04 3.1504129459100218e+03 -1.1081659400000000e+04 03010
 0.0000000000000000e+00 3.3594331854465565e+02 0.0000000000000000e+00 -2.6109065900000001e+01 20110
 6.2506128754318837e+01 -3.4228313553243661e+03 0.0000000000000000e+00 3.4366059500000000e+02 11110
 0.0000000000000000e+00 1.9882063854013313e+03 1.2869444240719472e+03 -9.7405222100000003e+02 02110
 0.0000000000000000e+00 0.0000000000000000e+00 0.0000000000000000e+00 -3.6510193000000001e+01 10210
 2.1870285039416740e+02 7.2859237655364120e+02 -1.2062529660889099e+02 2.9243684000000002e+02 01210
 0.0000000000000000e+00 0.0000000000000000e+00 0.0000000000000000e+00 -8.4939199799999997e+01 00310
 0.0000000000000000e+00 -1.8058598692383212e+03 0.0000000000000000e+00 4.0636932100000001e+02 20020
 0.0000000000000000e+00 1.4980934794691460e+04 0.0000000000000000e+00 -4.5869649099999997e+03 11020
 -5.4153914675012347e+03 1.3092157611861088e+04 -1.1512140206056660e+04 9.3584628599999996e+03 02020
 4.7388278124422089e+02 4.1790391124576354e+02 9.6118999731401618e+02 6.0264629700000000e+01 10120
 0.0000000000000000e+00 -7.4294217703398226e+03 0.0000000000000000e+00 -6.9720597099999998e+02 01120
 0.0000000000000000e+00 -3.4891513621300186e+02 2.4361854647428297e+02 7.2697501299999999e+02 00220
 0.0000000000000000e+00 -6.1739591457513006e+03 2.9320109966292682e+02 5.3606629499999997e+02 10030
 -6.0489009194588962e+03 3.3535087096357995e+04 0.0000000000000000e+00 -2.3364836399999999e+03 01030
 0.0000000000000000e+00 9.7224630913736565e+00 0.0000000000000000e+00 -1.6674671400000000e+03 00130
 0.0000000000000000e+00 0.0000000000000000e+00 0.0000000000000000e+00 3.9121164899999999e+03 00040
 1.9647284246388853e+01 -2.4883761955647857e-01 1.0883221449356445e-01 4.9678190300000002e+00 50000
 -3.3122335348882848e+02 1.1117667361234573e+00 0.0000000000000000e+00 -2.1463550799999999e+02 41000
 0.0000000000000000e+00 0.0000000000000000e+00 0.0000000000000000e+00 3.4385126599999999e+03 32000
 3.0571022749005551e+04 0.0000000000000000e+00 0.0000000000000000e+00 -2.7888407800000001e+04 23000
 -2.1190528225927922e+05 -8.3492234663351564e+02 0.0000000000000000e+00 1.1885052899999999e+05 14000
 4.5168136899207055e+05 1.4355421332997969e+03 0.0000000000000000e+00 -2.0979779999999999e+05 05000
 1.0436131506308178e+02 -1.1672256540451530e+01 -1.6281086699022568e-01 3.0790796100000000e+00 40100
 -1.9875837810163987e+03 1.8701573756682188e+02 0.0000000000000000e+00 -7.1757031799999993e+01 31100
 1.0246220645625845e+04 0.0000000000000000e+00 0.0000000000000000e+00 1.7523077900000001e+02 22100
 0.0000000000000000e+00 -1.0616592568955204e+04 0.0000000000000000e+00 3.6607079199999998e+03 13100
 -5.7675768619024624e+04 3.9591274272451381e+04 -2.8702146764057484e+03 -1.8679771700000001e+04 04100
 1.1573265813504070e+01 -1.6291969173335175e+01 6.4249757470437641e-01 -9.8292970799999999e+00 30200
 1.5351940332438069e+01 5.7289647875482586e+01 0.0000000000000000e+00 2.2322339500000001e+02 21200
 -1.6032497397044954e+03 1.9665256756721570e+02 0.0000000000000000e+00 -1.9345593400000000e+03 12200
 5.5942943882735754e+03 -3.2851900254142483e+03 0.0000000000000000e+00 6.2959604900000004e+03 03200
 0.0000000000000000e+00 0.0000000000000000e+00 0.0000000000000000e+00 7.5324127100000000e+00 20300
 0.0000000000000000e+00 0.0000000000000000e+00 0.0000000000000000e+00 -1.7311873199999999e+02 11300
 2.4320280769972550e+02 -3.5062621981867136e+02 9.2883793591716426e+01 1.0774482200000000e+03 02300
 2.3030188160883888e+01 4.4253103749787179e+01 0.0000000000000000e+00 -1.1124031400000001e+00 10400
 -2.6102361457164892e+02 1.9768502922240669e+00 0.0000000000000000e+00 -1.0768688200000000e+02 01400
 -1.9943132808341455e-02 1.1781736344179133e+02 -3.1971599087138525e+01 -1.3675491200000001e+00 00500
 -1.1385336044628957e+03 1.7599823027227444e+02 0.0000000000000000e+00 -4.8581986499999999e+01 40010
 2.1205660299507184e+04 -1.4377351815996365e+03 0.0000000000000000e+00 1.9529719100000000e+03 31010
 -1.0978638420127987e+05 -2.2001430749178759e+04 0.0000000000000000e+00 -2.0776508900000001e+04 22010
 0.0000000000000000e+00 2.8250551299806597e+05 0.0000000000000000e+00 7.9440774900000004e+04 13010
 8.2164993676877487e+05 -8.1397022921143519e+05 0.0000000000000000e+00 -7.1841567599999995e+04 04010
 0.0000000000000000e+00 -6.6105071508721119e+02 0.0000000000000000e+00 6.3779292800000000e+01 30110
 -8.9011949235510576e+02 1.2171545559888193e+04 0.0000000000000000e+00 -1.7658266000000001e+03 21110
 0.0000000000000000e+00 -4.7070787038641960e+04 0.0000000000000000e+00 1.1961652899999999e+04 12110
 5.0863294153149654e+04 6.0039033955879408e+04 0.0000000000000000e+00 -3.6062570899999999e+04 03110
 0.0000000000000000e+00 -2.7349127412013786e+02 0.0000000000000000e+00 -8.6987571199999998e+00 20210
 -1.1334656216805936e+03 0.0000000000000000e+00 0.0000000000000000e+00 1.6077307200000000e+03 11210
 0.0000000000000000e+00 0.0000000000000000e+00 0.0000000000000000e+00 -1.1675984399999999e+04 02210
 0.0000000000000000e+00 0.0000000000000000e+00 0.0000000000000000e+00 1.6598224700000000e+02 10310
 0.0000000000000000e+00 3.2196642731309089e+02 -6.7243475618590696e+02 9.4686973100000000e+02 01310
 0.0000000000000000e+00 0.0000000000000000e+00 0.0000000000000000e+00 1.6439557600000001e+02 00410
 -4.0046740728089771e+03 7.6462162129779827e+03 0.0000000000000000e+00 -2.4076491099999998e+03 30020
 1.0087935574165100e+05 -1.0990500436248105e+05 0.0000000000000000e+00 5.5520991600000001e+04 21020
 -8.5162226406497986e+05 3.0032565478257736e+05 0.0000000000000000e+00 -4.1814969699999999e+05 12020
 2.3667770356627619e+06 0.0000000000000000e+00 0.0000000000000000e+00 1.1185970900000001e+06 03020
 -4.8332847652799541e+02 0.0000000000000000e+00 0.0000000000000000e+00 3.3250162999999998e+02 20120
 0.0000000000000000e+00 0.0000000000000000e+00 0.0000000000000000e+00 -1.4254245100000000e+04 11120
 0.0000000000000000e+00 0.0000000000000000e+00 0.0000000000000000e+00 5.2657758800000003e+04 02120
 0.0000000000000000e+00 0.0000000000000000e+00 0.0000000000000000e+00 -3.9989584300000001e+03 10220
 0.0000000000000000e+00 0.0000000000000000e+00 0.0000000000000000e+00 2.5102144300000000e+04 01220
 0.0000000000000000e+00 -8.4863047885929027e+03 0.0000000000000000e+00 9.0266857599999994e+01 00320
 0.0000000000000000e+00 0.0000000000000000e+00 2.5948600963042398e+04 -9.3089900000000000e+02 20030
 5.6691647194685334e+04 -1.1476036838790232e+05 0.0000000000000000e+00 3.9788767800000001e+04 11030
 0.0000000000000000e+00 6.6660771627623297e+05 0.0000000000000000e+00 -1.1875274700000000e+05 02030
 0.0000000000000000e+00 0.0000000000000000e+00 0.0000000000000000e+00 2.9493169800000000e+04 10130
 0.0000000000000000e+00 0.0000000000000000e+00 0.0000000000000000e+00 -2.5987719800000000e+05 01130
 5.7235656184251566e+03 0.0000000000000000e+00 0.0000000000000000e+00 1.1004152400000000e+03 00230
 -6.4048442310501359e+03 -1.0522087996256459e+05 0.0000000000000000e+00 -1.3196676600000001e+04 10040
 0.0000000000000000e+00 0.0000000000000000e+00 0.0000000000000000e+00 3.0309427799999999e+05 01040
 0.0000000000000000e+00 1.2810709400551541e+05 1.3273813352397428e+05 -1.7333469400000002e+04 00140
 0.0000000000000000e+00 -1.2424762647908330e+06 0.0000000000000000e+00 3.0963153100000000e+04 00050
 -2.0363415290129090e+01 1.1952994748087160e+00 -9.8924814150116822e-02 0.0000000000000000e+00 60000
 3.1071089864876063e+02 0.0000000000000000e+00 0.0000000000000000e+00 0.0000000000000000e+00 51000
 0.0000000000000000e+00 -1.1097570375726761e+02 0.0000000000000000e+00 0.0000000000000000e+00 42000
 0.0000000000000000e+00 8.2060678115033170e+01 6.3464169286376659e+01 0.0000000000000000e+00 33000
 -3.0773350269312738e+05 0.0000000000000000e+00 0.0000000000000000e+00 0.0000000000000000e+00 24000
 2.6736463090823567e+06 0.0000000000000000e+00 0.0000000000000000e+00 0.0000000000000000e+00 15000
 -6.5423268927209359e+06 7.8127859286258317e+04 0.0000000000000000e+00 0.0000000000000000e+00 06000
 -1.1508364028063129e+02 0.0000000000000000e+00 -3.1591574623336816e-01 0.0000000000000000e+00 50100
 2.1620763800043874e+03 -5.7219286120272088e+01 0.0000000000000000e+00 0.0000000000000000e+00 41100
 -9.7211856826900203e+03 0.0000000000000000e+00 0.0000000000000000e+00 0.0000000000000000e+00 32100
 0.0000000000000000e+00 -8.2870840034277244e+03 0.0000000000000000e+00 0.0000000000000000e+00 23100
 0.0000000000000000e+00 1.4167822423721509e+05 0.0000000000000000e+00 0.0000000000000000e+00 14100
 -1.7164057742298723e+05 -5.6039166701109346e+05 3.1007162537383196e+04 0.0000000000000000e+00 05100
 -3.5257615593018450e+01 1.9544345681550233e+01 0.0000000000000000e+00 0.0000000000000000e+00 40200
 2.2438751340958964e+02 0.0000000000000000e+00 0.0000000000000000e+00 0.0000000000000000e+00 31200
 0.0000000000000000e+00 0.0000000000000000e+00 0.0000000000000000e+00 0.0000000000000000e+00 22200
 0.0000000000000000e+00 0.0000000000000000e+00 0.0000000000000000e+00 0.0000000000000000e+00 13200
 -6.2562491541541485e+03 7.3711766789661915e+03 0.0000000000000000e+00 0.0000000000000000e+00 04200
 0.0000000000000000e+00 7.0848218497290389e+01 0.0000000000000000e+00 0.0000000000000000e+00 30300
 0.0000000000000000e+00 0.0000000000000000e+00 0.0000000000000000e+00 0.0000000000000000e+00 21300
 0.0000000000000000e+00 1.1379880448557217e+03 0.0000000000000000e+00 0.0000000000000000e+00 12300
 6.2942237039216813e+01 0.0000000000000000e+00 2.6703516603359312e+03 0.0000000000000000e+00 03300
 0.0000000000000000e+00 -8.8551577619604018e+01 -2.9154506153266939e+00 0.0000000000000000e+00 20400
 4.6590237150361401e+02 0.0000000000000000e+00 0.0000000000000000e+00 0.0000000000000000e+00 11400
 0.0000000000000000e+00 0.0000000000000000e+00 2.1956707403498282e+02 0.0000000000000000e+00 02400
 0.0000000000000000e+00 -2.5388606001955532e+02 7.1624663388772973e+01 0.0000000000000000e+00 10500
 0.0000000000000000e+00 -8.5486823409537612e+02 0.0000000000000000e+00 0.0000000000000000e+00 01500
 -5.7273960935777581e+01 -1.8619209507171212e+02 0.0000000000000000e+00 0.0000000000000000e+00 00600
 2.1694192115348260e+03 -8.8170872121174696e+01 0.0000000000000000e+00 0.0000000000000000e+00 50010
 -4.4122034690935921e+04 0.0000000000000000e+00 0.0000000000000000e+00 0.0000000000000000e+00 41010
 2.2650853922514038e+05 3.3824220591090147e+04 0.0000000000000000e+00 0.0000000000000000e+00 32010
 0.0000000000000000e+00 0.0000000000000000e+00 -1.4629846108259253e+04 0.0000000000000000e+00 23010
 0.0000000000000000e+00 -3.0835676875566412e+06 0.0000000000000000e+00 0.0000000000000000e+00 14010
 -4.9382447195319310e+06 1.2934192031837458e+07 0.0000000000000000e+00 0.0000000000000000e+00 05010
 3.1991235783026781e+02 3.0656525148295412e+02 0.0000000000000000e+00 0.0000000000000000e+00 40110
 -2.8459163799052844e+03 0.0000000000000000e+00 0.0000000000000000e+00 0.0000000000000000e+00 31110
 0.0000000000000000e+00 -2.0000215196242402e+05 0.0000000000000000e+00 0.0000000000000000e+00 22110
 0.0000000000000000e+00 1.7902971732447634e+06 0.0000000000000000e+00 0.0000000000000000e+00 13110
 0.0000000000000000e+00 -4.5288811099589029e+06 0.0000000000000000e+00 0.0000000000000000e+00 04110
 0.0000000000000000e+00 -6.2523990582357919e+02 1.1941413329679365e+02 0.0000000000000000e+00 30210
 0.0000000000000000e+00 -2.9909064690984842e+03 -3.1309693102416290e+03 0.0000000000000000e+00 21210
 0.0000000000000000e+00 0.0000000000000000e+00 0.0000000000000000e+00 0.0000000000000000e+00 12210
 0.0000000000000000e+00 1.4302057063528555e+05 0.0000000000000000e+00 0.0000000000000000e+00 03210
 0.0000000000000000e+00 2.0416558309823729e+03 -1.0355107732391446e+02 0.0000000000000000e+00 20310
 3.6331037895412428e+03 0.0000000000000000e+00 0.0000000000000000e+00 0.0000000000000000e+00 11310
 0.0000000000000000e+00 0.0000000000000000e+00 0.0000000000000000e+00 0.0000000000000000e+00 02310
 0.0000000000000000e+00 0.0000000000000000e+00 0.0000000000000000e+00 0.0000000000000000e+00 10410
 0.0000000000000000e+00 1.0456531180429194e+04 0.0000000000000000e+00 0.0000000000000000e+00 01410
 0.0000000000000000e+00 0.0000000000000000e+00 0.0000000000000000e+00 0.0000000000000000e+00 00510
 0.0000000000000000e+00 -1.2857080194506321e+04 0.0000000000000000e+00 0.0000000000000000e+00 40020
 0.0000000000000000e+00 1.9228524526602717e+05 5.6756709628657336e+03 0.0000000000000000e+00 31020
 0.0000000000000000e+00 0.0000000000000000e+00 0.0000000000000000e+00 0.0000000000000000e+00 22020
 0.0000000000000000e+00 -8.0070922032184247e+06 0.0000000000000000e+00 0.0000000000000000e+00 13020
 2.1655578848493490e+06 2.3659522557718940e+07 -1.1305569927263672e+06 0.0000000000000000e+00 04020
 0.0000000000000000e+00 0.0000000000000000e+00 0.0000000000000000e+00 0.0000000000000000e+00 30120
 0.0000000000000000e+00 0.0000000000000000e+00 0.0000000000000000e+00 0.0000000000000000e+00 21120
 0.0000000000000000e+00 -5.8330893651981046e+05 0.0000000000000000e+00 0.0000000000000000e+00 12120
 0.0000000000000000e+00 0.0000000000000000e+00 0.0000000000000000e+00 0.0000000000000000e+00 03120
 0.0000000000000000e+00 -1.0282190267500794e+03 0.0000000000000000e+00 0.0000000000000000e+00 20220
 0.0000000000000000e+00 0.0000000000000000e+00 0.0000000000000000e+00 0.0000000000000000e+00 11220
 -8.0498655199939327e+05 0.0000000000000000e+00 0.0000000000000000e+00 0.0000000000000000e+00 02220
 0.0000000000000000e+00 7.7976457519770891e+04 0.0000000000000000e+00 0.0000000000000000e+00 10320
 8.3884501281249268e+03 0.0000000000000000e+00 0.0000000000000000e+00 0.0000000000000000e+00 01320
 0.0000000000000000e+00 4.4577050857768802e+04 0.0000000000000000e+00 0.0000000000000000e+00 00420
 0.0000000000000000e+00 1.4217865466803743e+04 0.0000000000000000e+00 0.0000000000000000e+00 30030
 -1.2180009349780469e+05 0.0000000000000000e+00 4.6756591617742134e+05 0.0000000000000000e+00 21030
 0.0000000000000000e+00 0.0000000000000000e+00 0.0000000000000000e+00 0.0000000000000000e+00 12030
 0.0000000000000000e+00 1.1404904439883457e+07 -4.4246873456913149e+06 0.0000000000000000e+00 03030
 0.0000000000000000e+00 0.0000000000000000e+00 0.0000000000000000e+00 0.0000000000000000e+00 20130
 0.0000000000000000e+00 0.0000000000000000e+00 0.0000000000000000e+00 0.0000000000000000e+00 11130
 0.0000000000000000e+00 0.0000000000000000e+00 0.0000000000000000e+00 0.0000000000000000e+00 02130
 0.0000000000000000e+00 -5.1374014402576018e+05 -2.6471121044885885e+05 0.0000000000000000e+00 10230
 0.0000000000000000e+00 0.0000000000000000e+00 0.0000000000000000e+00 0.0000000000000000e+00 01230
 0.0000000000000000e+00 -2.0280063246283139e+05 -3.8322150440295432e+03 0.0000000000000000e+00 00330
 -7.2041971042624536e+03 0.0000000000000000e+00 -5.2975591526252865e+04 0.0000000000000000e+00 20040
 0.0000000000000000e+00 -1.7981968824117840e+06 0.0000000000000000e+00 0.0000000000000000e+00 11040
 1.5025362446048038e+07 0.0000000000000000e+00 -5.1138370038454030e+06 0.0000000000000000e+00 02040
 0.0000000000000000e+00 0.0000000000000000e+00 1.6606707199163553e+06 0.0000000000000000e+00 10140
 0.0000000000000000e+00 0.0000000000000000e+00 0.0000000000000000e+00 0.0000000000000000e+00 01140
 0.0000000000000000e+00 0.0000000000000000e+00 0.0000000000000000e+00 0.0000000000000000e+00 00240
 0.0000000000000000e+00 -1.7221947310198579e+05 0.0000000000000000e+00 0.0000000000000000e+00 10050
 4.9428765715040015e+06 4.7644276769717298e+06 0.0000000000000000e+00 0.0000000000000000e+00 01050
 1.4739451537400212e+06 0.0000000000000000e+00 0.0000000000000000e+00 0.0000000000000000e+00 00150
 0.0000000000000000e+00 0.0000000000000000e+00 -1.6932307079094745e+07 0.0000000000000000e+00 00060
 1.1258424199999999e+00 0.0000000000000000e+00 0.0000000000000000e+00 7.6817769999999996e-01 00001
 -3.3092960599999999e+00 0.0000000000000000e+00 0.0000000000000000e+00 -1.2482495400000000e+00 10001
 9.5582156000000005e+00 0.0000000000000000e+00 0.0000000000000000e+00 7.1898036500000000e+00 01001
 -1.2807550800000000e+01 0.0000000000000000e+00 0.0000000000000000e+00 -1.7948002400000000e+00 00002
 3.1328287000000000e+01 0.0000000000000000e+00 0.0000000000000000e+00 4.3097902599999998e+00 20001
 -3.6635859399999998e+02 0.0000000000000000e+00 0.0000000000000000e+00 -4.7514103499999997e+01 11001
 1.2812726399999999e+03 0.0000000000000000e+00 0.0000000000000000e+00 1.2740499699999999e+02 02001
 8.4649294600000005e+00 0.0000000000000000e+00 0.0000000000000000e+00 1.5213236200000000e+00 00201
 -2.1218133200000000e+02 0.0000000000000000e+00 0.0000000000000000e+00 -4.4842024199999997e+01 00111
 8.6216804499999995e+01 0.0000000000000000e+00 0.0000000000000000e+00 1.3903586900000001e+01 10002
 -2.0237557699999999e+02 0.0000000000000000e+00 0.0000000000000000e+00 -7.5177002500000000e+01 01002
 1.2924057499999999e+03 0.0000000000000000e+00 0.0000000000000000e+00 3.3294530099999997e+02 00021
 1.5246574300000000e+02 4.1239841799999999e+02 -1.1855168000000000e+02 0.0000000000000000e+00 00012
 5.6814234300000003e+01 0.0000000000000000e+00 0.0000000000000000e+00 1.5595186500000001e+01 00003
 -1.1109064100000001e+02 0.0000000000000000e+00 0.0000000000000000e+00 -1.5717735800000000e+01 30001
 1.3012309000000000e+03 0.0000000000000000e+00 0.0000000000000000e+00 2.4992499500000000e+02 21001
 -3.3776413699999998e+03 0.0000000000000000e+00 0.0000000000000000e+00 -1.2056100300000001e+03 12001
 -1.0805725299999999e+03 0.0000000000000000e+00 0.0000000000000000e+00 1.6507063800000001e+03 03001
 -2.0675836699999999e+02 0.0000000000000000e+00 0.0000000000000000e+00 -8.6394541199999999e+00 10201
 1.2861228000000001e+03 0.0000000000000000e+00 0.0000000000000000e+00 5.1734533999999996e+01 01201
 4.5738898999999998e+02 0.0000000000000000e+00 0.0000000000000000e+00 2.4632876999999999e+02 10111
 3.1552100700000000e+02 0.0000000000000000e+00 0.0000000000000000e+00 -1.4688802499999999e+03 01111
 -2.8637608399999999e+00 0.0000000000000000e+00 0.0000000000000000e+00 -7.7696205800000001e+01 20002
 -2.8453250400000002e+02 0.0000000000000000e+00 0.0000000000000000e+00 8.0826721799999996e+02 11002
 -5.4968678599999997e+01 0.0000000000000000e+00 0.0000000000000000e+00 -1.8872739300000001e+03 02002
 -8.9490322900000001e+02 0.0000000000000000e+00 0.0000000000000000e+00 -1.3172162699999999e+01 00202
 -5.8186814800000001e+01 0.0000000000000000e+00 0.0000000000000000e+00 -1.7587238100000000e+03 10021
 2.8100110300000001e+01 0.0000000000000000e+00 0.0000000000000000e+00 1.0443614200000000e+04 01021
 2.4986902400000002e+01 0.0000000000000000e+00 0.0000000000000000e+00 3.7717688900000002e+02 00112
 -4.7104892700000001e+00 0.0000000000000000e+00 0.0000000000000000e+00 -1.7433297400000001e+02 10003
 -9.4935661400000004e-01 0.0000000000000000e+00 0.0000000000000000e+00 8.9351807699999995e+02 01003
 5.9109615599999996e+00 0.0000000000000000e+00 0.0000000000000000e+00 -2.7085707800000000e+03 00022
 1.0590745000000000e-01 0.0000000000000000e+00 0.0000000000000000e+00 -1.4915634900000001e+02 00004
 7.4420433400000000e-02 0.0000000000000000e+00 0.0000000000000000e+00 0.0000000000000000e+00 00101
 -9.3204445700000005e-01 0.0000000000000000e+00 0.0000000000000000e+00 0.0000000000000000e+00 00011
 2.8452158100000000e+00 0.0000000000000000e+00 0.0000000000000000e+00 0.0000000000000000e+00 10101
 -2.5439373000000000e+01 0.0000000000000000e+00 0.0000000000000000e+00 0.0000000000000000e+00 01101
 1.3705155500000000e+01 0.0000000000000000e+00 0.0000000000000000e+00 0.0000000000000000e+00 10011
 -7.2542508699999999e+01 0.0000000000000000e+00 0.0000000000000000e+00 0.0000000000000000e+00 01011
 1.1188551900000000e+01 0.0000000000000000e+00 0.0000000000000000e+00 0.0000000000000000e+00 00102
 -2.9857603999999998e+01 0.0000000000000000e+00 0.0000000000000000e+00 0.0000000000000000e+00 20101
 2.5760759400000001e+02 0.0000000000000000e+00 0.0000000000000000e+00 0.0000000000000000e+00 11101
 2.2280062200000000e+02 0.0000000000000000e+00 0.0000000000000000e+00 0.0000000000000000e+00 02101
 -5.7470399800000003e+00 0.0000000000000000e+00 0.0000000000000000e+00 0.0000000000000000e+00 00301
 -5.8377417100000002e+01 0.0000000000000000e+00 0.0000000000000000e+00 0.0000000000000000e+00 20011
 -7.5798640700000007e+01 0.0000000000000000e+00 0.0000000000000000e+00 0.0000000000000000e+00 11011
 -2.0030666900000000e+01 0.0000000000000000e+00 0.0000000000000000e+00 0.0000000000000000e+00 02011
 8.1569985000000003e+01 0.0000000000000000e+00 0.0000000000000000e+00 0.0000000000000000e+00 00211
 3.9907235700000001e+01 0.0000000000000000e+00 0.0000000000000000e+00 0.0000000000000000e+00 10102
 2.6133789799999999e+01 0.0000000000000000e+00 0.0000000000000000e+00 0.0000000000000000e+00 01102
 1.1102801200000000e+01 0.0000000000000000e+00 0.0000000000000000e+00 0.0000000000000000e+00 00121
 1.5806418400000000e+01 0.0000000000000000e+00 0.0000000000000000e+00 0.0000000000000000e+00 10012
 2.5233279000000000e+00 0.0000000000000000e+00 0.0000000000000000e+00 0.0000000000000000e+00 01012
 1.4961163900000001e+00 0.0000000000000000e+00 0.0000000000000000e+00 0.0000000000000000e+00 00103
 2.9442717200000001e+00 0.0000000000000000e+00 0.0000000000000000e+00 0.0000000000000000e+00 00031
 1.9644430600000001e-01 0.0000000000000000e+00 0.0000000000000000e+00 0.0000000000000000e+00 00013
 1.6957368000000000e+02 0.0000000000000000e+00 0.0000000000000000e+00 0.0000000000000000e+00 40001
 -1.1884030900000000e+03 0.0000000000000000e+00 0.0000000000000000e+00 0.0000000000000000e+00 31001
 -2.5640085899999999e+03 0.0000000000000000e+00 0.0000000000000000e+00 0.0000000000000000e+00 22001
 -7.9612626599999999e+02 0.0000000000000000e+00 0.0000000000000000e+00 0.0000000000000000e+00 13001
 -1.7013585599999999e+02 0.0000000000000000e+00 0.0000000000000000e+00 0.0000000000000000e+00 04001
 2.5273732400000000e+01 0.0000000000000000e+00 0.0000000000000000e+00 0.0000000000000000e+00 30101
 -3.0211779799999999e+02 0.0000000000000000e+00 0.0000000000000000e+00 0.0000000000000000e+00 21101
 1.0508874799999999e+01 0.0000000000000000e+00 0.0000000000000000e+00 0.0000000000000000e+00 12101
 1.7954560900000001e+01 0.0000000000000000e+00 0.0000000000000000e+00 0.0000000000000000e+00 03101
 3.9304286900000000e+02 0.0000000000000000e+00 0.0000000000000000e+00 0.0000000000000000e+00 20201
 -2.6547935800000000e+03 0.0000000000000000e+00 0.0000000000000000e+00 0.0000000000000000e+00 11201
 -6.7520795899999996e+02 0.0000000000000000e+00 0.0000000000000000e+00 0.0000000000000000e+00 02201
 3.1537455800000000e+01 0.0000000000000000e+00 0.0000000000000000e+00 0.0000000000000000e+00 10301
 -6.6287274900000000e+01 0.0000000000000000e+00 0.0000000000000000e+00 0.0000000000000000e+00 01301
 1.1048366800000000e+01 0.0000000000000000e+00 0.0000000000000000e+00 0.0000000000000000e+00 00401
 5.3995273300000001e+01 0.0000000000000000e+00 0.0000000000000000e+00 0.0000000000000000e+00 30011
 1.9851422299999999e+01 0.0000000000000000e+00 0.0000000000000000e+00 0.0000000000000000e+00 21011
 6.9951277899999997e+00 0.0000000000000000e+00 0.0000000000000000e+00 0.0000000000000000e+00 12011
 2.0305896899999998e+00 0.0000000000000000e+00 0.0000000000000000e+00 0.0000000000000000e+00 03011
 -4.1475572199999999e+02 0.0000000000000000e+00 0.0000000000000000e+00 0.0000000000000000e+00 20111
 -2.4292429500000000e+02 0.0000000000000000e+00 0.0000000000000000e+00 0.0000000000000000e+00 11111
 -5.3283176900000001e+01 0.0000000000000000e+00 0.0000000000000000e+00 0.0000000000000000e+00 02111
 1.4085442600000000e+01 0.0000000000000000e+00 0.0000000000000000e+00 0.0000000000000000e+00 10211
 -7.1897002499999996e+00 0.0000000000000000e+00 0.0000000000000000e+00 0.0000000000000000e+00 01211
 4.6617528200000002e+01 0.0000000000000000e+00 0.0000000000000000e+00 0.0000000000000000e+00 00311
 3.2702350999999999e+02 0.0000000000000000e+00 0.0000000000000000e+00 0.0000000000000000e+00 30002
 -4.6760376399999998e+01 0.0000000000000000e+00 0.0000000000000000e+00 0.0000000000000000e+00 21002
 -1.3113077600000000e+01 0.0000000000000000e+00 0.0000000000000000e+00 0.0000000000000000e+00 12002
 -2.1460877500000000e+00 0.0000000000000000e+00 0.0000000000000000e+00 0.0000000000000000e+00 03002
 -4.0516263400000003e+02 0.0000000000000000e+00 0.0000000000000000e+00 0.0000000000000000e+00 20102
 -3.7832739400000001e+01 0.0000000000000000e+00 0.0000000000000000e+00 0.0000000000000000e+00 11102
 -3.2861643300000001e+00 0.0000000000000000e+00 0.0000000000000000e+00 0.0000000000000000e+00 02102
 -7.9775662299999999e+02 0.0000000000000000e+00 0.0000000000000000e+00 0.0000000000000000e+00 10202
 -1.0025346300000000e+02 0.0000000000000000e+00 0.0000000000000000e+00 0.0000000000000000e+00 01202
 -5.8149400000000000e+01 0.0000000000000000e+00 0.0000000000000000e+00 0.0000000000000000e+00 00302
 -4.9721882500000000e+01 0.0000000000000000e+00 0.0000000000000000e+00 0.0000000000000000e+00 20021
 -2.3494000000000000e+01 0.0000000000000000e+00 0.0000000000000000e+00 0.0000000000000000e+00 11021
 -4.6306529500000000e+00 0.0000000000000000e+00 0.0000000000000000e+00 0.0000000000000000e+00 02021
 -7.0125265800000003e+00 0.0000000000000000e+00 0.0000000000000000e+00 0.0000000000000000e+00 10121
 -1.6612841400000000e+00 0.0000000000000000e+00 0.0000000000000000e+00 0.0000000000000000e+00 01121
 8.9976115900000000e+00 0.0000000000000000e+00 0.0000000000000000e+00 0.0000000000000000e+00 00221
 -2.6915856399999999e+01 0.0000000000000000e+00 0.0000000000000000e+00 0.0000000000000000e+00 20012
 -2.9374057699999998e+00 0.0000000000000000e+00 0.0000000000000000e+00 0.0000000000000000e+00 11012
 -2.8169995599999997e-01 0.0000000000000000e+00 0.0000000000000000e+00 0.0000000000000000e+00 02012
 -4.4261380600000003e+01 0.0000000000000000e+00 0.0000000000000000e+00 0.0000000000000000e+00 10112
 -5.1887392600000002e+00 0.0000000000000000e+00 0.0000000000000000e+00 0.0000000000000000e+00 01112
 -2.3091301500000001e+00 0.0000000000000000e+00 0.0000000000000000e+00 0.0000000000000000e+00 00212
 1.2974281100000001e+01 0.0000000000000000e+00 0.0000000000000000e+00 0.0000000000000000e+00 20003
 1.2986379400000001e+00 0.0000000000000000e+00 0.0000000000000000e+00 0.0000000000000000e+00 11003
 1.7931982099999999e-01 0.0000000000000000e+00 0.0000000000000000e+00 0.0000000000000000e+00 02003
 3.5963604300000002e-01 0.0000000000000000e+00 0.0000000000000000e+00 0.0000000000000000e+00 10103
 -6.8600012500000002e-02 0.0000000000000000e+00 0.0000000000000000e+00 0.0000000000000000e+00 01103
 4.7989772600000002e-01 0.0000000000000000e+00 0.0000000000000000e+00 0.0000000000000000e+00 00203
 -1.5183764099999999e+00 0.0000000000000000e+00 0.0000000000000000e+00 0.0000000000000000e+00 10031
 -2.5950537600000001e-01 0.0000000000000000e+00 0.0000000000000000e+00 0.0000000000000000e+00 01031
 1.2137887100000000e+00 0.0000000000000000e+00 0.0000000000000000e+00 0.0000000000000000e+00 00131
 -3.8339448699999998e+00 0.0000000000000000e+00 0.0000000000000000e+00 0.0000000000000000e+00 10022
 -4.4880310099999998e-01 0.0000000000000000e+00 0.0000000000000000e+00 0.0000000000000000e+00 01022
 4.3274224600000001e-02 0.0000000000000000e+00 0.0000000000000000e+00 0.0000000000000000e+00 00122
 4.3379578000000002e-02 0.0000000000000000e+00 0.0000000000000000e+00 0.0000000000000000e+00 10013
 3.8101713399999999e-04 0.0000000000000000e+00 0.0000000000000000e+00 0.0000000000000000e+00 01013
 7.1732702300000006e-02 0.0000000000000000e+00 0.0000000000000000e+00 0.0000000000000000e+00 00113
 4.0493515200000002e-03 0.0000000000000000e+00 0.0000000000000000e+00 0.0000000000000000e+00 10004
 -7.0401424799999997e-04 0.0000000000000000e+00 0.0000000000000000e+00 0.0000000000000000e+00 01004
 4.1771769200000001e-03 0.0000000000000000e+00 0.0000000000000000e+00 0.0000000000000000e+00 00104
 2.6521246799999998e-01 0.0000000000000000e+00 0.0000000000000000e+00 0.0000000000000000e+00 00041
 3.4293861799999999e-02 0.0000000000000000e+00 0.0000000000000000e+00 0.0000000000000000e+00 00032
 2.7421903000000001e-02 0.0000000000000000e+00 0.0000000000000000e+00 0.0000000000000000e+00 00023
 3.8234677400000002e-03 0.0000000000000000e+00 0.0000000000000000e+00 0.0000000000000000e+00 00014
 1.4659581000000001e-03 0.0000000000000000e+00 0.0000000000000000e+00 0.0000000000000000e+00 00005
 -2.2197897499999999e+02 0.0000000000000000e+00 0.0000000000000000e+00 0.0000000000000000e+00 50001
 2.0814843300000002e+03 0.0000000000000000e+00 0.0000000000000000e+00 0.0000000000000000e+00 41001
 -4.3056093600000003e+02 0.0000000000000000e+00 0.0000000000000000e+00 0.0000000000000000e+00 32001
 -2.1805028799999999e+02 0.0000000000000000e+00 0.0000000000000000e+00 0.0000000000000000e+00 23001
 -5.5584450099999998e+01 0.0000000000000000e+00 0.0000000000000000e+00 0.0000000000000000e+00 14001
 -1.1364256800000000e+01 0.0000000000000000e+00 0.0000000000000000e+00 0.0000000000000000e+00 05001
 1.0843246300000000e+02 0.0000000000000000e+00 0.0000000000000000e+00 0.0000000000000000e+00 40101
 -9.3186493399999995e+02 0.0000000000000000e+00 0.0000000000000000e+00 0.0000000000000000e+00 31101
 -1.9297715800000000e+02 0.0000000000000000e+00 0.0000000000000000e+00 0.0000000000000000e+00 22101
 -2.8647338300000001e+01 0.0000000000000000e+00 0.0000000000000000e+00 0.0000000000000000e+00 13101
 -3.4101753399999999e+00 0.0000000000000000e+00 0.0000000000000000e+00 0.0000000000000000e+00 04101
 6.1327849800000003e+01 0.0000000000000000e+00 0.0000000000000000e+00 0.0000000000000000e+00 30201
 -4.3628918599999999e+01 0.0000000000000000e+00 0.0000000000000000e+00 0.0000000000000000e+00 21201
 -4.7152181900000002e+01 0.0000000000000000e+00 0.0000000000000000e+00 0.0000000000000000e+00 12201
 -1.4919883000000000e+01 0.0000000000000000e+00 0.0000000000000000e+00 0.0000000000000000e+00 03201
 5.8831090099999997e+01 0.0000000000000000e+00 0.0000000000000000e+00 0.0000000000000000e+00 20301
 -3.6337865000000001e+01 0.0000000000000000e+00 0.0000000000000000e+00 0.0000000000000000e+00 11301
 -8.0151232799999992e+00 0.0000000000000000e+00 0.0000000000000000e+00 0.0000000000000000e+00 02301
 -1.0494428700000000e+02 0.0000000000000000e+00 0.0000000000000000e+00 0.0000000000000000e+00 10401
 3.4771335299999997e+01 0.0000000000000000e+00 0.0000000000000000e+00 0.0000000000000000e+00 01401
 -1.2228812499999999e+02 0.0000000000000000e+00 0.0000000000000000e+00 0.0000000000000000e+00 00501
 -7.7545342300000002e+01 0.0000000000000000e+00 0.0000000000000000e+00 0.0000000000000000e+00 40011
 -6.4131444900000005e+01 0.0000000000000000e+00 0.0000000000000000e+00 0.0000000000000000e+00 31011
 -1.3985750500000000e+01 0.0000000000000000e+00 0.0000000000000000e+00 0.0000000000000000e+00 22011
 -2.3365408200000002e+00 0.0000000000000000e+00 0.0000000000000000e+00 0.0000000000000000e+00 13011
 -3.4059649100000000e-01 0.0000000000000000e+00 0.0000000000000000e+00 0.0000000000000000e+00 04011
 2.9339419400000001e+01 0.0000000000000000e+00 0.0000000000000000e+00 0.0000000000000000e+00 30111
 4.8114933100000002e+01 0.0000000000000000e+00 0.0000000000000000e+00 0.0000000000000000e+00 21111
 9.5017492400000005e+00 0.0000000000000000e+00 0.0000000000000000e+00 0.0000000000000000e+00 12111
 1.3883754100000001e+00 0.0000000000000000e+00 0.0000000000000000e+00 0.0000000000000000e+00 03111
 5.2479251499999997e+01 0.0000000000000000e+00 0.0000000000000000e+00 0.0000000000000000e+00 20211
 3.8005874199999998e+00 0.0000000000000000e+00 0.0000000000000000e+00 0.0000000000000000e+00 11211
 2.3455513600000000e-01 0.0000000000000000e+00 0.0000000000000000e+00 0.0000000000000000e+00 02211
 3.9580808500000003e+01 0.0000000000000000e+00 0.0000000000000000e+00 0.0000000000000000e+00 10311
 1.5256354200000001e+01 0.0000000000000000e+00 0.0000000000000000e+00 0.0000000000000000e+00 01311
 -7.2808032699999998e+00 0.0000000000000000e+00 0.0000000000000000e+00 0.0000000000000000e+00 00411
 -5.9749734599999999e+02 0.0000000000000000e+00 0.0000000000000000e+00 0.0000000000000000e+00 40002
 -1.0272174900000000e+02 0.0000000000000000e+00 0.0000000000000000e+00 0.0000000000000000e+00 31002
 -1.5368110700000001e+01 0.0000000000000000e+00 0.0000000000000000e+00 0.0000000000000000e+00 22002
 -2.1720831600000001e+00 0.0000000000000000e+00 0.0000000000000000e+00 0.0000000000000000e+00 13002
 -2.7460926400000002e-01 0.0000000000000000e+00 0.0000000000000000e+00 0.0000000000000000e+00 04002
 1.0683798299999999e+02 0.0000000000000000e+00 0.0000000000000000e+00 0.0000000000000000e+00 30102
 1.2376615800000000e+01 0.0000000000000000e+00 0.0000000000000000e+00 0.0000000000000000e+00 21102
 1.4653033000000000e+00 0.0000000000000000e+00 0.0000000000000000e+00 0.0000000000000000e+00 12102
 1.8539329299999999e-01 0.0000000000000000e+00 0.0000000000000000e+00 0.0000000000000000e+00 03102
 1.1888713100000000e+01 0.0000000000000000e+00 0.0000000000000000e+00 0.0000000000000000e+00 20202
 -2.5566998800000000e+00 0.0000000000000000e+00 0.0000000000000000e+00 0.0000000000000000e+00 11202
 -8.6380901700000001e-01 0.0000000000000000e+00 0.0000000000000000e+00 0.0000000000000000e+00 02202
 1.8804701399999999e+01 0.0000000000000000e+00 0.0000000000000000e+00 0.0000000000000000e+00 10302
 2.4966757999999998e+00 0.0000000000000000e+00 0.0000000000000000e+00 0.0000000000000000e+00 01302
 -3.9308849700000001e+00 0.0000000000000000e+00 0.0000000000000000e+00 0.0000000000000000e+00 00402
 1.2703465100000001e+01 0.0000000000000000e+00 0.0000000000000000e+00 0.0000000000000000e+00 30021
 7.9618751600000000e+00 0.0000000000000000e+00 0.0000000000000000e+00 0.0000000000000000e+00 21021
 1.6098250700000001e+00 0.0000000000000000e+00 0.0000000000000000e+00 0.0000000000000000e+00 12021
 2.5756567499999999e-01 0.0000000000000000e+00 0.0000000000000000e+00 0.0000000000000000e+00 03021
 5.9357450700000003e+00 0.0000000000000000e+00 0.0000000000000000e+00 0.0000000000000000e+00 20121
 6.7934845300000002e-01 0.0000000000000000e+00 0.0000000000000000e+00 0.0000000000000000e+00 11121
 7.5755015100000003e-02 0.0000000000000000e+00 0.0000000000000000e+00 0.0000000000000000e+00 02121
 7.3629458100000003e+00 0.0000000000000000e+00 0.0000000000000000e+00 0.0000000000000000e+00 10221
 2.3008013500000000e+00 0.0000000000000000e+00 0.0000000000000000e+00 0.0000000000000000e+00 01221
 -1.1838300700000000e-01 0.0000000000000000e+00 0.0000000000000000e+00 0.0000000000000000e+00 00321
 1.4425814500000000e+01 0.0000000000000000e+00 0.0000000000000000e+00 0.0000000000000000e+00 30012
 1.5265816299999999e+00 0.0000000000000000e+00 0.0000000000000000e+00 0.0000000000000000e+00 21012
 1.6302881699999999e-01 0.0000000000000000e+00 0.0000000000000000e+00 0.0000000000000000e+00 12012
 1.7168950900000000e-02 0.0000000000000000e+00 0.0000000000000000e+00 0.0000000000000000e+00 03012
 1.5074373400000001e+01 0.0000000000000000e+00 0.0000000000000000e+00 0.0000000000000000e+00 20112
 1.6070658300000000e+00 0.0000000000000000e+00 0.0000000000000000e+00 0.0000000000000000e+00 11112
 1.6646502299999999e-01 0.0000000000000000e+00 0.0000000000000000e+00 0.0000000000000000e+00 02112
 2.2880329700000002e+00 0.0000000000000000e+00 0.0000000000000000e+00 0.0000000000000000e+00 10212
 2.6541344900000002e-01 0.0000000000000000e+00 0.0000000000000000e+00 0.0000000000000000e+00 01212
 3.2668393000000000e+00 0.0000000000000000e+00 0.0000000000000000e+00 0.0000000000000000e+00 00312
 -1.4469480500000000e+00 0.0000000000000000e+00 0.0000000000000000e+00 0.0000000000000000e+00 30003
 -3.0155182100000000e-01 0.0000000000000000e+00 0.0000000000000000e+00 0.0000000000000000e+00 21003
 -9.7940595800000002e-02 0.0000000000000000e+00 0.0000000000000000e+00 0.0000000000000000e+00 12003
 -2.1887463300000000e-02 0.0000000000000000e+00 0.0000000000000000e+00 0.0000000000000000e+00 03003
 2.1373127700000000e-01 0.0000000000000000e+00 0.0000000000000000e+00 0.0000000000000000e+00 20103
 -4.2487175700000003e-03 0.0000000000000000e+00 0.0000000000000000e+00 0.0000000000000000e+00 11103
 -2.6398123599999999e-03 0.0000000000000000e+00 0.0000000000000000e+00 0.0000000000000000e+00 02103
 -3.9033618199999998e-01 0.0000000000000000e+00 0.0000000000000000e+00 0.0000000000000000e+00 10203
 -2.2056344900000000e-02 0.0000000000000000e+00 0.0000000000000000e+00 0.0000000000000000e+00 01203
 -2.5206106999999998e-02 0.0000000000000000e+00 0.0000000000000000e+00 0.0000000000000000e+00 00303
 8.3539572600000001e-01 0.0000000000000000e+00 0.0000000000000000e+00 0.0000000000000000e+00 20031
 1.0108242400000000e-01 0.0000000000000000e+00 0.0000000000000000e+00 0.0000000000000000e+00 11031
 1.1382651500000000e-02 0.0000000000000000e+00 0.0000000000000000e+00 0.0000000000000000e+00 02031
 9.6753924199999997e-01 0.0000000000000000e+00 0.0000000000000000e+00 0.0000000000000000e+00 10131
 2.8394057299999997e-01 0.0000000000000000e+00 0.0000000000000000e+00 0.0000000000000000e+00 01131
 7.0409468399999994e-02 0.0000000000000000e+00 0.0000000000000000e+00 0.0000000000000000e+00 00231
 1.9662115200000001e+00 0.0000000000000000e+00 0.0000000000000000e+00 0.0000000000000000e+00 20022
 2.1192966199999999e-01 0.0000000000000000e+00 0.0000000000000000e+00 0.0000000000000000e+00 11022
 2.2229702000000000e-02 0.0000000000000000e+00 0.0000000000000000e+00 0.0000000000000000e+00 02022
 1.9217672799999999e-01 0.0000000000000000e+00 0.0000000000000000e+00 0.0000000000000000e+00 10122
 2.0842935900000002e-02 0.0000000000000000e+00 0.0000000000000000e+00 0.0000000000000000e+00 01122
 4.0919772199999999e-01 0.0000000000000000e+00 0.0000000000000000e+00 0.0000000000000000e+00 00222
 1.1620879799999999e-02 0.0000000000000000e+00 0.0000000000000000e+00 0.0000000000000000e+00 20013
 -8.6175197900000000e-04 0.0000000000000000e+00 0.0000000000000000e+00 0.0000000000000000e+00 11013
 -3.6803400800000002e-04 0.0000000000000000e+00 0.0000000000000000e+00 0.0000000000000000e+00 02013
 -3.0559588299999999e-02 0.0000000000000000e+00 0.0000000000000000e+00 0.0000000000000000e+00 10113
 7.9282077300000002e-04 0.0000000000000000e+00 0.0000000000000000e+00 0.0000000000000000e+00 01113
 -1.0358131200000000e-03 0.0000000000000000e+00 0.0000000000000000e+00 0.0000000000000000e+00 00213
 -3.1766529600000003e-02 0.0000000000000000e+00 0.0000000000000000e+00 0.0000000000000000e+00 20004
 -8.6869289399999997e-03 0.0000000000000000e+00 0.0000000000000000e+00 0.0000000000000000e+00 11004
 -1.3033663300000000e-03 0.0000000000000000e+00 0.0000000000000000e+00 0.0000000000000000e+00 02004
 -4.8593005899999998e-03 0.0000000000000000e+00 0.0000000000000000e+00 0.0000000000000000e+00 10104
 -1.8132267699999999e-04 0.0000000000000000e+00 0.0000000000000000e+00 0.0000000000000000e+00 01104
 -2.2531301500000000e-02 0.0000000000000000e+00 0.0000000000000000e+00 0.0000000000000000e+00 00204
 1.0273608300000001e-01 0.0000000000000000e+00 0.0000000000000000e+00 0.0000000000000000e+00 10041
 3.1679181700000003e-02 0.0000000000000000e+00 0.0000000000000000e+00 0.0000000000000000e+00 01041
 1.7740698900000001e-02 0.0000000000000000e+00 0.0000000000000000e+00 0.0000000000000000e+00 00141
 1.2813031600000000e-02 0.0000000000000000e+00 0.0000000000000000e+00 0.0000000000000000e+00 10032
 1.3430987299999999e-03 0.0000000000000000e+00 0.0000000000000000e+00 0.0000000000000000e+00 01032
 4.4265491599999998e-02 0.0000000000000000e+00 0.0000000000000000e+00 0.0000000000000000e+00 00132
 -5.0074566800000003e-03 0.0000000000000000e+00 0.0000000000000000e+00 0.0000000000000000e+00 10023
 -3.6226490100000000e-05 0.0000000000000000e+00 0.0000000000000000e+00 0.0000000000000000e+00 01023
 -1.0084677400000000e-04 0.0000000000000000e+00 0.0000000000000000e+00 0.0000000000000000e+00 00123
 -2.5991156500000000e-04 0.0000000000000000e+00 0.0000000000000000e+00 0.0000000000000000e+00 10014
 -8.6598892899999998e-06 0.0000000000000000e+00 0.0000000000000000e+00 0.0000000000000000e+00 01014
 1.2643326200000000e-04 0.0000000000000000e+00 0.0000000000000000e+00 0.0000000000000000e+00 00114
 -3.7640531699999999e-04 0.0000000000000000e+00 0.0000000000000000e+00 0.0000000000000000e+00 10005
 -4.9526213000000003e-05 0.0000000000000000e+00 0.0000000000000000e+00 0.0000000000000000e+00 01005
 5.0543502499999998e-05 0.0000000000000000e+00 0.0000000000000000e+00 0.0000000000000000e+00 00105
 3.1877867700000001e-03 0.0000000000000000e+00 0.0000000000000000e+00 0.0000000000000000e+00 00051
 4.7427681699999998e-03 0.0000000000000000e+00 0.0000000000000000e+00 0.0000000000000000e+00 00042
 1.0854985800000000e-05 0.0000000000000000e+00 0.0000000000000000e+00 0.0000000000000000e+00 00033
 9.0835490000000001e-05 0.0000000000000000e+00 0.0000000000000000e+00 0.0000000000000000e+00 00024
 3.1187906300000002e-06 0.0000000000000000e+00 0.0000000000000000e+00 0.0000000000000000e+00 00015
 2.3269827100000001e-06 0.0000000000000000e+00 0.0000000000000000e+00 0.0000000000000000e+00 00006
 --------------------------------------------
