! Candidate angular fit; delta and xtar-dependent terms retained from frozen seed.
 --------------------------------------------
 8.7777609240452525e-04 -5.8729822181891999e-05 5.7777210049462895e-04 0.0000000000000000e+00 00000
 3.2581642043105791e-01 1.5395505578019336e-02 -5.3980927541993481e-03 2.4527718100000001e-01 10000
 -2.9486859499914853e+00 -1.2758656155512182e-01 3.7869384171174129e-02 1.7923725400000001e-01 01000
 -9.8824545995765001e-03 -4.5799828341576232e-01 2.6932137383451882e-01 1.5762221900000001e-02 00100
 1.4095232467506136e-01 4.0821659277946079e-02 -2.2731947820334715e+00 -2.7748113599999999e-02 00010
 -3.6378019132619238e-01 -3.2159896915926717e-02 1.0618361473568422e-02 -3.1763193899999997e-01 20000
 3.1048213551726045e+00 1.5868999754088559e-01 -5.2539477683744333e-02 3.2294487900000002e+00 11000
 2.2348797404217469e+00 4.2094295359410133e-01 8.7432573788352834e-03 9.9624983800000000e-01 02000
 8.1451458223359183e-02 1.4331159049802571e+00 -4.2553783089435454e-01 -6.9868989000000006e-02 10100
 -3.3164794170159456e-01 9.1740193126192804e-01 1.2205706654561171e-01 -2.7273720299999998e-01 01100
 2.8888168094316063e-01 -2.1426135423300196e-02 -4.2481761547953731e-02 -1.7795864400000000e-02 00200
 -3.6474189870431661e-01 -1.9668120722594161e+01 5.3880916714822833e+00 -1.7964206399999999e-01 10010
 -3.4430896081743706e-01 -2.0651592566662824e+01 2.5948797553374079e+00 5.1434082800000001e+00 01010
 -4.3645438247388085e-01 -3.0165235993936201e-01 3.1955185797486835e-01 4.5628469799999999e-01 00110
 -4.5724987326693434e+00 8.0426991442893636e-01 1.3682745233163973e+00 -6.4079203600000003e+00 00020
 2.0816786426039124e+00 1.0009600270822722e-01 -2.4802944114338865e-02 9.3683431900000003e-01 30000
 -4.5705287889439134e+01 -2.2927806159149561e-01 -2.9662794478663007e-01 -1.3540589900000001e+01 21000
 3.4915914832732290e+02 -6.4903119493445836e+00 5.9007088963520644e+00 5.1879764199999997e+01 12000
 -9.7904525593080814e+02 3.0383108807007211e+01 -2.0025364578906558e+01 -2.0498985000000001e+01 03000
 3.0368290695027600e+00 -4.6480959597005445e+00 1.5519319820318649e+00 -3.1254219399999998e-02 20100
 -3.7490473700766863e+01 5.0835033080939546e+01 -1.6037257725332914e+01 2.8400841199999999e-01 11100
 1.1196931585435375e+02 -1.2332525545250269e+02 4.0705182993735448e+01 3.9556433100000001e+00 02100
 -3.0767274813263525e+00 3.5143539152886283e+00 -1.1476959672937179e+00 9.5431561099999995e-01 10200
 5.1828241727252520e+00 -2.8762875215554214e+01 9.2237389112847197e+00 -7.0688381700000003e+00 01200
 7.9451277138621035e-01 -2.4332017327360700e+00 4.7617336091895055e+00 -3.5820566700000001e-01 00300
 -1.6903018806466508e+00 6.1092429921124442e+01 -2.0057848665851367e+01 -2.7448817499999998e+00 20010
 5.2928247076719352e+01 -6.8371654030305444e+02 2.1340322566979060e+02 1.0681983600000001e+01 11010
 -3.4253917765623430e+02 1.7180128081639120e+03 -5.3030337244380053e+02 -4.6776265000000002e+01 02010
 2.2903032214885632e+00 -6.0594557860731669e+01 1.2950470907377065e+01 4.3468718099999998e-01 10110
 2.8001155316946210e+02 4.4762151254626866e+02 -1.3259219127154671e+02 2.5692412099999999e+01 01110
 -2.6104542509189994e+01 1.0003900693517733e+02 -8.0597994897222648e+01 -3.1559352000000001e+00 00210
 2.3471907137410548e+02 6.3517681627380504e+01 1.0418714826347715e+01 3.1907757499999999e+01 10020
 -2.4539133938562204e+03 -1.9080869874053815e+02 1.6840865142915973e+02 -4.6789810199999999e+02 01020
 1.4548159650167480e+02 -1.3148987396026171e+03 9.0350478758824795e+02 3.4179037000000001e+01 00120
 -4.0377115644800767e+01 5.7938008013578110e+03 -3.4333836047853938e+03 -7.1508536199999995e+01 00030
 -3.5418365400548373e+00 5.7375466084378690e-01 -3.7705032990517062e-01 -2.3027877499999998e+00 40000
 4.3880510674122405e+01 -2.4297703747779067e+01 1.3132148932202352e+01 5.8024830899999998e+01 31000
 2.1746711180651315e+02 3.1206816131294846e+02 -1.5759188711131483e+02 -4.9156237399999998e+02 22000
 -4.8454500490178543e+03 -1.6290435626590686e+03 8.0682169159451087e+02 1.7182972100000000e+03 13000
 1.7121149160072149e+04 2.9839031261592318e+03 -1.5943852139306578e+03 -1.9501040300000000e+03 04000
 -4.6324019534192388e+01 9.0906511596402932e+00 -3.1174138404640499e+00 -1.4621283800000000e+00 30100
 8.7630996718699157e+02 -1.0563960146238362e+02 5.1620473064074282e+01 4.7295753499999996e+01 21100
 -5.6152194771131853e+03 1.2517557581244526e+02 -2.0248532106039843e+02 -4.3237295599999999e+02 12100
 1.2487512286376432e+04 9.8091218400608761e+02 7.1828862421678053e+01 1.3233994800000000e+03 03100
 1.5181398925816472e+01 -1.5575911502740038e+01 7.3973743201665920e+00 -1.0047251200000000e+00 20200
 -1.1209470289415721e+02 1.2865560931565963e+02 -9.7675504782612492e+01 1.6743462399999999e+01 11200
 1.2703084179934872e+02 7.4456026454700080e+01 1.9943187234811649e+02 -6.7273158699999996e+01 02200
 -2.3769140031823202e+01 -2.4101836628918489e+00 -1.6333646109582599e+01 4.9815545700000001e+00 10300
 1.8972950330962811e+02 2.5216828513971837e+01 -6.2364377899837230e+01 -3.7436718100000000e+01 01300
 -2.0822560735698879e+01 1.9583545464037421e+01 1.5744509809237162e+01 3.8352631700000002e+00 00400
 1.9752492067006742e+02 -1.5237803828428176e+02 3.4500990146628510e+01 2.0406354700000001e+01 30010
 -2.7454203279063017e+03 2.1113836794751437e+03 -5.3693747530710175e+02 -5.2187064599999997e+02 21010
 1.1806565007842944e+04 -7.2317458998358552e+03 1.9408815896416218e+03 4.0218560800000000e+03 12010
 -1.6562345629689404e+04 1.4489571179159443e+03 -1.6763787562973812e+02 -1.1081659400000000e+04 03010
 -4.2335764537911632e+02 4.6307571155715306e+02 -1.1341681114372707e+02 -2.6109065900000001e+01 20110
 3.7101041543046713e+03 -4.0880157193335135e+03 1.0779247082864852e+03 3.4366059500000000e+02 11110
 -1.0913201686349921e+04 1.2369771151122482e+03 2.9340406362779419e+02 -9.7405222100000003e+02 02110
 3.4547835708474412e+02 -3.0837509068016413e+02 4.1636206684816426e+02 -3.6510193000000001e+01 10210
 -2.1767196829791010e+03 1.1790181346813952e+03 -7.5241400366692943e+01 2.9243684000000002e+02 01210
 4.4543783925461520e+02 -3.4114405064204368e+02 -5.1291433480613957e+00 -8.4939199799999997e+01 00310
 1.4672615593689402e+03 -2.2362532110628767e+03 4.9552990371144631e+02 4.0636932100000001e+02 20020
 -1.0821036957500233e+04 1.7389871115436727e+04 -5.1060548122295877e+03 -4.5869649099999997e+03 11020
 5.3618845888167263e+04 9.5317498069563881e+03 -3.8570660986099733e+03 9.3584628599999996e+03 02020
 -3.0768636613930162e+03 4.1409090324086619e+03 -5.2856642290481242e+00 6.0264629700000000e+01 10120
 6.9360076271504786e+03 -1.3115985959910489e+04 -1.2832136113432264e+03 -6.9720597099999998e+02 01120
 -2.2715481462420885e+03 -4.3845586233391793e+02 -1.6790485318806352e+03 7.2697501299999999e+02 00220
 3.0305894645303661e+03 -2.4577320375043604e+04 -1.8720394962649498e+03 5.3606629499999997e+02 10030
 4.7962753780927014e+04 7.9761532408495346e+04 3.4456339524058836e+04 -2.3364836399999999e+03 01030
 -1.0075552439309606e+04 1.7645230609418119e+04 1.3486554870562688e+04 -1.6674671400000000e+03 00130
 7.9049462686537256e+04 -5.9195821366699682e+04 -3.0714772265838321e+04 3.9121164899999999e+03 00040
 -2.0705621643742891e+01 -4.5766243954122885e+00 2.0850237727272640e+00 4.9678190300000002e+00 50000
 1.1390680185701074e+03 1.3660364985488761e+02 -5.9300952605832663e+01 -2.1463550799999999e+02 41000
 -2.1414813849495698e+04 -1.6741679673315821e+03 6.8935868518524489e+02 3.4385126599999999e+03 32000
 1.8898663295790608e+05 1.0035832027838802e+04 -3.7632862735519061e+03 -2.7888407800000001e+04 23000
 -8.2079404594490968e+05 -2.9866333388694824e+04 8.6283116400440158e+03 1.1885052899999999e+05 14000
 1.4481986223863929e+06 3.3840179529058310e+04 -3.7187553934136954e+03 -2.0979779999999999e+05 05000
 1.5784713487663032e+02 -1.6468700228545785e+01 6.3166301245466328e-01 3.0790796100000000e+00 40100
 -2.9463402502012163e+03 2.6380475770417445e+02 -3.3672738630810066e+01 -7.1757031799999993e+01 31100
 1.3123931640035054e+04 -3.8468059822095029e+02 2.6105661193408503e+02 1.7523077900000001e+02 22100
 3.0178893402209640e+04 -6.8287588111690593e+03 -1.2574846877983002e+03 3.6607079199999998e+03 13100
 -2.1921736524990722e+05 2.1502585254926606e+04 3.1348736663805998e+03 -1.8679771700000001e+04 04100
 -6.0416810429160932e+01 1.8894631795912240e+01 -1.1202370562949831e+01 -9.8292970799999999e+00 30200
 1.0759902237629587e+03 -1.4555447508020850e+02 1.2151303509730208e+02 2.2322339500000001e+02 21200
 -6.7905094105615781e+03 -1.8187913497596451e+03 2.0679360539756155e+02 -1.9345593400000000e+03 12200
 2.4853214652783041e+04 1.0048963065476068e+04 -2.5391682503331040e+03 6.2959604900000004e+03 03200
 1.5708291327811440e+02 6.8892439650995074e+00 -3.6232235281372218e+00 7.5324127100000000e+00 20300
 -2.4855009746839924e+03 1.0791648865656123e+02 5.2702819750640185e+02 -1.7311873199999999e+02 11300
 4.9704353653477965e+03 3.8606613631791970e+02 -5.5222961103637977e+02 1.0774482200000000e+03 02300
 2.3175588494177612e+02 2.6995066143101454e+01 1.3755940778643375e+01 -1.1124031400000001e+00 10400
 -5.9297076556252421e+02 -1.0145677375792583e+03 -3.3978586207923178e+02 -1.0768688200000000e+02 01400
 9.8127821077263988e+01 2.6899799512074743e+01 -1.4253697420033433e+02 -1.3675491200000001e+00 00500
 -2.0305735571597252e+03 2.8413261290669953e+02 -3.3196004560557122e+00 -4.8581986499999999e+01 40010
 4.0955321124199421e+04 -3.9817933052067733e+03 -3.3749910233708584e+02 1.9529719100000000e+03 31010
 -2.6252997940919746e+05 -1.5260926273203941e+03 1.0395143802017217e+04 -2.0776508900000001e+04 22010
 4.4536157567744661e+05 1.9095713626732284e+05 -7.9340378976165564e+04 7.9440774900000004e+04 13010
 6.6372410304507869e+05 -6.1757263504188822e+05 1.6632569946833412e+05 -7.1841567599999995e+04 04010
 3.3780217860057360e+03 -1.6439131970078538e+03 4.0325099734059114e+02 6.3779292800000000e+01 30110
 -6.2323177557691597e+04 2.5420840019267449e+04 -5.6478355656664253e+03 -1.7658266000000001e+03 21110
 3.9524540262828965e+05 -9.3869527718515106e+04 2.0368761993170519e+04 1.1961652899999999e+04 12110
 -1.0330914801667725e+06 7.6577582723457410e+04 -7.5196839224425312e+03 -3.6062570899999999e+04 03110
 -1.4087506669656505e+03 1.2745895371812635e+03 8.1363456180372816e+02 -8.6987571199999998e+00 20210
 2.1800653648393429e+04 -3.0290551651203190e+04 -2.5729972753766906e+04 1.6077307200000000e+03 11210
 1.4657735721066649e+04 9.4390360657981058e+04 6.4478193838042644e+04 -1.1675984399999999e+04 02210
 -3.0210961115570199e+03 1.9890914512276549e+03 -1.6173283089429599e+03 1.6598224700000000e+02 10310
 -1.9887623025444835e+04 1.5727528266599380e+04 8.6316465042807667e+03 9.4686973100000000e+02 01310
 -6.3331011685905173e+02 1.5068301082824350e+03 5.2407308486850061e+03 1.6439557600000001e+02 00410
 -2.4642304588411582e+04 1.2433464585889742e+04 -1.9559553982699288e+03 -2.4076491099999998e+03 30020
 4.5232556610126962e+05 -1.8083374546049704e+05 1.7502379562806302e+04 5.5520991600000001e+04 21020
 -2.9559796943551204e+06 6.1718420758703246e+05 -3.9115445398402277e+04 -4.1814969699999999e+05 12020
 7.7063220690565584e+06 -5.8759688266173599e+05 -7.0436527222371747e+04 1.1185970900000001e+06 03020
 1.2953090321834732e+04 -1.7081615905445455e+04 -1.2490671228149025e+04 3.3250162999999998e+02 20120
 -1.8679712999867552e+05 3.1318844585375453e+05 2.8659751104085241e+05 -1.4254245100000000e+04 11120
 -1.2832687107957307e+05 -9.0437525339238066e+05 -9.2878557121681341e+05 5.2657758800000003e+04 02120
 -5.2885417027699768e+03 -4.4485186601500172e+04 3.9555444307392507e+04 -3.9989584300000001e+03 10220
 5.3371021533308586e+05 -1.1952715264537153e+04 -1.4382466190329994e+05 2.5102144300000000e+04 01220
 -3.7991087485118132e+03 1.4235585056634854e+04 -1.1340779260655030e+05 9.0266857599999994e+01 00320
 -9.9112452548946225e+04 4.6287346067256651e+04 9.7002347769586049e+04 -9.3089900000000000e+02 20030
 9.4995179498545697e+05 -1.1043250854781887e+06 -7.5423256258498877e+05 3.9788767800000001e+04 11030
 2.6459893554481887e+05 3.9545196552405744e+06 2.6428529241752680e+06 -1.1875274700000000e+05 02030
 1.8357264437595563e+05 3.4440036263632192e+05 -2.5384068814485960e+05 2.9493169800000000e+04 10130
 -3.6077341370450198e+06 -7.0125723034858960e+05 1.0233950157681619e+06 -2.5987719800000000e+05 01130
 -5.6503234683142371e+04 -4.9649223731348407e+05 1.2096222166957331e+06 1.1004152400000000e+03 00230
 -6.3674792932332074e+05 -8.8014322818251711e+05 3.4354771958366409e+05 -1.3196676600000001e+04 10040
 7.9356243431182299e+06 1.4708252790968928e+06 -2.3446929553089701e+06 3.0309427799999999e+05 01040
 9.3866505840833054e+05 2.7793330889789327e+06 -6.1399170838516057e+06 -1.7333469400000002e+04 00140
 -3.4183713307245462e+06 -5.1628290691559762e+06 1.3162750153269064e+07 3.0963153100000000e+04 00050
 5.5381728701960796e+01 9.5418827320865134e+00 -2.1273960576621818e+00 0.0000000000000000e+00 60000
 -2.7408542434713208e+03 -2.9157933025151306e+02 3.8269146706596501e+01 0.0000000000000000e+00 51000
 4.6829501300449592e+04 3.7801633530494387e+03 -6.0008207848345229e+01 0.0000000000000000e+00 42000
 -3.2268841184166225e+05 -2.2125838411002947e+04 -4.7952530683215946e+03 0.0000000000000000e+00 33000
 3.9540488469566818e+05 2.4287530028113651e+04 6.0201029010155667e+04 0.0000000000000000e+00 24000
 5.0343913329226598e+06 2.5372304317990184e+05 -2.9912151949482894e+05 0.0000000000000000e+00 15000
 -1.6983380397392161e+07 -7.1124586781974230e+05 5.5533216926415008e+05 0.0000000000000000e+00 06000
 -1.3558627908615307e+02 7.4034559276943597e+00 9.2430765990328005e+00 0.0000000000000000e+00 50100
 2.0461808569282823e+03 -2.8572082559668371e+02 -3.2439029210989395e+02 0.0000000000000000e+00 41100
 -1.6066868275432025e+03 3.4757876952006363e+03 6.2344765126482562e+03 0.0000000000000000e+00 32100
 -4.3578569596557747e+04 -3.4358528740972994e+04 -6.6032272757955434e+04 0.0000000000000000e+00 23100
 -2.6607110484945291e+05 2.2377224763431610e+05 3.4248191412424709e+05 0.0000000000000000e+00 14100
 1.7528692964630933e+06 -5.1512813934614253e+05 -6.3905156865908066e+05 0.0000000000000000e+00 05100
 6.3824275189589102e+01 -2.6694390239923798e+01 -2.1117561030435780e+01 0.0000000000000000e+00 40200
 -8.8109136494307597e+02 1.0899687533784031e+03 8.5473002947937255e+02 0.0000000000000000e+00 31200
 -6.4034904514516768e+02 -1.4188641667779677e+04 -1.1512089184308948e+04 0.0000000000000000e+00 22200
 4.1984630317391238e+04 1.0380201706984812e+05 6.7187740870649970e+04 0.0000000000000000e+00 13200
 -2.9125830168833514e+05 -3.0576844767422858e+05 -1.4502813451280337e+05 0.0000000000000000e+00 04200
 -2.7428710001043174e+02 7.6278379848898410e+01 5.6549323542165617e+01 0.0000000000000000e+00 30300
 5.2047083927275844e+03 -1.1642504374530333e+03 -1.5799070282138721e+03 0.0000000000000000e+00 21300
 -1.1812841779559518e+04 4.4563959999466870e+03 5.8609117774352862e+03 0.0000000000000000e+00 12300
 2.1292365646226303e+03 -3.6268805237487693e+04 -1.7486477292402200e+04 0.0000000000000000e+00 03300
 -4.6833089776215456e+02 -1.6756028409304011e+02 -4.9410723527866338e+01 0.0000000000000000e+00 20400
 1.8011277833879460e+03 2.3177216632140139e+03 6.1731570138506811e+02 0.0000000000000000e+00 11400
 3.9441685754719028e+03 3.7199858321500569e+03 2.2919828248272788e+03 0.0000000000000000e+00 02400
 -1.1699580806792358e+02 -1.7207026689371668e+02 3.3349487963919108e+02 0.0000000000000000e+00 10500
 -1.2354544150338979e+03 8.7037535194704253e+02 1.3790192329910190e+03 0.0000000000000000e+00 01500
 -2.4781712508079144e+02 -2.1076115892911628e+02 -3.3635040148533443e+02 0.0000000000000000e+00 00600
 4.7230528628701095e+03 -2.3568272964014892e+02 1.5112160175989951e+02 0.0000000000000000e+00 50010
 -1.1487193309314581e+05 3.2526024701248111e+03 -6.4287824210072313e+03 0.0000000000000000e+00 41010
 9.0885343960632058e+05 8.7997009016580923e+03 1.0221269020002100e+05 0.0000000000000000e+00 32010
 -2.6730208214398930e+06 3.8012477035720945e+03 -7.5750602871028392e+05 0.0000000000000000e+00 23010
 4.1817364308847552e+06 -2.1717486929652211e+06 2.3514470886465567e+06 0.0000000000000000e+00 14010
 -1.0950748186108625e+07 8.4509133642592411e+06 -2.2512919665864739e+06 0.0000000000000000e+00 05010
 -6.1887963916096851e+03 3.2584339520740459e+03 -4.6241185474419291e+02 0.0000000000000000e+00 40110
 1.3122348419143207e+05 -7.1440953182184807e+04 1.5456643685917081e+03 0.0000000000000000e+00 31110
 -7.3018530484065483e+05 5.1329603974715242e+05 6.7245396810651349e+04 0.0000000000000000e+00 22110
 -3.2766394467609949e+04 -1.8279385287779986e+06 -4.1115485198502266e+05 0.0000000000000000e+00 13110
 9.3180617987323273e+06 3.9636540961484383e+06 2.8740073893255339e+05 0.0000000000000000e+00 04110
 5.1120570520708388e+03 -4.0283799070959672e+03 -3.9479791345314979e+03 0.0000000000000000e+00 30210
 -1.0055594388855087e+05 8.5789340033861692e+04 8.9981806061658775e+04 0.0000000000000000e+00 21210
 1.4694685032656862e+05 -1.7570711550656692e+05 -2.9426620298887615e+05 0.0000000000000000e+00 12210
 -2.4683088980870869e+05 -2.2026050319968534e+05 4.5491157498219260e+05 0.0000000000000000e+00 03210
 1.2750085487657943e+03 1.7511580500917962e+03 6.3797060560800210e+03 0.0000000000000000e+00 20310
 8.7423934145147112e+04 -8.4304739684456552e+04 -9.0700147996831074e+04 0.0000000000000000e+00 11310
 -1.2672825319073991e+04 -2.8680440855435780e+04 1.3000267078004210e+05 0.0000000000000000e+00 02310
 1.9309503935102007e+03 -5.8613073561747069e+03 -1.8030610154048529e+04 0.0000000000000000e+00 10410
 3.8381880492373116e+03 1.4138929665074456e+04 -2.7924133526723439e+04 0.0000000000000000e+00 01410
 7.3835390429946892e+03 4.6633438827548380e+03 1.6682600200711648e+04 0.0000000000000000e+00 00510
 5.6052731427304694e+04 -3.8039202095465669e+04 5.7145015996625707e+03 0.0000000000000000e+00 40020
 -1.1177032214499789e+06 7.9650285325114767e+05 -7.0142117355264389e+04 0.0000000000000000e+00 31020
 5.2166370643643141e+06 -5.4573412613132121e+06 -1.3604753352536813e+04 0.0000000000000000e+00 22020
 9.5697735525043570e+06 1.4211164484833978e+07 1.5049164046022044e+06 0.0000000000000000e+00 13020
 -9.1109753450727418e+07 -1.6078043810441040e+07 -1.4917169770611236e+06 0.0000000000000000e+00 04020
 -4.7924799186887860e+04 5.2321274582760256e+04 6.3422215703959766e+04 0.0000000000000000e+00 30120
 1.6863825018897655e+06 -1.3071739789927714e+06 -1.5625672187669405e+06 0.0000000000000000e+00 21120
 -1.1572232429594295e+07 3.2835365732130255e+06 5.2708660425313897e+06 0.0000000000000000e+00 12120
 3.5646237570166670e+07 6.7603335799999693e+06 -3.7255408279498559e+06 0.0000000000000000e+00 03120
 7.7056776959999974e+04 1.0610951512212970e+05 -1.3448570071742902e+05 0.0000000000000000e+00 20220
 -2.1645714540287987e+06 4.3023752823779691e+05 1.4063034402631591e+06 0.0000000000000000e+00 11220
 -2.6866178601015420e+06 8.8524739208051679e+05 -1.7741153710597085e+06 0.0000000000000000e+00 02220
 1.9873598407745492e+04 9.4691332890904319e+04 3.9298350532650319e+05 0.0000000000000000e+00 10320
 7.5133787886609521e+05 -1.1654782751727032e+06 2.2274534582153553e+05 0.0000000000000000e+00 01320
 -8.1345594330648688e+04 1.5866113563041679e+04 -2.2204743274895809e+05 0.0000000000000000e+00 00420
 3.6076383374700649e+05 7.3181063347662363e+04 -2.6810065624707926e+05 0.0000000000000000e+00 30030
 -1.2535430709334236e+07 -1.0143481406939102e+06 8.1582529330876004e+06 0.0000000000000000e+00 21030
 9.9325544770977512e+07 2.8163426672840681e+07 -2.6240153354765091e+07 0.0000000000000000e+00 12030
 -2.6159706475534639e+08 -1.1953387866861883e+08 -5.2730019974415069e+06 0.0000000000000000e+00 03030
 -5.1894252068551147e+05 -1.6448113493409858e+06 1.3068803665228423e+06 0.0000000000000000e+00 20130
 1.3063838637717018e+07 6.5932780918823993e+06 -9.0904539548187163e+06 0.0000000000000000e+00 11130
 4.5885746157065712e+07 -2.4489249328475770e+07 7.8680046380392350e+06 0.0000000000000000e+00 02130
 -2.0597837407286593e+05 1.9532161867289694e+06 -3.8478373568792953e+06 0.0000000000000000e+00 10230
 -1.4984771113565311e+07 1.3094584336306458e+07 -3.2755986947015128e+06 0.0000000000000000e+00 01230
 8.8056842037130834e+05 -2.3446034458984733e+06 2.3091429719289669e+05 0.0000000000000000e+00 00330
 -1.3702399266888705e+05 7.9247303770117778e+06 -5.3382477767918259e+06 0.0000000000000000e+00 20040
 -9.6369274887036532e+06 -6.6217163591433287e+07 3.2398443949915044e+07 0.0000000000000000e+00 11040
 -2.3721400174411273e+08 2.0178185809364909e+08 -5.1135178297716588e+07 0.0000000000000000e+00 02040
 -4.1930188640613249e+06 -3.0887315972990781e+07 1.2578423061040979e+07 0.0000000000000000e+00 10140
 1.2890474195835818e+08 -3.5407902861308083e+07 5.4471685338155881e+07 0.0000000000000000e+00 01140
 -1.3791114524272839e+07 3.5350507205225401e+07 1.4105257241557769e+07 0.0000000000000000e+00 00240
 2.8622635786165789e+07 1.0478652479419194e+08 7.3464819228097424e+06 0.0000000000000000e+00 10050
 -4.2298913935234451e+08 -4.1032808407334216e+07 -2.8090410899624324e+08 0.0000000000000000e+00 01050
 1.1366323806136183e+08 -1.8433528426239711e+08 -9.2922215849374190e+07 0.0000000000000000e+00 00150
 -3.1747779554246825e+08 2.8257162443858629e+08 1.5462441448106128e+08 0.0000000000000000e+00 00060
 1.1258424199999999e+00 0.0000000000000000e+00 0.0000000000000000e+00 7.6817769999999996e-01 00001
 -3.3092960599999999e+00 0.0000000000000000e+00 0.0000000000000000e+00 -1.2482495400000000e+00 10001
 9.5582156000000005e+00 0.0000000000000000e+00 0.0000000000000000e+00 7.1898036500000000e+00 01001
 -1.2807550800000000e+01 0.0000000000000000e+00 0.0000000000000000e+00 -1.7948002400000000e+00 00002
 3.1328287000000000e+01 0.0000000000000000e+00 0.0000000000000000e+00 4.3097902599999998e+00 20001
 -3.6635859399999998e+02 0.0000000000000000e+00 0.0000000000000000e+00 -4.7514103499999997e+01 11001
 1.2812726399999999e+03 0.0000000000000000e+00 0.0000000000000000e+00 1.2740499699999999e+02 02001
 8.4649294600000005e+00 0.0000000000000000e+00 0.0000000000000000e+00 1.5213236200000000e+00 00201
 -2.1218133200000000e+02 0.0000000000000000e+00 0.0000000000000000e+00 -4.4842024199999997e+01 00111
 8.6216804499999995e+01 0.0000000000000000e+00 0.0000000000000000e+00 1.3903586900000001e+01 10002
 -2.0237557699999999e+02 0.0000000000000000e+00 0.0000000000000000e+00 -7.5177002500000000e+01 01002
 1.2924057499999999e+03 0.0000000000000000e+00 0.0000000000000000e+00 3.3294530099999997e+02 00021
 1.5246574300000000e+02 4.1239841799999999e+02 -1.1855168000000000e+02 0.0000000000000000e+00 00012
 5.6814234300000003e+01 0.0000000000000000e+00 0.0000000000000000e+00 1.5595186500000001e+01 00003
 -1.1109064100000001e+02 0.0000000000000000e+00 0.0000000000000000e+00 -1.5717735800000000e+01 30001
 1.3012309000000000e+03 0.0000000000000000e+00 0.0000000000000000e+00 2.4992499500000000e+02 21001
 -3.3776413699999998e+03 0.0000000000000000e+00 0.0000000000000000e+00 -1.2056100300000001e+03 12001
 -1.0805725299999999e+03 0.0000000000000000e+00 0.0000000000000000e+00 1.6507063800000001e+03 03001
 -2.0675836699999999e+02 0.0000000000000000e+00 0.0000000000000000e+00 -8.6394541199999999e+00 10201
 1.2861228000000001e+03 0.0000000000000000e+00 0.0000000000000000e+00 5.1734533999999996e+01 01201
 4.5738898999999998e+02 0.0000000000000000e+00 0.0000000000000000e+00 2.4632876999999999e+02 10111
 3.1552100700000000e+02 0.0000000000000000e+00 0.0000000000000000e+00 -1.4688802499999999e+03 01111
 -2.8637608399999999e+00 0.0000000000000000e+00 0.0000000000000000e+00 -7.7696205800000001e+01 20002
 -2.8453250400000002e+02 0.0000000000000000e+00 0.0000000000000000e+00 8.0826721799999996e+02 11002
 -5.4968678599999997e+01 0.0000000000000000e+00 0.0000000000000000e+00 -1.8872739300000001e+03 02002
 -8.9490322900000001e+02 0.0000000000000000e+00 0.0000000000000000e+00 -1.3172162699999999e+01 00202
 -5.8186814800000001e+01 0.0000000000000000e+00 0.0000000000000000e+00 -1.7587238100000000e+03 10021
 2.8100110300000001e+01 0.0000000000000000e+00 0.0000000000000000e+00 1.0443614200000000e+04 01021
 2.4986902400000002e+01 0.0000000000000000e+00 0.0000000000000000e+00 3.7717688900000002e+02 00112
 -4.7104892700000001e+00 0.0000000000000000e+00 0.0000000000000000e+00 -1.7433297400000001e+02 10003
 -9.4935661400000004e-01 0.0000000000000000e+00 0.0000000000000000e+00 8.9351807699999995e+02 01003
 5.9109615599999996e+00 0.0000000000000000e+00 0.0000000000000000e+00 -2.7085707800000000e+03 00022
 1.0590745000000000e-01 0.0000000000000000e+00 0.0000000000000000e+00 -1.4915634900000001e+02 00004
 7.4420433400000000e-02 0.0000000000000000e+00 0.0000000000000000e+00 0.0000000000000000e+00 00101
 -9.3204445700000005e-01 0.0000000000000000e+00 0.0000000000000000e+00 0.0000000000000000e+00 00011
 2.8452158100000000e+00 0.0000000000000000e+00 0.0000000000000000e+00 0.0000000000000000e+00 10101
 -2.5439373000000000e+01 0.0000000000000000e+00 0.0000000000000000e+00 0.0000000000000000e+00 01101
 1.3705155500000000e+01 0.0000000000000000e+00 0.0000000000000000e+00 0.0000000000000000e+00 10011
 -7.2542508699999999e+01 0.0000000000000000e+00 0.0000000000000000e+00 0.0000000000000000e+00 01011
 1.1188551900000000e+01 0.0000000000000000e+00 0.0000000000000000e+00 0.0000000000000000e+00 00102
 -2.9857603999999998e+01 0.0000000000000000e+00 0.0000000000000000e+00 0.0000000000000000e+00 20101
 2.5760759400000001e+02 0.0000000000000000e+00 0.0000000000000000e+00 0.0000000000000000e+00 11101
 2.2280062200000000e+02 0.0000000000000000e+00 0.0000000000000000e+00 0.0000000000000000e+00 02101
 -5.7470399800000003e+00 0.0000000000000000e+00 0.0000000000000000e+00 0.0000000000000000e+00 00301
 -5.8377417100000002e+01 0.0000000000000000e+00 0.0000000000000000e+00 0.0000000000000000e+00 20011
 -7.5798640700000007e+01 0.0000000000000000e+00 0.0000000000000000e+00 0.0000000000000000e+00 11011
 -2.0030666900000000e+01 0.0000000000000000e+00 0.0000000000000000e+00 0.0000000000000000e+00 02011
 8.1569985000000003e+01 0.0000000000000000e+00 0.0000000000000000e+00 0.0000000000000000e+00 00211
 3.9907235700000001e+01 0.0000000000000000e+00 0.0000000000000000e+00 0.0000000000000000e+00 10102
 2.6133789799999999e+01 0.0000000000000000e+00 0.0000000000000000e+00 0.0000000000000000e+00 01102
 1.1102801200000000e+01 0.0000000000000000e+00 0.0000000000000000e+00 0.0000000000000000e+00 00121
 1.5806418400000000e+01 0.0000000000000000e+00 0.0000000000000000e+00 0.0000000000000000e+00 10012
 2.5233279000000000e+00 0.0000000000000000e+00 0.0000000000000000e+00 0.0000000000000000e+00 01012
 1.4961163900000001e+00 0.0000000000000000e+00 0.0000000000000000e+00 0.0000000000000000e+00 00103
 2.9442717200000001e+00 0.0000000000000000e+00 0.0000000000000000e+00 0.0000000000000000e+00 00031
 1.9644430600000001e-01 0.0000000000000000e+00 0.0000000000000000e+00 0.0000000000000000e+00 00013
 1.6957368000000000e+02 0.0000000000000000e+00 0.0000000000000000e+00 0.0000000000000000e+00 40001
 -1.1884030900000000e+03 0.0000000000000000e+00 0.0000000000000000e+00 0.0000000000000000e+00 31001
 -2.5640085899999999e+03 0.0000000000000000e+00 0.0000000000000000e+00 0.0000000000000000e+00 22001
 -7.9612626599999999e+02 0.0000000000000000e+00 0.0000000000000000e+00 0.0000000000000000e+00 13001
 -1.7013585599999999e+02 0.0000000000000000e+00 0.0000000000000000e+00 0.0000000000000000e+00 04001
 2.5273732400000000e+01 0.0000000000000000e+00 0.0000000000000000e+00 0.0000000000000000e+00 30101
 -3.0211779799999999e+02 0.0000000000000000e+00 0.0000000000000000e+00 0.0000000000000000e+00 21101
 1.0508874799999999e+01 0.0000000000000000e+00 0.0000000000000000e+00 0.0000000000000000e+00 12101
 1.7954560900000001e+01 0.0000000000000000e+00 0.0000000000000000e+00 0.0000000000000000e+00 03101
 3.9304286900000000e+02 0.0000000000000000e+00 0.0000000000000000e+00 0.0000000000000000e+00 20201
 -2.6547935800000000e+03 0.0000000000000000e+00 0.0000000000000000e+00 0.0000000000000000e+00 11201
 -6.7520795899999996e+02 0.0000000000000000e+00 0.0000000000000000e+00 0.0000000000000000e+00 02201
 3.1537455800000000e+01 0.0000000000000000e+00 0.0000000000000000e+00 0.0000000000000000e+00 10301
 -6.6287274900000000e+01 0.0000000000000000e+00 0.0000000000000000e+00 0.0000000000000000e+00 01301
 1.1048366800000000e+01 0.0000000000000000e+00 0.0000000000000000e+00 0.0000000000000000e+00 00401
 5.3995273300000001e+01 0.0000000000000000e+00 0.0000000000000000e+00 0.0000000000000000e+00 30011
 1.9851422299999999e+01 0.0000000000000000e+00 0.0000000000000000e+00 0.0000000000000000e+00 21011
 6.9951277899999997e+00 0.0000000000000000e+00 0.0000000000000000e+00 0.0000000000000000e+00 12011
 2.0305896899999998e+00 0.0000000000000000e+00 0.0000000000000000e+00 0.0000000000000000e+00 03011
 -4.1475572199999999e+02 0.0000000000000000e+00 0.0000000000000000e+00 0.0000000000000000e+00 20111
 -2.4292429500000000e+02 0.0000000000000000e+00 0.0000000000000000e+00 0.0000000000000000e+00 11111
 -5.3283176900000001e+01 0.0000000000000000e+00 0.0000000000000000e+00 0.0000000000000000e+00 02111
 1.4085442600000000e+01 0.0000000000000000e+00 0.0000000000000000e+00 0.0000000000000000e+00 10211
 -7.1897002499999996e+00 0.0000000000000000e+00 0.0000000000000000e+00 0.0000000000000000e+00 01211
 4.6617528200000002e+01 0.0000000000000000e+00 0.0000000000000000e+00 0.0000000000000000e+00 00311
 3.2702350999999999e+02 0.0000000000000000e+00 0.0000000000000000e+00 0.0000000000000000e+00 30002
 -4.6760376399999998e+01 0.0000000000000000e+00 0.0000000000000000e+00 0.0000000000000000e+00 21002
 -1.3113077600000000e+01 0.0000000000000000e+00 0.0000000000000000e+00 0.0000000000000000e+00 12002
 -2.1460877500000000e+00 0.0000000000000000e+00 0.0000000000000000e+00 0.0000000000000000e+00 03002
 -4.0516263400000003e+02 0.0000000000000000e+00 0.0000000000000000e+00 0.0000000000000000e+00 20102
 -3.7832739400000001e+01 0.0000000000000000e+00 0.0000000000000000e+00 0.0000000000000000e+00 11102
 -3.2861643300000001e+00 0.0000000000000000e+00 0.0000000000000000e+00 0.0000000000000000e+00 02102
 -7.9775662299999999e+02 0.0000000000000000e+00 0.0000000000000000e+00 0.0000000000000000e+00 10202
 -1.0025346300000000e+02 0.0000000000000000e+00 0.0000000000000000e+00 0.0000000000000000e+00 01202
 -5.8149400000000000e+01 0.0000000000000000e+00 0.0000000000000000e+00 0.0000000000000000e+00 00302
 -4.9721882500000000e+01 0.0000000000000000e+00 0.0000000000000000e+00 0.0000000000000000e+00 20021
 -2.3494000000000000e+01 0.0000000000000000e+00 0.0000000000000000e+00 0.0000000000000000e+00 11021
 -4.6306529500000000e+00 0.0000000000000000e+00 0.0000000000000000e+00 0.0000000000000000e+00 02021
 -7.0125265800000003e+00 0.0000000000000000e+00 0.0000000000000000e+00 0.0000000000000000e+00 10121
 -1.6612841400000000e+00 0.0000000000000000e+00 0.0000000000000000e+00 0.0000000000000000e+00 01121
 8.9976115900000000e+00 0.0000000000000000e+00 0.0000000000000000e+00 0.0000000000000000e+00 00221
 -2.6915856399999999e+01 0.0000000000000000e+00 0.0000000000000000e+00 0.0000000000000000e+00 20012
 -2.9374057699999998e+00 0.0000000000000000e+00 0.0000000000000000e+00 0.0000000000000000e+00 11012
 -2.8169995599999997e-01 0.0000000000000000e+00 0.0000000000000000e+00 0.0000000000000000e+00 02012
 -4.4261380600000003e+01 0.0000000000000000e+00 0.0000000000000000e+00 0.0000000000000000e+00 10112
 -5.1887392600000002e+00 0.0000000000000000e+00 0.0000000000000000e+00 0.0000000000000000e+00 01112
 -2.3091301500000001e+00 0.0000000000000000e+00 0.0000000000000000e+00 0.0000000000000000e+00 00212
 1.2974281100000001e+01 0.0000000000000000e+00 0.0000000000000000e+00 0.0000000000000000e+00 20003
 1.2986379400000001e+00 0.0000000000000000e+00 0.0000000000000000e+00 0.0000000000000000e+00 11003
 1.7931982099999999e-01 0.0000000000000000e+00 0.0000000000000000e+00 0.0000000000000000e+00 02003
 3.5963604300000002e-01 0.0000000000000000e+00 0.0000000000000000e+00 0.0000000000000000e+00 10103
 -6.8600012500000002e-02 0.0000000000000000e+00 0.0000000000000000e+00 0.0000000000000000e+00 01103
 4.7989772600000002e-01 0.0000000000000000e+00 0.0000000000000000e+00 0.0000000000000000e+00 00203
 -1.5183764099999999e+00 0.0000000000000000e+00 0.0000000000000000e+00 0.0000000000000000e+00 10031
 -2.5950537600000001e-01 0.0000000000000000e+00 0.0000000000000000e+00 0.0000000000000000e+00 01031
 1.2137887100000000e+00 0.0000000000000000e+00 0.0000000000000000e+00 0.0000000000000000e+00 00131
 -3.8339448699999998e+00 0.0000000000000000e+00 0.0000000000000000e+00 0.0000000000000000e+00 10022
 -4.4880310099999998e-01 0.0000000000000000e+00 0.0000000000000000e+00 0.0000000000000000e+00 01022
 4.3274224600000001e-02 0.0000000000000000e+00 0.0000000000000000e+00 0.0000000000000000e+00 00122
 4.3379578000000002e-02 0.0000000000000000e+00 0.0000000000000000e+00 0.0000000000000000e+00 10013
 3.8101713399999999e-04 0.0000000000000000e+00 0.0000000000000000e+00 0.0000000000000000e+00 01013
 7.1732702300000006e-02 0.0000000000000000e+00 0.0000000000000000e+00 0.0000000000000000e+00 00113
 4.0493515200000002e-03 0.0000000000000000e+00 0.0000000000000000e+00 0.0000000000000000e+00 10004
 -7.0401424799999997e-04 0.0000000000000000e+00 0.0000000000000000e+00 0.0000000000000000e+00 01004
 4.1771769200000001e-03 0.0000000000000000e+00 0.0000000000000000e+00 0.0000000000000000e+00 00104
 2.6521246799999998e-01 0.0000000000000000e+00 0.0000000000000000e+00 0.0000000000000000e+00 00041
 3.4293861799999999e-02 0.0000000000000000e+00 0.0000000000000000e+00 0.0000000000000000e+00 00032
 2.7421903000000001e-02 0.0000000000000000e+00 0.0000000000000000e+00 0.0000000000000000e+00 00023
 3.8234677400000002e-03 0.0000000000000000e+00 0.0000000000000000e+00 0.0000000000000000e+00 00014
 1.4659581000000001e-03 0.0000000000000000e+00 0.0000000000000000e+00 0.0000000000000000e+00 00005
 -2.2197897499999999e+02 0.0000000000000000e+00 0.0000000000000000e+00 0.0000000000000000e+00 50001
 2.0814843300000002e+03 0.0000000000000000e+00 0.0000000000000000e+00 0.0000000000000000e+00 41001
 -4.3056093600000003e+02 0.0000000000000000e+00 0.0000000000000000e+00 0.0000000000000000e+00 32001
 -2.1805028799999999e+02 0.0000000000000000e+00 0.0000000000000000e+00 0.0000000000000000e+00 23001
 -5.5584450099999998e+01 0.0000000000000000e+00 0.0000000000000000e+00 0.0000000000000000e+00 14001
 -1.1364256800000000e+01 0.0000000000000000e+00 0.0000000000000000e+00 0.0000000000000000e+00 05001
 1.0843246300000000e+02 0.0000000000000000e+00 0.0000000000000000e+00 0.0000000000000000e+00 40101
 -9.3186493399999995e+02 0.0000000000000000e+00 0.0000000000000000e+00 0.0000000000000000e+00 31101
 -1.9297715800000000e+02 0.0000000000000000e+00 0.0000000000000000e+00 0.0000000000000000e+00 22101
 -2.8647338300000001e+01 0.0000000000000000e+00 0.0000000000000000e+00 0.0000000000000000e+00 13101
 -3.4101753399999999e+00 0.0000000000000000e+00 0.0000000000000000e+00 0.0000000000000000e+00 04101
 6.1327849800000003e+01 0.0000000000000000e+00 0.0000000000000000e+00 0.0000000000000000e+00 30201
 -4.3628918599999999e+01 0.0000000000000000e+00 0.0000000000000000e+00 0.0000000000000000e+00 21201
 -4.7152181900000002e+01 0.0000000000000000e+00 0.0000000000000000e+00 0.0000000000000000e+00 12201
 -1.4919883000000000e+01 0.0000000000000000e+00 0.0000000000000000e+00 0.0000000000000000e+00 03201
 5.8831090099999997e+01 0.0000000000000000e+00 0.0000000000000000e+00 0.0000000000000000e+00 20301
 -3.6337865000000001e+01 0.0000000000000000e+00 0.0000000000000000e+00 0.0000000000000000e+00 11301
 -8.0151232799999992e+00 0.0000000000000000e+00 0.0000000000000000e+00 0.0000000000000000e+00 02301
 -1.0494428700000000e+02 0.0000000000000000e+00 0.0000000000000000e+00 0.0000000000000000e+00 10401
 3.4771335299999997e+01 0.0000000000000000e+00 0.0000000000000000e+00 0.0000000000000000e+00 01401
 -1.2228812499999999e+02 0.0000000000000000e+00 0.0000000000000000e+00 0.0000000000000000e+00 00501
 -7.7545342300000002e+01 0.0000000000000000e+00 0.0000000000000000e+00 0.0000000000000000e+00 40011
 -6.4131444900000005e+01 0.0000000000000000e+00 0.0000000000000000e+00 0.0000000000000000e+00 31011
 -1.3985750500000000e+01 0.0000000000000000e+00 0.0000000000000000e+00 0.0000000000000000e+00 22011
 -2.3365408200000002e+00 0.0000000000000000e+00 0.0000000000000000e+00 0.0000000000000000e+00 13011
 -3.4059649100000000e-01 0.0000000000000000e+00 0.0000000000000000e+00 0.0000000000000000e+00 04011
 2.9339419400000001e+01 0.0000000000000000e+00 0.0000000000000000e+00 0.0000000000000000e+00 30111
 4.8114933100000002e+01 0.0000000000000000e+00 0.0000000000000000e+00 0.0000000000000000e+00 21111
 9.5017492400000005e+00 0.0000000000000000e+00 0.0000000000000000e+00 0.0000000000000000e+00 12111
 1.3883754100000001e+00 0.0000000000000000e+00 0.0000000000000000e+00 0.0000000000000000e+00 03111
 5.2479251499999997e+01 0.0000000000000000e+00 0.0000000000000000e+00 0.0000000000000000e+00 20211
 3.8005874199999998e+00 0.0000000000000000e+00 0.0000000000000000e+00 0.0000000000000000e+00 11211
 2.3455513600000000e-01 0.0000000000000000e+00 0.0000000000000000e+00 0.0000000000000000e+00 02211
 3.9580808500000003e+01 0.0000000000000000e+00 0.0000000000000000e+00 0.0000000000000000e+00 10311
 1.5256354200000001e+01 0.0000000000000000e+00 0.0000000000000000e+00 0.0000000000000000e+00 01311
 -7.2808032699999998e+00 0.0000000000000000e+00 0.0000000000000000e+00 0.0000000000000000e+00 00411
 -5.9749734599999999e+02 0.0000000000000000e+00 0.0000000000000000e+00 0.0000000000000000e+00 40002
 -1.0272174900000000e+02 0.0000000000000000e+00 0.0000000000000000e+00 0.0000000000000000e+00 31002
 -1.5368110700000001e+01 0.0000000000000000e+00 0.0000000000000000e+00 0.0000000000000000e+00 22002
 -2.1720831600000001e+00 0.0000000000000000e+00 0.0000000000000000e+00 0.0000000000000000e+00 13002
 -2.7460926400000002e-01 0.0000000000000000e+00 0.0000000000000000e+00 0.0000000000000000e+00 04002
 1.0683798299999999e+02 0.0000000000000000e+00 0.0000000000000000e+00 0.0000000000000000e+00 30102
 1.2376615800000000e+01 0.0000000000000000e+00 0.0000000000000000e+00 0.0000000000000000e+00 21102
 1.4653033000000000e+00 0.0000000000000000e+00 0.0000000000000000e+00 0.0000000000000000e+00 12102
 1.8539329299999999e-01 0.0000000000000000e+00 0.0000000000000000e+00 0.0000000000000000e+00 03102
 1.1888713100000000e+01 0.0000000000000000e+00 0.0000000000000000e+00 0.0000000000000000e+00 20202
 -2.5566998800000000e+00 0.0000000000000000e+00 0.0000000000000000e+00 0.0000000000000000e+00 11202
 -8.6380901700000001e-01 0.0000000000000000e+00 0.0000000000000000e+00 0.0000000000000000e+00 02202
 1.8804701399999999e+01 0.0000000000000000e+00 0.0000000000000000e+00 0.0000000000000000e+00 10302
 2.4966757999999998e+00 0.0000000000000000e+00 0.0000000000000000e+00 0.0000000000000000e+00 01302
 -3.9308849700000001e+00 0.0000000000000000e+00 0.0000000000000000e+00 0.0000000000000000e+00 00402
 1.2703465100000001e+01 0.0000000000000000e+00 0.0000000000000000e+00 0.0000000000000000e+00 30021
 7.9618751600000000e+00 0.0000000000000000e+00 0.0000000000000000e+00 0.0000000000000000e+00 21021
 1.6098250700000001e+00 0.0000000000000000e+00 0.0000000000000000e+00 0.0000000000000000e+00 12021
 2.5756567499999999e-01 0.0000000000000000e+00 0.0000000000000000e+00 0.0000000000000000e+00 03021
 5.9357450700000003e+00 0.0000000000000000e+00 0.0000000000000000e+00 0.0000000000000000e+00 20121
 6.7934845300000002e-01 0.0000000000000000e+00 0.0000000000000000e+00 0.0000000000000000e+00 11121
 7.5755015100000003e-02 0.0000000000000000e+00 0.0000000000000000e+00 0.0000000000000000e+00 02121
 7.3629458100000003e+00 0.0000000000000000e+00 0.0000000000000000e+00 0.0000000000000000e+00 10221
 2.3008013500000000e+00 0.0000000000000000e+00 0.0000000000000000e+00 0.0000000000000000e+00 01221
 -1.1838300700000000e-01 0.0000000000000000e+00 0.0000000000000000e+00 0.0000000000000000e+00 00321
 1.4425814500000000e+01 0.0000000000000000e+00 0.0000000000000000e+00 0.0000000000000000e+00 30012
 1.5265816299999999e+00 0.0000000000000000e+00 0.0000000000000000e+00 0.0000000000000000e+00 21012
 1.6302881699999999e-01 0.0000000000000000e+00 0.0000000000000000e+00 0.0000000000000000e+00 12012
 1.7168950900000000e-02 0.0000000000000000e+00 0.0000000000000000e+00 0.0000000000000000e+00 03012
 1.5074373400000001e+01 0.0000000000000000e+00 0.0000000000000000e+00 0.0000000000000000e+00 20112
 1.6070658300000000e+00 0.0000000000000000e+00 0.0000000000000000e+00 0.0000000000000000e+00 11112
 1.6646502299999999e-01 0.0000000000000000e+00 0.0000000000000000e+00 0.0000000000000000e+00 02112
 2.2880329700000002e+00 0.0000000000000000e+00 0.0000000000000000e+00 0.0000000000000000e+00 10212
 2.6541344900000002e-01 0.0000000000000000e+00 0.0000000000000000e+00 0.0000000000000000e+00 01212
 3.2668393000000000e+00 0.0000000000000000e+00 0.0000000000000000e+00 0.0000000000000000e+00 00312
 -1.4469480500000000e+00 0.0000000000000000e+00 0.0000000000000000e+00 0.0000000000000000e+00 30003
 -3.0155182100000000e-01 0.0000000000000000e+00 0.0000000000000000e+00 0.0000000000000000e+00 21003
 -9.7940595800000002e-02 0.0000000000000000e+00 0.0000000000000000e+00 0.0000000000000000e+00 12003
 -2.1887463300000000e-02 0.0000000000000000e+00 0.0000000000000000e+00 0.0000000000000000e+00 03003
 2.1373127700000000e-01 0.0000000000000000e+00 0.0000000000000000e+00 0.0000000000000000e+00 20103
 -4.2487175700000003e-03 0.0000000000000000e+00 0.0000000000000000e+00 0.0000000000000000e+00 11103
 -2.6398123599999999e-03 0.0000000000000000e+00 0.0000000000000000e+00 0.0000000000000000e+00 02103
 -3.9033618199999998e-01 0.0000000000000000e+00 0.0000000000000000e+00 0.0000000000000000e+00 10203
 -2.2056344900000000e-02 0.0000000000000000e+00 0.0000000000000000e+00 0.0000000000000000e+00 01203
 -2.5206106999999998e-02 0.0000000000000000e+00 0.0000000000000000e+00 0.0000000000000000e+00 00303
 8.3539572600000001e-01 0.0000000000000000e+00 0.0000000000000000e+00 0.0000000000000000e+00 20031
 1.0108242400000000e-01 0.0000000000000000e+00 0.0000000000000000e+00 0.0000000000000000e+00 11031
 1.1382651500000000e-02 0.0000000000000000e+00 0.0000000000000000e+00 0.0000000000000000e+00 02031
 9.6753924199999997e-01 0.0000000000000000e+00 0.0000000000000000e+00 0.0000000000000000e+00 10131
 2.8394057299999997e-01 0.0000000000000000e+00 0.0000000000000000e+00 0.0000000000000000e+00 01131
 7.0409468399999994e-02 0.0000000000000000e+00 0.0000000000000000e+00 0.0000000000000000e+00 00231
 1.9662115200000001e+00 0.0000000000000000e+00 0.0000000000000000e+00 0.0000000000000000e+00 20022
 2.1192966199999999e-01 0.0000000000000000e+00 0.0000000000000000e+00 0.0000000000000000e+00 11022
 2.2229702000000000e-02 0.0000000000000000e+00 0.0000000000000000e+00 0.0000000000000000e+00 02022
 1.9217672799999999e-01 0.0000000000000000e+00 0.0000000000000000e+00 0.0000000000000000e+00 10122
 2.0842935900000002e-02 0.0000000000000000e+00 0.0000000000000000e+00 0.0000000000000000e+00 01122
 4.0919772199999999e-01 0.0000000000000000e+00 0.0000000000000000e+00 0.0000000000000000e+00 00222
 1.1620879799999999e-02 0.0000000000000000e+00 0.0000000000000000e+00 0.0000000000000000e+00 20013
 -8.6175197900000000e-04 0.0000000000000000e+00 0.0000000000000000e+00 0.0000000000000000e+00 11013
 -3.6803400800000002e-04 0.0000000000000000e+00 0.0000000000000000e+00 0.0000000000000000e+00 02013
 -3.0559588299999999e-02 0.0000000000000000e+00 0.0000000000000000e+00 0.0000000000000000e+00 10113
 7.9282077300000002e-04 0.0000000000000000e+00 0.0000000000000000e+00 0.0000000000000000e+00 01113
 -1.0358131200000000e-03 0.0000000000000000e+00 0.0000000000000000e+00 0.0000000000000000e+00 00213
 -3.1766529600000003e-02 0.0000000000000000e+00 0.0000000000000000e+00 0.0000000000000000e+00 20004
 -8.6869289399999997e-03 0.0000000000000000e+00 0.0000000000000000e+00 0.0000000000000000e+00 11004
 -1.3033663300000000e-03 0.0000000000000000e+00 0.0000000000000000e+00 0.0000000000000000e+00 02004
 -4.8593005899999998e-03 0.0000000000000000e+00 0.0000000000000000e+00 0.0000000000000000e+00 10104
 -1.8132267699999999e-04 0.0000000000000000e+00 0.0000000000000000e+00 0.0000000000000000e+00 01104
 -2.2531301500000000e-02 0.0000000000000000e+00 0.0000000000000000e+00 0.0000000000000000e+00 00204
 1.0273608300000001e-01 0.0000000000000000e+00 0.0000000000000000e+00 0.0000000000000000e+00 10041
 3.1679181700000003e-02 0.0000000000000000e+00 0.0000000000000000e+00 0.0000000000000000e+00 01041
 1.7740698900000001e-02 0.0000000000000000e+00 0.0000000000000000e+00 0.0000000000000000e+00 00141
 1.2813031600000000e-02 0.0000000000000000e+00 0.0000000000000000e+00 0.0000000000000000e+00 10032
 1.3430987299999999e-03 0.0000000000000000e+00 0.0000000000000000e+00 0.0000000000000000e+00 01032
 4.4265491599999998e-02 0.0000000000000000e+00 0.0000000000000000e+00 0.0000000000000000e+00 00132
 -5.0074566800000003e-03 0.0000000000000000e+00 0.0000000000000000e+00 0.0000000000000000e+00 10023
 -3.6226490100000000e-05 0.0000000000000000e+00 0.0000000000000000e+00 0.0000000000000000e+00 01023
 -1.0084677400000000e-04 0.0000000000000000e+00 0.0000000000000000e+00 0.0000000000000000e+00 00123
 -2.5991156500000000e-04 0.0000000000000000e+00 0.0000000000000000e+00 0.0000000000000000e+00 10014
 -8.6598892899999998e-06 0.0000000000000000e+00 0.0000000000000000e+00 0.0000000000000000e+00 01014
 1.2643326200000000e-04 0.0000000000000000e+00 0.0000000000000000e+00 0.0000000000000000e+00 00114
 -3.7640531699999999e-04 0.0000000000000000e+00 0.0000000000000000e+00 0.0000000000000000e+00 10005
 -4.9526213000000003e-05 0.0000000000000000e+00 0.0000000000000000e+00 0.0000000000000000e+00 01005
 5.0543502499999998e-05 0.0000000000000000e+00 0.0000000000000000e+00 0.0000000000000000e+00 00105
 3.1877867700000001e-03 0.0000000000000000e+00 0.0000000000000000e+00 0.0000000000000000e+00 00051
 4.7427681699999998e-03 0.0000000000000000e+00 0.0000000000000000e+00 0.0000000000000000e+00 00042
 1.0854985800000000e-05 0.0000000000000000e+00 0.0000000000000000e+00 0.0000000000000000e+00 00033
 9.0835490000000001e-05 0.0000000000000000e+00 0.0000000000000000e+00 0.0000000000000000e+00 00024
 3.1187906300000002e-06 0.0000000000000000e+00 0.0000000000000000e+00 0.0000000000000000e+00 00015
 2.3269827100000001e-06 0.0000000000000000e+00 0.0000000000000000e+00 0.0000000000000000e+00 00006
 --------------------------------------------
