! Candidate angular fit; delta and xtar-dependent terms retained from frozen seed.
 --------------------------------------------
 9.7861732825054934e-04 -1.6682865222853067e-06 5.4715234394393623e-04 0.0000000000000000e+00 00000
 3.4326559352049330e-01 1.7104138145517894e-02 -5.9715791017206643e-03 2.4527718100000001e-01 10000
 -3.0931719163538509e+00 -1.3651475959988002e-01 3.4681846728645389e-02 1.7923725400000001e-01 01000
 1.1182560325721908e-03 -4.6502288945930209e-01 2.8492339327978405e-01 1.5762221900000001e-02 00100
 1.2335764707964748e-01 8.9513969400417656e-02 -2.3858429718965644e+00 -2.7748113599999999e-02 00010
 -3.6419714842669149e-01 -2.4607989006582110e-02 7.0167109477319838e-03 -3.1763193899999997e-01 20000
 2.7569628474348966e+00 -4.9489312361259717e-02 -3.1873994014141122e-02 3.2294487900000002e+00 11000
 4.9936282617189232e+00 1.1171161567085550e+00 -1.9548879655988189e-02 9.9624983800000000e-01 02000
 -5.3946123715907546e-01 1.5347468344777104e+00 -3.9329400568292788e-01 -6.9868989000000006e-02 10100
 4.0707785721595346e+00 2.9248884606714176e-01 5.6878801859557897e-02 -2.7273720299999998e-01 01100
 -7.4160281996079241e-02 2.0589833631576352e-02 -2.2581272281226090e-02 -1.7795864400000000e-02 00200
 1.3234070622646845e+00 -2.0469418865313930e+01 5.3240407322898502e+00 -1.7964206399999999e-01 10010
 -7.6929435618132347e+00 -1.6196592369391244e+01 3.2955049984538984e+00 5.1434082800000001e+00 01010
 0.0000000000000000e+00 0.0000000000000000e+00 3.1949969276873669e-01 4.5628469799999999e-01 00110
 0.0000000000000000e+00 -4.1250924081439493e+00 1.0869644490684962e+00 -6.4079203600000003e+00 00020
 4.1594655868532754e-01 6.1168405235063970e-02 0.0000000000000000e+00 9.3683431900000003e-01 30000
 -6.7344323262607775e+00 1.6685523842959976e-01 -3.7636602473332705e-02 -1.3540589900000001e+01 21000
 2.1002822881564622e+01 -9.2843523539042501e+00 0.0000000000000000e+00 5.1879764199999997e+01 12000
 0.0000000000000000e+00 4.1022228273574747e+01 4.3129016571942600e+00 -2.0498985000000001e+01 03000
 3.8209866592776645e+00 -4.7974686745942519e+00 5.2273523535858879e-01 -3.1254219399999998e-02 20100
 -3.4607567565408040e+01 5.2808109306426410e+01 -4.1767956267781967e+00 2.8400841199999999e-01 11100
 3.5415572845744506e+01 -1.1590973876701776e+02 -1.7504524783329498e+00 3.9556433100000001e+00 02100
 6.7993659535818873e-02 -5.2769709351860083e-01 3.7070950454125540e-01 9.5431561099999995e-01 10200
 0.0000000000000000e+00 -1.6783845278236662e+00 0.0000000000000000e+00 -7.0688381700000003e+00 01200
 1.1086708318231397e+00 -6.9677832123541994e-01 -9.9694248845238947e-02 -3.5820566700000001e-01 00300
 -3.1416961544477363e+01 6.1672735579245227e+01 -1.2017606836480551e+01 -2.7448817499999998e+00 20010
 2.7119685910506155e+02 -6.8778654174128110e+02 1.3392399191701941e+02 1.0681983600000001e+01 11010
 -1.4966103385839440e+02 1.5597633771273240e+03 -2.7393178673333119e+02 -4.6776265000000002e+01 02010
 -2.7999772341518967e+00 -2.8399439442528710e+01 0.0000000000000000e+00 4.3468718099999998e-01 10110
 0.0000000000000000e+00 2.9651270881646985e+02 -6.6608837274554844e+01 2.5692412099999999e+01 01110
 -7.3682932326458515e+00 5.5039810621669261e+01 -3.2468589868921307e+00 -3.1559352000000001e+00 00210
 1.6419820453064862e+01 -2.1451850815102901e+01 2.9222937563803338e+01 3.1907757499999999e+01 10020
 -2.9414500232325059e+02 3.8191537425968147e+00 1.5468667697892371e+01 -4.6789810199999999e+02 01020
 0.0000000000000000e+00 -8.9790913014839418e+02 1.5838351720682058e+02 3.4179037000000001e+01 00120
 0.0000000000000000e+00 4.7273373758863881e+03 -7.5357491915315995e+02 -7.1508536199999995e+01 00030
 -1.4337673965937057e+00 -8.3093444169670530e-02 0.0000000000000000e+00 -2.3027877499999998e+00 40000
 1.6080255335321734e+01 0.0000000000000000e+00 3.0098407049546677e-01 5.8024830899999998e+01 31000
 0.0000000000000000e+00 6.1155345087436963e+00 0.0000000000000000e+00 -4.9156237399999998e+02 22000
 -2.3951942859590048e+02 0.0000000000000000e+00 0.0000000000000000e+00 1.7182972100000000e+03 13000
 0.0000000000000000e+00 0.0000000000000000e+00 -1.3198652734908868e+02 -1.9501040300000000e+03 04000
 -7.8050014411635980e+00 4.3252449698598072e+00 0.0000000000000000e+00 -1.4621283800000000e+00 30100
 8.0314281513118388e+01 -4.4155561842132165e+01 -1.0577259509372481e+00 4.7295753499999996e+01 21100
 -7.0546503670628795e+01 -1.0344017783479539e+02 0.0000000000000000e+00 -4.3237295599999999e+02 12100
 -8.2619552230706267e+02 1.4057744446039108e+03 -1.5993543335098364e+01 1.3233994800000000e+03 03100
 0.0000000000000000e+00 1.0459280631780288e+01 -5.4729090309083861e-01 -1.0047251200000000e+00 20200
 0.0000000000000000e+00 0.0000000000000000e+00 0.0000000000000000e+00 1.6743462399999999e+01 11200
 0.0000000000000000e+00 -2.0369648225844733e+02 8.4362841315198196e+00 -6.7273158699999996e+01 02200
 -2.8713679934730725e+00 2.9447752427903957e+00 0.0000000000000000e+00 4.9815545700000001e+00 10300
 0.0000000000000000e+00 -1.0585423468374088e+02 0.0000000000000000e+00 -3.7436718100000000e+01 01300
 0.0000000000000000e+00 -5.7053042382499459e+00 0.0000000000000000e+00 3.8352631700000002e+00 00400
 1.0436335613921823e+02 -1.1876412741598119e+02 1.8558130597259075e+00 2.0406354700000001e+01 30010
 -1.1584411342156891e+03 1.4915986947399504e+03 0.0000000000000000e+00 -5.2187064599999997e+02 21010
 2.7195237078606920e+03 -3.3531764828110959e+03 0.0000000000000000e+00 4.0218560800000000e+03 12010
 0.0000000000000000e+00 -9.0485183159030857e+03 0.0000000000000000e+00 -1.1081659400000000e+04 03010
 0.0000000000000000e+00 0.0000000000000000e+00 0.0000000000000000e+00 -2.6109065900000001e+01 20110
 1.0421614026238551e+02 -9.6502145140953542e+02 0.0000000000000000e+00 3.4366059500000000e+02 11110
 0.0000000000000000e+00 1.1919394592232329e+03 1.9388399968053300e+03 -9.7405222100000003e+02 02110
 0.0000000000000000e+00 0.0000000000000000e+00 0.0000000000000000e+00 -3.6510193000000001e+01 10210
 -6.8602032158943449e-01 1.2420428340247233e+03 -3.8486990738645835e+02 2.9243684000000002e+02 01210
 0.0000000000000000e+00 0.0000000000000000e+00 0.0000000000000000e+00 -8.4939199799999997e+01 00310
 0.0000000000000000e+00 -8.1437973466952712e+02 0.0000000000000000e+00 4.0636932100000001e+02 20020
 0.0000000000000000e+00 7.6961920384048317e+03 0.0000000000000000e+00 -4.5869649099999997e+03 11020
 -1.9042063806028186e+03 2.4583488663887369e+04 -1.9841962398109576e+04 9.3584628599999996e+03 02020
 -6.8301144591249994e+01 -3.5445412981790776e+02 3.5657836356813186e+02 6.0264629700000000e+01 10120
 0.0000000000000000e+00 -6.1844053030634523e+03 0.0000000000000000e+00 -6.9720597099999998e+02 01120
 -1.3532330254497808e+02 -2.9143167452958676e+02 1.8057777902440432e+02 7.2697501299999999e+02 00220
 0.0000000000000000e+00 -4.4109634128712141e+03 2.0627635206849636e+03 5.3606629499999997e+02 10030
 -4.9614258690332044e+03 3.4845613959075723e+04 0.0000000000000000e+00 -2.3364836399999999e+03 01030
 0.0000000000000000e+00 2.2145112234612566e+03 0.0000000000000000e+00 -1.6674671400000000e+03 00130
 5.7679079329428923e+03 0.0000000000000000e+00 0.0000000000000000e+00 3.9121164899999999e+03 00040
 1.2234185070100080e+01 -6.2804844170427487e-01 0.0000000000000000e+00 4.9678190300000002e+00 50000
 -1.6611982782972967e+02 5.6348660124750696e+00 0.0000000000000000e+00 -2.1463550799999999e+02 41000
 0.0000000000000000e+00 0.0000000000000000e+00 0.0000000000000000e+00 3.4385126599999999e+03 32000
 9.1533488640499345e+03 0.0000000000000000e+00 0.0000000000000000e+00 -2.7888407800000001e+04 23000
 -4.3953042934083867e+04 -1.7125345184063792e+03 0.0000000000000000e+00 1.1885052899999999e+05 14000
 5.2435321077086803e+04 3.4343451429807574e+03 0.0000000000000000e+00 -2.0979779999999999e+05 05000
 0.0000000000000000e+00 4.3051629461948837e-01 -6.5560004514537540e-01 3.0790796100000000e+00 40100
 0.0000000000000000e+00 1.2732542036290585e+01 0.0000000000000000e+00 -7.1757031799999993e+01 31100
 -5.2073227103873455e+02 0.0000000000000000e+00 0.0000000000000000e+00 1.7523077900000001e+02 22100
 0.0000000000000000e+00 8.9524786292582780e+02 0.0000000000000000e+00 3.6607079199999998e+03 13100
 3.4157187825150490e+04 -1.3595890374462011e+04 -9.6392581085659231e+02 -1.8679771700000001e+04 04100
 2.3629643547038143e+01 -3.5402483336221671e+01 2.0273389082900879e+00 -9.8292970799999999e+00 30200
 -1.1659452001935517e+02 1.3929035159654487e+02 0.0000000000000000e+00 2.2322339500000001e+02 21200
 0.0000000000000000e+00 -4.3186912789711960e+02 0.0000000000000000e+00 -1.9345593400000000e+03 12200
 1.5815794621485938e+03 5.9570556497304676e+02 0.0000000000000000e+00 6.2959604900000004e+03 03200
 0.0000000000000000e+00 0.0000000000000000e+00 0.0000000000000000e+00 7.5324127100000000e+00 20300
 0.0000000000000000e+00 0.0000000000000000e+00 0.0000000000000000e+00 -1.7311873199999999e+02 11300
 -6.0203976251679512e+02 1.2722545135752723e+03 1.0988974019838574e+02 1.0774482200000000e+03 02300
 5.3315480164911233e-01 0.0000000000000000e+00 0.0000000000000000e+00 -1.1124031400000001e+00 10400
 -5.4098538324783796e+01 1.6955730252642712e+02 0.0000000000000000e+00 -1.0768688200000000e+02 01400
 6.4731865668412727e+00 8.6501389560250146e+01 -6.3220512154935227e+00 -1.3675491200000001e+00 00500
 0.0000000000000000e+00 1.3031148064308746e+02 7.2785176895641932e+00 -4.8581986499999999e+01 40010
 -3.1959724150972170e+02 -2.3298711791040582e+03 0.0000000000000000e+00 1.9529719100000000e+03 31010
 5.5464976604125304e+03 9.5896234157500749e+03 0.0000000000000000e+00 -2.0776508900000001e+04 22010
 0.0000000000000000e+00 0.0000000000000000e+00 0.0000000000000000e+00 7.9440774900000004e+04 13010
 -2.8026579608501430e+05 6.1466640551416320e+04 0.0000000000000000e+00 -7.1841567599999995e+04 04010
 0.0000000000000000e+00 5.5632672928408158e+02 0.0000000000000000e+00 6.3779292800000000e+01 30110
 -3.1957887563642985e+03 0.0000000000000000e+00 0.0000000000000000e+00 -1.7658266000000001e+03 21110
 0.0000000000000000e+00 2.1261563672690409e+03 0.0000000000000000e+00 1.1961652899999999e+04 12110
 1.0871889770253663e+05 -5.9476409795930253e+04 0.0000000000000000e+00 -3.6062570899999999e+04 03110
 0.0000000000000000e+00 -2.4520486712511652e+02 0.0000000000000000e+00 -8.6987571199999998e+00 20210
 2.0934245978243885e+03 0.0000000000000000e+00 0.0000000000000000e+00 1.6077307200000000e+03 11210
 -2.3142237892568623e+03 -2.0509467122065991e+04 0.0000000000000000e+00 -1.1675984399999999e+04 02210
 0.0000000000000000e+00 0.0000000000000000e+00 0.0000000000000000e+00 1.6598224700000000e+02 10310
 -5.5921461915152527e+01 -3.3808831128848311e+02 -1.5200206400236666e+03 9.4686973100000000e+02 01310
 0.0000000000000000e+00 0.0000000000000000e+00 0.0000000000000000e+00 1.6439557600000001e+02 00410
 1.5273394653356340e+03 0.0000000000000000e+00 0.0000000000000000e+00 -2.4076491099999998e+03 30020
 0.0000000000000000e+00 -3.2135606725769067e+04 0.0000000000000000e+00 5.5520991600000001e+04 21020
 0.0000000000000000e+00 1.4386668650875206e+05 0.0000000000000000e+00 -4.1814969699999999e+05 12020
 0.0000000000000000e+00 0.0000000000000000e+00 0.0000000000000000e+00 1.1185970900000001e+06 03020
 -2.9153144910024316e+03 0.0000000000000000e+00 0.0000000000000000e+00 3.3250162999999998e+02 20120
 0.0000000000000000e+00 0.0000000000000000e+00 0.0000000000000000e+00 -1.4254245100000000e+04 11120
 0.0000000000000000e+00 0.0000000000000000e+00 0.0000000000000000e+00 5.2657758800000003e+04 02120
 0.0000000000000000e+00 0.0000000000000000e+00 0.0000000000000000e+00 -3.9989584300000001e+03 10220
 0.0000000000000000e+00 0.0000000000000000e+00 0.0000000000000000e+00 2.5102144300000000e+04 01220
 0.0000000000000000e+00 0.0000000000000000e+00 0.0000000000000000e+00 9.0266857599999994e+01 00320
 0.0000000000000000e+00 0.0000000000000000e+00 0.0000000000000000e+00 -9.3089900000000000e+02 20030
 -5.9719803312574273e+04 -1.7553132953332309e+05 0.0000000000000000e+00 3.9788767800000001e+04 11030
 0.0000000000000000e+00 1.2864913014046575e+06 0.0000000000000000e+00 -1.1875274700000000e+05 02030
 0.0000000000000000e+00 0.0000000000000000e+00 0.0000000000000000e+00 2.9493169800000000e+04 10130
 0.0000000000000000e+00 0.0000000000000000e+00 0.0000000000000000e+00 -2.5987719800000000e+05 01130
 4.5135913247991757e+03 0.0000000000000000e+00 0.0000000000000000e+00 1.1004152400000000e+03 00230
 0.0000000000000000e+00 1.1659011354992568e+05 0.0000000000000000e+00 -1.3196676600000001e+04 10040
 0.0000000000000000e+00 0.0000000000000000e+00 0.0000000000000000e+00 3.0309427799999999e+05 01040
 0.0000000000000000e+00 -4.7689834565196931e+05 -2.3594238968169793e+04 -1.7333469400000002e+04 00140
 0.0000000000000000e+00 8.1737939758514450e+05 0.0000000000000000e+00 3.0963153100000000e+04 00050
 -1.7993446108849362e+01 1.4015394724754608e+00 -1.3928827384010370e-01 0.0000000000000000e+00 60000
 2.2811918369819290e+02 0.0000000000000000e+00 0.0000000000000000e+00 0.0000000000000000e+00 51000
 0.0000000000000000e+00 -2.2294513790118296e+02 0.0000000000000000e+00 0.0000000000000000e+00 42000
 0.0000000000000000e+00 1.1224316355572691e+03 0.0000000000000000e+00 0.0000000000000000e+00 33000
 -5.8310200345611578e+04 0.0000000000000000e+00 2.1410021274227597e+02 0.0000000000000000e+00 24000
 0.0000000000000000e+00 0.0000000000000000e+00 0.0000000000000000e+00 0.0000000000000000e+00 15000
 9.1587152174160688e+05 -6.6389849323891773e+04 0.0000000000000000e+00 0.0000000000000000e+00 06000
 5.0338074793120811e+00 0.0000000000000000e+00 2.3368071357601199e+00 0.0000000000000000e+00 50100
 0.0000000000000000e+00 -8.9870385064671567e+01 0.0000000000000000e+00 0.0000000000000000e+00 41100
 6.3070556642582665e+02 0.0000000000000000e+00 0.0000000000000000e+00 0.0000000000000000e+00 32100
 0.0000000000000000e+00 2.2965418209266780e+04 0.0000000000000000e+00 0.0000000000000000e+00 23100
 0.0000000000000000e+00 -2.5552243620989341e+05 0.0000000000000000e+00 0.0000000000000000e+00 14100
 -3.4409698471577151e+05 7.4956646080814255e+05 1.7531881835124408e+04 0.0000000000000000e+00 05100
 -4.4251298244457232e+01 2.1508857302559573e+01 -6.6339416239161819e+00 0.0000000000000000e+00 40200
 5.7354927820672316e+01 0.0000000000000000e+00 0.0000000000000000e+00 0.0000000000000000e+00 31200
 0.0000000000000000e+00 0.0000000000000000e+00 0.0000000000000000e+00 0.0000000000000000e+00 22200
 0.0000000000000000e+00 0.0000000000000000e+00 0.0000000000000000e+00 0.0000000000000000e+00 13200
 1.9419631350061896e+04 5.9007926131053893e+04 0.0000000000000000e+00 0.0000000000000000e+00 04200
 0.0000000000000000e+00 2.5000397126968213e+01 0.0000000000000000e+00 0.0000000000000000e+00 30300
 0.0000000000000000e+00 0.0000000000000000e+00 0.0000000000000000e+00 0.0000000000000000e+00 21300
 0.0000000000000000e+00 1.3921191873233235e+02 0.0000000000000000e+00 0.0000000000000000e+00 12300
 1.0498968679042855e+04 0.0000000000000000e+00 5.7224799870114339e+03 0.0000000000000000e+00 03300
 0.0000000000000000e+00 -8.7491044381678194e+00 0.0000000000000000e+00 0.0000000000000000e+00 20400
 0.0000000000000000e+00 -3.3895934936070859e+02 0.0000000000000000e+00 0.0000000000000000e+00 11400
 0.0000000000000000e+00 0.0000000000000000e+00 -1.5547875270787515e+03 0.0000000000000000e+00 02400
 0.0000000000000000e+00 -2.0034697590135124e+02 3.6622152232116058e+01 0.0000000000000000e+00 10500
 0.0000000000000000e+00 -9.2989430238763214e+02 0.0000000000000000e+00 0.0000000000000000e+00 01500
 1.3428990680231205e+01 4.1364121197540690e+01 0.0000000000000000e+00 0.0000000000000000e+00 00600
 0.0000000000000000e+00 3.3724861722820876e+01 0.0000000000000000e+00 0.0000000000000000e+00 50010
 -1.4279143586431956e+03 0.0000000000000000e+00 0.0000000000000000e+00 0.0000000000000000e+00 41010
 0.0000000000000000e+00 4.2154443478695066e+03 0.0000000000000000e+00 0.0000000000000000e+00 32010
 0.0000000000000000e+00 0.0000000000000000e+00 -1.4205900291889830e+04 0.0000000000000000e+00 23010
 0.0000000000000000e+00 0.0000000000000000e+00 0.0000000000000000e+00 0.0000000000000000e+00 14010
 3.7005827917631646e+06 -3.5861517510816449e+05 0.0000000000000000e+00 0.0000000000000000e+00 05010
 9.5890160198937735e+02 -5.1023615706493786e+02 0.0000000000000000e+00 0.0000000000000000e+00 40110
 -3.9739264738976549e+03 0.0000000000000000e+00 0.0000000000000000e+00 0.0000000000000000e+00 31110
 0.0000000000000000e+00 0.0000000000000000e+00 0.0000000000000000e+00 0.0000000000000000e+00 22110
 0.0000000000000000e+00 4.1837969542328910e+03 0.0000000000000000e+00 0.0000000000000000e+00 13110
 0.0000000000000000e+00 -7.7561475742882874e+05 0.0000000000000000e+00 0.0000000000000000e+00 04110
 0.0000000000000000e+00 -5.4396748682454495e+02 -2.8158922158849098e+00 0.0000000000000000e+00 30210
 0.0000000000000000e+00 4.8393118786993400e+03 -1.9705083184586583e+03 0.0000000000000000e+00 21210
 0.0000000000000000e+00 0.0000000000000000e+00 0.0000000000000000e+00 0.0000000000000000e+00 12210
 0.0000000000000000e+00 2.0632803524030017e+05 0.0000000000000000e+00 0.0000000000000000e+00 03210
 0.0000000000000000e+00 -2.2361741020100501e+02 0.0000000000000000e+00 0.0000000000000000e+00 20310
 -1.3631982984864717e+03 0.0000000000000000e+00 0.0000000000000000e+00 0.0000000000000000e+00 11310
 0.0000000000000000e+00 0.0000000000000000e+00 0.0000000000000000e+00 0.0000000000000000e+00 02310
 0.0000000000000000e+00 0.0000000000000000e+00 0.0000000000000000e+00 0.0000000000000000e+00 10410
 0.0000000000000000e+00 1.6827546147843237e+04 0.0000000000000000e+00 0.0000000000000000e+00 01410
 0.0000000000000000e+00 0.0000000000000000e+00 3.0572969425629103e+03 0.0000000000000000e+00 00510
 -1.3306865459532617e+03 3.4051196367714756e+03 5.4204214012371824e+02 0.0000000000000000e+00 40020
 0.0000000000000000e+00 0.0000000000000000e+00 5.5025765113664784e+03 0.0000000000000000e+00 31020
 0.0000000000000000e+00 0.0000000000000000e+00 0.0000000000000000e+00 0.0000000000000000e+00 22020
 0.0000000000000000e+00 0.0000000000000000e+00 0.0000000000000000e+00 0.0000000000000000e+00 13020
 4.0601671182926516e+06 0.0000000000000000e+00 -4.9917643202226463e+05 0.0000000000000000e+00 04020
 0.0000000000000000e+00 0.0000000000000000e+00 0.0000000000000000e+00 0.0000000000000000e+00 30120
 0.0000000000000000e+00 0.0000000000000000e+00 0.0000000000000000e+00 0.0000000000000000e+00 21120
 0.0000000000000000e+00 -1.0273258791197997e+06 0.0000000000000000e+00 0.0000000000000000e+00 12120
 0.0000000000000000e+00 0.0000000000000000e+00 0.0000000000000000e+00 0.0000000000000000e+00 03120
 0.0000000000000000e+00 1.3866491021051552e+04 0.0000000000000000e+00 0.0000000000000000e+00 20220
 0.0000000000000000e+00 0.0000000000000000e+00 0.0000000000000000e+00 0.0000000000000000e+00 11220
 0.0000000000000000e+00 0.0000000000000000e+00 0.0000000000000000e+00 0.0000000000000000e+00 02220
 0.0000000000000000e+00 5.0743046652517631e+04 0.0000000000000000e+00 0.0000000000000000e+00 10320
 2.1045924650366847e+04 0.0000000000000000e+00 0.0000000000000000e+00 0.0000000000000000e+00 01320
 0.0000000000000000e+00 -1.5021523481204689e+04 -3.3665059317199157e+04 0.0000000000000000e+00 00420
 0.0000000000000000e+00 -2.1256768609481587e+03 0.0000000000000000e+00 0.0000000000000000e+00 30030
 -3.7518833793338522e+05 0.0000000000000000e+00 0.0000000000000000e+00 0.0000000000000000e+00 21030
 0.0000000000000000e+00 0.0000000000000000e+00 0.0000000000000000e+00 0.0000000000000000e+00 12030
 0.0000000000000000e+00 1.9268966524781886e+07 5.8998854687205357e+06 0.0000000000000000e+00 03030
 0.0000000000000000e+00 0.0000000000000000e+00 0.0000000000000000e+00 0.0000000000000000e+00 20130
 0.0000000000000000e+00 0.0000000000000000e+00 0.0000000000000000e+00 0.0000000000000000e+00 11130
 0.0000000000000000e+00 0.0000000000000000e+00 0.0000000000000000e+00 0.0000000000000000e+00 02130
 0.0000000000000000e+00 -2.7644860243472672e+05 8.1148959012635911e+04 0.0000000000000000e+00 10230
 0.0000000000000000e+00 0.0000000000000000e+00 2.0868933571315426e+05 0.0000000000000000e+00 01230
 0.0000000000000000e+00 1.5947194360754680e+05 0.0000000000000000e+00 0.0000000000000000e+00 00330
 -1.1543756756773155e+04 0.0000000000000000e+00 -6.3028710343593077e+04 0.0000000000000000e+00 20040
 0.0000000000000000e+00 3.6065305652056000e+05 0.0000000000000000e+00 0.0000000000000000e+00 11040
 0.0000000000000000e+00 0.0000000000000000e+00 -6.9089995726356916e+06 0.0000000000000000e+00 02040
 0.0000000000000000e+00 0.0000000000000000e+00 -1.3480603121449435e+06 0.0000000000000000e+00 10140
 0.0000000000000000e+00 0.0000000000000000e+00 0.0000000000000000e+00 0.0000000000000000e+00 01140
 0.0000000000000000e+00 0.0000000000000000e+00 0.0000000000000000e+00 0.0000000000000000e+00 00240
 0.0000000000000000e+00 0.0000000000000000e+00 0.0000000000000000e+00 0.0000000000000000e+00 10050
 2.4437243476180462e+06 -3.1243876628847744e+07 0.0000000000000000e+00 0.0000000000000000e+00 01050
 0.0000000000000000e+00 0.0000000000000000e+00 0.0000000000000000e+00 0.0000000000000000e+00 00150
 0.0000000000000000e+00 0.0000000000000000e+00 1.0380063926175658e+07 0.0000000000000000e+00 00060
 1.1258424199999999e+00 0.0000000000000000e+00 0.0000000000000000e+00 7.6817769999999996e-01 00001
 -3.3092960599999999e+00 0.0000000000000000e+00 0.0000000000000000e+00 -1.2482495400000000e+00 10001
 9.5582156000000005e+00 0.0000000000000000e+00 0.0000000000000000e+00 7.1898036500000000e+00 01001
 -1.2807550800000000e+01 0.0000000000000000e+00 0.0000000000000000e+00 -1.7948002400000000e+00 00002
 3.1328287000000000e+01 0.0000000000000000e+00 0.0000000000000000e+00 4.3097902599999998e+00 20001
 -3.6635859399999998e+02 0.0000000000000000e+00 0.0000000000000000e+00 -4.7514103499999997e+01 11001
 1.2812726399999999e+03 0.0000000000000000e+00 0.0000000000000000e+00 1.2740499699999999e+02 02001
 8.4649294600000005e+00 0.0000000000000000e+00 0.0000000000000000e+00 1.5213236200000000e+00 00201
 -2.1218133200000000e+02 0.0000000000000000e+00 0.0000000000000000e+00 -4.4842024199999997e+01 00111
 8.6216804499999995e+01 0.0000000000000000e+00 0.0000000000000000e+00 1.3903586900000001e+01 10002
 -2.0237557699999999e+02 0.0000000000000000e+00 0.0000000000000000e+00 -7.5177002500000000e+01 01002
 1.2924057499999999e+03 0.0000000000000000e+00 0.0000000000000000e+00 3.3294530099999997e+02 00021
 1.5246574300000000e+02 4.1239841799999999e+02 -1.1855168000000000e+02 0.0000000000000000e+00 00012
 5.6814234300000003e+01 0.0000000000000000e+00 0.0000000000000000e+00 1.5595186500000001e+01 00003
 -1.1109064100000001e+02 0.0000000000000000e+00 0.0000000000000000e+00 -1.5717735800000000e+01 30001
 1.3012309000000000e+03 0.0000000000000000e+00 0.0000000000000000e+00 2.4992499500000000e+02 21001
 -3.3776413699999998e+03 0.0000000000000000e+00 0.0000000000000000e+00 -1.2056100300000001e+03 12001
 -1.0805725299999999e+03 0.0000000000000000e+00 0.0000000000000000e+00 1.6507063800000001e+03 03001
 -2.0675836699999999e+02 0.0000000000000000e+00 0.0000000000000000e+00 -8.6394541199999999e+00 10201
 1.2861228000000001e+03 0.0000000000000000e+00 0.0000000000000000e+00 5.1734533999999996e+01 01201
 4.5738898999999998e+02 0.0000000000000000e+00 0.0000000000000000e+00 2.4632876999999999e+02 10111
 3.1552100700000000e+02 0.0000000000000000e+00 0.0000000000000000e+00 -1.4688802499999999e+03 01111
 -2.8637608399999999e+00 0.0000000000000000e+00 0.0000000000000000e+00 -7.7696205800000001e+01 20002
 -2.8453250400000002e+02 0.0000000000000000e+00 0.0000000000000000e+00 8.0826721799999996e+02 11002
 -5.4968678599999997e+01 0.0000000000000000e+00 0.0000000000000000e+00 -1.8872739300000001e+03 02002
 -8.9490322900000001e+02 0.0000000000000000e+00 0.0000000000000000e+00 -1.3172162699999999e+01 00202
 -5.8186814800000001e+01 0.0000000000000000e+00 0.0000000000000000e+00 -1.7587238100000000e+03 10021
 2.8100110300000001e+01 0.0000000000000000e+00 0.0000000000000000e+00 1.0443614200000000e+04 01021
 2.4986902400000002e+01 0.0000000000000000e+00 0.0000000000000000e+00 3.7717688900000002e+02 00112
 -4.7104892700000001e+00 0.0000000000000000e+00 0.0000000000000000e+00 -1.7433297400000001e+02 10003
 -9.4935661400000004e-01 0.0000000000000000e+00 0.0000000000000000e+00 8.9351807699999995e+02 01003
 5.9109615599999996e+00 0.0000000000000000e+00 0.0000000000000000e+00 -2.7085707800000000e+03 00022
 1.0590745000000000e-01 0.0000000000000000e+00 0.0000000000000000e+00 -1.4915634900000001e+02 00004
 7.4420433400000000e-02 0.0000000000000000e+00 0.0000000000000000e+00 0.0000000000000000e+00 00101
 -9.3204445700000005e-01 0.0000000000000000e+00 0.0000000000000000e+00 0.0000000000000000e+00 00011
 2.8452158100000000e+00 0.0000000000000000e+00 0.0000000000000000e+00 0.0000000000000000e+00 10101
 -2.5439373000000000e+01 0.0000000000000000e+00 0.0000000000000000e+00 0.0000000000000000e+00 01101
 1.3705155500000000e+01 0.0000000000000000e+00 0.0000000000000000e+00 0.0000000000000000e+00 10011
 -7.2542508699999999e+01 0.0000000000000000e+00 0.0000000000000000e+00 0.0000000000000000e+00 01011
 1.1188551900000000e+01 0.0000000000000000e+00 0.0000000000000000e+00 0.0000000000000000e+00 00102
 -2.9857603999999998e+01 0.0000000000000000e+00 0.0000000000000000e+00 0.0000000000000000e+00 20101
 2.5760759400000001e+02 0.0000000000000000e+00 0.0000000000000000e+00 0.0000000000000000e+00 11101
 2.2280062200000000e+02 0.0000000000000000e+00 0.0000000000000000e+00 0.0000000000000000e+00 02101
 -5.7470399800000003e+00 0.0000000000000000e+00 0.0000000000000000e+00 0.0000000000000000e+00 00301
 -5.8377417100000002e+01 0.0000000000000000e+00 0.0000000000000000e+00 0.0000000000000000e+00 20011
 -7.5798640700000007e+01 0.0000000000000000e+00 0.0000000000000000e+00 0.0000000000000000e+00 11011
 -2.0030666900000000e+01 0.0000000000000000e+00 0.0000000000000000e+00 0.0000000000000000e+00 02011
 8.1569985000000003e+01 0.0000000000000000e+00 0.0000000000000000e+00 0.0000000000000000e+00 00211
 3.9907235700000001e+01 0.0000000000000000e+00 0.0000000000000000e+00 0.0000000000000000e+00 10102
 2.6133789799999999e+01 0.0000000000000000e+00 0.0000000000000000e+00 0.0000000000000000e+00 01102
 1.1102801200000000e+01 0.0000000000000000e+00 0.0000000000000000e+00 0.0000000000000000e+00 00121
 1.5806418400000000e+01 0.0000000000000000e+00 0.0000000000000000e+00 0.0000000000000000e+00 10012
 2.5233279000000000e+00 0.0000000000000000e+00 0.0000000000000000e+00 0.0000000000000000e+00 01012
 1.4961163900000001e+00 0.0000000000000000e+00 0.0000000000000000e+00 0.0000000000000000e+00 00103
 2.9442717200000001e+00 0.0000000000000000e+00 0.0000000000000000e+00 0.0000000000000000e+00 00031
 1.9644430600000001e-01 0.0000000000000000e+00 0.0000000000000000e+00 0.0000000000000000e+00 00013
 1.6957368000000000e+02 0.0000000000000000e+00 0.0000000000000000e+00 0.0000000000000000e+00 40001
 -1.1884030900000000e+03 0.0000000000000000e+00 0.0000000000000000e+00 0.0000000000000000e+00 31001
 -2.5640085899999999e+03 0.0000000000000000e+00 0.0000000000000000e+00 0.0000000000000000e+00 22001
 -7.9612626599999999e+02 0.0000000000000000e+00 0.0000000000000000e+00 0.0000000000000000e+00 13001
 -1.7013585599999999e+02 0.0000000000000000e+00 0.0000000000000000e+00 0.0000000000000000e+00 04001
 2.5273732400000000e+01 0.0000000000000000e+00 0.0000000000000000e+00 0.0000000000000000e+00 30101
 -3.0211779799999999e+02 0.0000000000000000e+00 0.0000000000000000e+00 0.0000000000000000e+00 21101
 1.0508874799999999e+01 0.0000000000000000e+00 0.0000000000000000e+00 0.0000000000000000e+00 12101
 1.7954560900000001e+01 0.0000000000000000e+00 0.0000000000000000e+00 0.0000000000000000e+00 03101
 3.9304286900000000e+02 0.0000000000000000e+00 0.0000000000000000e+00 0.0000000000000000e+00 20201
 -2.6547935800000000e+03 0.0000000000000000e+00 0.0000000000000000e+00 0.0000000000000000e+00 11201
 -6.7520795899999996e+02 0.0000000000000000e+00 0.0000000000000000e+00 0.0000000000000000e+00 02201
 3.1537455800000000e+01 0.0000000000000000e+00 0.0000000000000000e+00 0.0000000000000000e+00 10301
 -6.6287274900000000e+01 0.0000000000000000e+00 0.0000000000000000e+00 0.0000000000000000e+00 01301
 1.1048366800000000e+01 0.0000000000000000e+00 0.0000000000000000e+00 0.0000000000000000e+00 00401
 5.3995273300000001e+01 0.0000000000000000e+00 0.0000000000000000e+00 0.0000000000000000e+00 30011
 1.9851422299999999e+01 0.0000000000000000e+00 0.0000000000000000e+00 0.0000000000000000e+00 21011
 6.9951277899999997e+00 0.0000000000000000e+00 0.0000000000000000e+00 0.0000000000000000e+00 12011
 2.0305896899999998e+00 0.0000000000000000e+00 0.0000000000000000e+00 0.0000000000000000e+00 03011
 -4.1475572199999999e+02 0.0000000000000000e+00 0.0000000000000000e+00 0.0000000000000000e+00 20111
 -2.4292429500000000e+02 0.0000000000000000e+00 0.0000000000000000e+00 0.0000000000000000e+00 11111
 -5.3283176900000001e+01 0.0000000000000000e+00 0.0000000000000000e+00 0.0000000000000000e+00 02111
 1.4085442600000000e+01 0.0000000000000000e+00 0.0000000000000000e+00 0.0000000000000000e+00 10211
 -7.1897002499999996e+00 0.0000000000000000e+00 0.0000000000000000e+00 0.0000000000000000e+00 01211
 4.6617528200000002e+01 0.0000000000000000e+00 0.0000000000000000e+00 0.0000000000000000e+00 00311
 3.2702350999999999e+02 0.0000000000000000e+00 0.0000000000000000e+00 0.0000000000000000e+00 30002
 -4.6760376399999998e+01 0.0000000000000000e+00 0.0000000000000000e+00 0.0000000000000000e+00 21002
 -1.3113077600000000e+01 0.0000000000000000e+00 0.0000000000000000e+00 0.0000000000000000e+00 12002
 -2.1460877500000000e+00 0.0000000000000000e+00 0.0000000000000000e+00 0.0000000000000000e+00 03002
 -4.0516263400000003e+02 0.0000000000000000e+00 0.0000000000000000e+00 0.0000000000000000e+00 20102
 -3.7832739400000001e+01 0.0000000000000000e+00 0.0000000000000000e+00 0.0000000000000000e+00 11102
 -3.2861643300000001e+00 0.0000000000000000e+00 0.0000000000000000e+00 0.0000000000000000e+00 02102
 -7.9775662299999999e+02 0.0000000000000000e+00 0.0000000000000000e+00 0.0000000000000000e+00 10202
 -1.0025346300000000e+02 0.0000000000000000e+00 0.0000000000000000e+00 0.0000000000000000e+00 01202
 -5.8149400000000000e+01 0.0000000000000000e+00 0.0000000000000000e+00 0.0000000000000000e+00 00302
 -4.9721882500000000e+01 0.0000000000000000e+00 0.0000000000000000e+00 0.0000000000000000e+00 20021
 -2.3494000000000000e+01 0.0000000000000000e+00 0.0000000000000000e+00 0.0000000000000000e+00 11021
 -4.6306529500000000e+00 0.0000000000000000e+00 0.0000000000000000e+00 0.0000000000000000e+00 02021
 -7.0125265800000003e+00 0.0000000000000000e+00 0.0000000000000000e+00 0.0000000000000000e+00 10121
 -1.6612841400000000e+00 0.0000000000000000e+00 0.0000000000000000e+00 0.0000000000000000e+00 01121
 8.9976115900000000e+00 0.0000000000000000e+00 0.0000000000000000e+00 0.0000000000000000e+00 00221
 -2.6915856399999999e+01 0.0000000000000000e+00 0.0000000000000000e+00 0.0000000000000000e+00 20012
 -2.9374057699999998e+00 0.0000000000000000e+00 0.0000000000000000e+00 0.0000000000000000e+00 11012
 -2.8169995599999997e-01 0.0000000000000000e+00 0.0000000000000000e+00 0.0000000000000000e+00 02012
 -4.4261380600000003e+01 0.0000000000000000e+00 0.0000000000000000e+00 0.0000000000000000e+00 10112
 -5.1887392600000002e+00 0.0000000000000000e+00 0.0000000000000000e+00 0.0000000000000000e+00 01112
 -2.3091301500000001e+00 0.0000000000000000e+00 0.0000000000000000e+00 0.0000000000000000e+00 00212
 1.2974281100000001e+01 0.0000000000000000e+00 0.0000000000000000e+00 0.0000000000000000e+00 20003
 1.2986379400000001e+00 0.0000000000000000e+00 0.0000000000000000e+00 0.0000000000000000e+00 11003
 1.7931982099999999e-01 0.0000000000000000e+00 0.0000000000000000e+00 0.0000000000000000e+00 02003
 3.5963604300000002e-01 0.0000000000000000e+00 0.0000000000000000e+00 0.0000000000000000e+00 10103
 -6.8600012500000002e-02 0.0000000000000000e+00 0.0000000000000000e+00 0.0000000000000000e+00 01103
 4.7989772600000002e-01 0.0000000000000000e+00 0.0000000000000000e+00 0.0000000000000000e+00 00203
 -1.5183764099999999e+00 0.0000000000000000e+00 0.0000000000000000e+00 0.0000000000000000e+00 10031
 -2.5950537600000001e-01 0.0000000000000000e+00 0.0000000000000000e+00 0.0000000000000000e+00 01031
 1.2137887100000000e+00 0.0000000000000000e+00 0.0000000000000000e+00 0.0000000000000000e+00 00131
 -3.8339448699999998e+00 0.0000000000000000e+00 0.0000000000000000e+00 0.0000000000000000e+00 10022
 -4.4880310099999998e-01 0.0000000000000000e+00 0.0000000000000000e+00 0.0000000000000000e+00 01022
 4.3274224600000001e-02 0.0000000000000000e+00 0.0000000000000000e+00 0.0000000000000000e+00 00122
 4.3379578000000002e-02 0.0000000000000000e+00 0.0000000000000000e+00 0.0000000000000000e+00 10013
 3.8101713399999999e-04 0.0000000000000000e+00 0.0000000000000000e+00 0.0000000000000000e+00 01013
 7.1732702300000006e-02 0.0000000000000000e+00 0.0000000000000000e+00 0.0000000000000000e+00 00113
 4.0493515200000002e-03 0.0000000000000000e+00 0.0000000000000000e+00 0.0000000000000000e+00 10004
 -7.0401424799999997e-04 0.0000000000000000e+00 0.0000000000000000e+00 0.0000000000000000e+00 01004
 4.1771769200000001e-03 0.0000000000000000e+00 0.0000000000000000e+00 0.0000000000000000e+00 00104
 2.6521246799999998e-01 0.0000000000000000e+00 0.0000000000000000e+00 0.0000000000000000e+00 00041
 3.4293861799999999e-02 0.0000000000000000e+00 0.0000000000000000e+00 0.0000000000000000e+00 00032
 2.7421903000000001e-02 0.0000000000000000e+00 0.0000000000000000e+00 0.0000000000000000e+00 00023
 3.8234677400000002e-03 0.0000000000000000e+00 0.0000000000000000e+00 0.0000000000000000e+00 00014
 1.4659581000000001e-03 0.0000000000000000e+00 0.0000000000000000e+00 0.0000000000000000e+00 00005
 -2.2197897499999999e+02 0.0000000000000000e+00 0.0000000000000000e+00 0.0000000000000000e+00 50001
 2.0814843300000002e+03 0.0000000000000000e+00 0.0000000000000000e+00 0.0000000000000000e+00 41001
 -4.3056093600000003e+02 0.0000000000000000e+00 0.0000000000000000e+00 0.0000000000000000e+00 32001
 -2.1805028799999999e+02 0.0000000000000000e+00 0.0000000000000000e+00 0.0000000000000000e+00 23001
 -5.5584450099999998e+01 0.0000000000000000e+00 0.0000000000000000e+00 0.0000000000000000e+00 14001
 -1.1364256800000000e+01 0.0000000000000000e+00 0.0000000000000000e+00 0.0000000000000000e+00 05001
 1.0843246300000000e+02 0.0000000000000000e+00 0.0000000000000000e+00 0.0000000000000000e+00 40101
 -9.3186493399999995e+02 0.0000000000000000e+00 0.0000000000000000e+00 0.0000000000000000e+00 31101
 -1.9297715800000000e+02 0.0000000000000000e+00 0.0000000000000000e+00 0.0000000000000000e+00 22101
 -2.8647338300000001e+01 0.0000000000000000e+00 0.0000000000000000e+00 0.0000000000000000e+00 13101
 -3.4101753399999999e+00 0.0000000000000000e+00 0.0000000000000000e+00 0.0000000000000000e+00 04101
 6.1327849800000003e+01 0.0000000000000000e+00 0.0000000000000000e+00 0.0000000000000000e+00 30201
 -4.3628918599999999e+01 0.0000000000000000e+00 0.0000000000000000e+00 0.0000000000000000e+00 21201
 -4.7152181900000002e+01 0.0000000000000000e+00 0.0000000000000000e+00 0.0000000000000000e+00 12201
 -1.4919883000000000e+01 0.0000000000000000e+00 0.0000000000000000e+00 0.0000000000000000e+00 03201
 5.8831090099999997e+01 0.0000000000000000e+00 0.0000000000000000e+00 0.0000000000000000e+00 20301
 -3.6337865000000001e+01 0.0000000000000000e+00 0.0000000000000000e+00 0.0000000000000000e+00 11301
 -8.0151232799999992e+00 0.0000000000000000e+00 0.0000000000000000e+00 0.0000000000000000e+00 02301
 -1.0494428700000000e+02 0.0000000000000000e+00 0.0000000000000000e+00 0.0000000000000000e+00 10401
 3.4771335299999997e+01 0.0000000000000000e+00 0.0000000000000000e+00 0.0000000000000000e+00 01401
 -1.2228812499999999e+02 0.0000000000000000e+00 0.0000000000000000e+00 0.0000000000000000e+00 00501
 -7.7545342300000002e+01 0.0000000000000000e+00 0.0000000000000000e+00 0.0000000000000000e+00 40011
 -6.4131444900000005e+01 0.0000000000000000e+00 0.0000000000000000e+00 0.0000000000000000e+00 31011
 -1.3985750500000000e+01 0.0000000000000000e+00 0.0000000000000000e+00 0.0000000000000000e+00 22011
 -2.3365408200000002e+00 0.0000000000000000e+00 0.0000000000000000e+00 0.0000000000000000e+00 13011
 -3.4059649100000000e-01 0.0000000000000000e+00 0.0000000000000000e+00 0.0000000000000000e+00 04011
 2.9339419400000001e+01 0.0000000000000000e+00 0.0000000000000000e+00 0.0000000000000000e+00 30111
 4.8114933100000002e+01 0.0000000000000000e+00 0.0000000000000000e+00 0.0000000000000000e+00 21111
 9.5017492400000005e+00 0.0000000000000000e+00 0.0000000000000000e+00 0.0000000000000000e+00 12111
 1.3883754100000001e+00 0.0000000000000000e+00 0.0000000000000000e+00 0.0000000000000000e+00 03111
 5.2479251499999997e+01 0.0000000000000000e+00 0.0000000000000000e+00 0.0000000000000000e+00 20211
 3.8005874199999998e+00 0.0000000000000000e+00 0.0000000000000000e+00 0.0000000000000000e+00 11211
 2.3455513600000000e-01 0.0000000000000000e+00 0.0000000000000000e+00 0.0000000000000000e+00 02211
 3.9580808500000003e+01 0.0000000000000000e+00 0.0000000000000000e+00 0.0000000000000000e+00 10311
 1.5256354200000001e+01 0.0000000000000000e+00 0.0000000000000000e+00 0.0000000000000000e+00 01311
 -7.2808032699999998e+00 0.0000000000000000e+00 0.0000000000000000e+00 0.0000000000000000e+00 00411
 -5.9749734599999999e+02 0.0000000000000000e+00 0.0000000000000000e+00 0.0000000000000000e+00 40002
 -1.0272174900000000e+02 0.0000000000000000e+00 0.0000000000000000e+00 0.0000000000000000e+00 31002
 -1.5368110700000001e+01 0.0000000000000000e+00 0.0000000000000000e+00 0.0000000000000000e+00 22002
 -2.1720831600000001e+00 0.0000000000000000e+00 0.0000000000000000e+00 0.0000000000000000e+00 13002
 -2.7460926400000002e-01 0.0000000000000000e+00 0.0000000000000000e+00 0.0000000000000000e+00 04002
 1.0683798299999999e+02 0.0000000000000000e+00 0.0000000000000000e+00 0.0000000000000000e+00 30102
 1.2376615800000000e+01 0.0000000000000000e+00 0.0000000000000000e+00 0.0000000000000000e+00 21102
 1.4653033000000000e+00 0.0000000000000000e+00 0.0000000000000000e+00 0.0000000000000000e+00 12102
 1.8539329299999999e-01 0.0000000000000000e+00 0.0000000000000000e+00 0.0000000000000000e+00 03102
 1.1888713100000000e+01 0.0000000000000000e+00 0.0000000000000000e+00 0.0000000000000000e+00 20202
 -2.5566998800000000e+00 0.0000000000000000e+00 0.0000000000000000e+00 0.0000000000000000e+00 11202
 -8.6380901700000001e-01 0.0000000000000000e+00 0.0000000000000000e+00 0.0000000000000000e+00 02202
 1.8804701399999999e+01 0.0000000000000000e+00 0.0000000000000000e+00 0.0000000000000000e+00 10302
 2.4966757999999998e+00 0.0000000000000000e+00 0.0000000000000000e+00 0.0000000000000000e+00 01302
 -3.9308849700000001e+00 0.0000000000000000e+00 0.0000000000000000e+00 0.0000000000000000e+00 00402
 1.2703465100000001e+01 0.0000000000000000e+00 0.0000000000000000e+00 0.0000000000000000e+00 30021
 7.9618751600000000e+00 0.0000000000000000e+00 0.0000000000000000e+00 0.0000000000000000e+00 21021
 1.6098250700000001e+00 0.0000000000000000e+00 0.0000000000000000e+00 0.0000000000000000e+00 12021
 2.5756567499999999e-01 0.0000000000000000e+00 0.0000000000000000e+00 0.0000000000000000e+00 03021
 5.9357450700000003e+00 0.0000000000000000e+00 0.0000000000000000e+00 0.0000000000000000e+00 20121
 6.7934845300000002e-01 0.0000000000000000e+00 0.0000000000000000e+00 0.0000000000000000e+00 11121
 7.5755015100000003e-02 0.0000000000000000e+00 0.0000000000000000e+00 0.0000000000000000e+00 02121
 7.3629458100000003e+00 0.0000000000000000e+00 0.0000000000000000e+00 0.0000000000000000e+00 10221
 2.3008013500000000e+00 0.0000000000000000e+00 0.0000000000000000e+00 0.0000000000000000e+00 01221
 -1.1838300700000000e-01 0.0000000000000000e+00 0.0000000000000000e+00 0.0000000000000000e+00 00321
 1.4425814500000000e+01 0.0000000000000000e+00 0.0000000000000000e+00 0.0000000000000000e+00 30012
 1.5265816299999999e+00 0.0000000000000000e+00 0.0000000000000000e+00 0.0000000000000000e+00 21012
 1.6302881699999999e-01 0.0000000000000000e+00 0.0000000000000000e+00 0.0000000000000000e+00 12012
 1.7168950900000000e-02 0.0000000000000000e+00 0.0000000000000000e+00 0.0000000000000000e+00 03012
 1.5074373400000001e+01 0.0000000000000000e+00 0.0000000000000000e+00 0.0000000000000000e+00 20112
 1.6070658300000000e+00 0.0000000000000000e+00 0.0000000000000000e+00 0.0000000000000000e+00 11112
 1.6646502299999999e-01 0.0000000000000000e+00 0.0000000000000000e+00 0.0000000000000000e+00 02112
 2.2880329700000002e+00 0.0000000000000000e+00 0.0000000000000000e+00 0.0000000000000000e+00 10212
 2.6541344900000002e-01 0.0000000000000000e+00 0.0000000000000000e+00 0.0000000000000000e+00 01212
 3.2668393000000000e+00 0.0000000000000000e+00 0.0000000000000000e+00 0.0000000000000000e+00 00312
 -1.4469480500000000e+00 0.0000000000000000e+00 0.0000000000000000e+00 0.0000000000000000e+00 30003
 -3.0155182100000000e-01 0.0000000000000000e+00 0.0000000000000000e+00 0.0000000000000000e+00 21003
 -9.7940595800000002e-02 0.0000000000000000e+00 0.0000000000000000e+00 0.0000000000000000e+00 12003
 -2.1887463300000000e-02 0.0000000000000000e+00 0.0000000000000000e+00 0.0000000000000000e+00 03003
 2.1373127700000000e-01 0.0000000000000000e+00 0.0000000000000000e+00 0.0000000000000000e+00 20103
 -4.2487175700000003e-03 0.0000000000000000e+00 0.0000000000000000e+00 0.0000000000000000e+00 11103
 -2.6398123599999999e-03 0.0000000000000000e+00 0.0000000000000000e+00 0.0000000000000000e+00 02103
 -3.9033618199999998e-01 0.0000000000000000e+00 0.0000000000000000e+00 0.0000000000000000e+00 10203
 -2.2056344900000000e-02 0.0000000000000000e+00 0.0000000000000000e+00 0.0000000000000000e+00 01203
 -2.5206106999999998e-02 0.0000000000000000e+00 0.0000000000000000e+00 0.0000000000000000e+00 00303
 8.3539572600000001e-01 0.0000000000000000e+00 0.0000000000000000e+00 0.0000000000000000e+00 20031
 1.0108242400000000e-01 0.0000000000000000e+00 0.0000000000000000e+00 0.0000000000000000e+00 11031
 1.1382651500000000e-02 0.0000000000000000e+00 0.0000000000000000e+00 0.0000000000000000e+00 02031
 9.6753924199999997e-01 0.0000000000000000e+00 0.0000000000000000e+00 0.0000000000000000e+00 10131
 2.8394057299999997e-01 0.0000000000000000e+00 0.0000000000000000e+00 0.0000000000000000e+00 01131
 7.0409468399999994e-02 0.0000000000000000e+00 0.0000000000000000e+00 0.0000000000000000e+00 00231
 1.9662115200000001e+00 0.0000000000000000e+00 0.0000000000000000e+00 0.0000000000000000e+00 20022
 2.1192966199999999e-01 0.0000000000000000e+00 0.0000000000000000e+00 0.0000000000000000e+00 11022
 2.2229702000000000e-02 0.0000000000000000e+00 0.0000000000000000e+00 0.0000000000000000e+00 02022
 1.9217672799999999e-01 0.0000000000000000e+00 0.0000000000000000e+00 0.0000000000000000e+00 10122
 2.0842935900000002e-02 0.0000000000000000e+00 0.0000000000000000e+00 0.0000000000000000e+00 01122
 4.0919772199999999e-01 0.0000000000000000e+00 0.0000000000000000e+00 0.0000000000000000e+00 00222
 1.1620879799999999e-02 0.0000000000000000e+00 0.0000000000000000e+00 0.0000000000000000e+00 20013
 -8.6175197900000000e-04 0.0000000000000000e+00 0.0000000000000000e+00 0.0000000000000000e+00 11013
 -3.6803400800000002e-04 0.0000000000000000e+00 0.0000000000000000e+00 0.0000000000000000e+00 02013
 -3.0559588299999999e-02 0.0000000000000000e+00 0.0000000000000000e+00 0.0000000000000000e+00 10113
 7.9282077300000002e-04 0.0000000000000000e+00 0.0000000000000000e+00 0.0000000000000000e+00 01113
 -1.0358131200000000e-03 0.0000000000000000e+00 0.0000000000000000e+00 0.0000000000000000e+00 00213
 -3.1766529600000003e-02 0.0000000000000000e+00 0.0000000000000000e+00 0.0000000000000000e+00 20004
 -8.6869289399999997e-03 0.0000000000000000e+00 0.0000000000000000e+00 0.0000000000000000e+00 11004
 -1.3033663300000000e-03 0.0000000000000000e+00 0.0000000000000000e+00 0.0000000000000000e+00 02004
 -4.8593005899999998e-03 0.0000000000000000e+00 0.0000000000000000e+00 0.0000000000000000e+00 10104
 -1.8132267699999999e-04 0.0000000000000000e+00 0.0000000000000000e+00 0.0000000000000000e+00 01104
 -2.2531301500000000e-02 0.0000000000000000e+00 0.0000000000000000e+00 0.0000000000000000e+00 00204
 1.0273608300000001e-01 0.0000000000000000e+00 0.0000000000000000e+00 0.0000000000000000e+00 10041
 3.1679181700000003e-02 0.0000000000000000e+00 0.0000000000000000e+00 0.0000000000000000e+00 01041
 1.7740698900000001e-02 0.0000000000000000e+00 0.0000000000000000e+00 0.0000000000000000e+00 00141
 1.2813031600000000e-02 0.0000000000000000e+00 0.0000000000000000e+00 0.0000000000000000e+00 10032
 1.3430987299999999e-03 0.0000000000000000e+00 0.0000000000000000e+00 0.0000000000000000e+00 01032
 4.4265491599999998e-02 0.0000000000000000e+00 0.0000000000000000e+00 0.0000000000000000e+00 00132
 -5.0074566800000003e-03 0.0000000000000000e+00 0.0000000000000000e+00 0.0000000000000000e+00 10023
 -3.6226490100000000e-05 0.0000000000000000e+00 0.0000000000000000e+00 0.0000000000000000e+00 01023
 -1.0084677400000000e-04 0.0000000000000000e+00 0.0000000000000000e+00 0.0000000000000000e+00 00123
 -2.5991156500000000e-04 0.0000000000000000e+00 0.0000000000000000e+00 0.0000000000000000e+00 10014
 -8.6598892899999998e-06 0.0000000000000000e+00 0.0000000000000000e+00 0.0000000000000000e+00 01014
 1.2643326200000000e-04 0.0000000000000000e+00 0.0000000000000000e+00 0.0000000000000000e+00 00114
 -3.7640531699999999e-04 0.0000000000000000e+00 0.0000000000000000e+00 0.0000000000000000e+00 10005
 -4.9526213000000003e-05 0.0000000000000000e+00 0.0000000000000000e+00 0.0000000000000000e+00 01005
 5.0543502499999998e-05 0.0000000000000000e+00 0.0000000000000000e+00 0.0000000000000000e+00 00105
 3.1877867700000001e-03 0.0000000000000000e+00 0.0000000000000000e+00 0.0000000000000000e+00 00051
 4.7427681699999998e-03 0.0000000000000000e+00 0.0000000000000000e+00 0.0000000000000000e+00 00042
 1.0854985800000000e-05 0.0000000000000000e+00 0.0000000000000000e+00 0.0000000000000000e+00 00033
 9.0835490000000001e-05 0.0000000000000000e+00 0.0000000000000000e+00 0.0000000000000000e+00 00024
 3.1187906300000002e-06 0.0000000000000000e+00 0.0000000000000000e+00 0.0000000000000000e+00 00015
 2.3269827100000001e-06 0.0000000000000000e+00 0.0000000000000000e+00 0.0000000000000000e+00 00006
 --------------------------------------------
