! Candidate angular fit; delta and xtar-dependent terms retained from frozen seed.
 --------------------------------------------
 8.2606726140311290e-04 -8.3664990988864540e-07 5.3083240554296744e-04 0.0000000000000000e+00 00000
 3.3516216284605999e-01 1.5763612836946113e-02 -4.9433114740925687e-03 2.4527718100000001e-01 10000
 -3.0198997541403418e+00 -1.2765389568840391e-01 3.3640705925681268e-02 1.7923725400000001e-01 01000
 6.1864299232024472e-04 -4.6410159392926770e-01 2.8309931936870031e-01 1.5762221900000001e-02 00100
 1.2599708219283648e-01 7.4652895166993152e-02 -2.3799589115140414e+00 -2.7748113599999999e-02 00010
 -2.8419068028774280e-01 -2.0941138760693426e-02 8.9763255448749978e-03 -3.1763193899999997e-01 20000
 1.8793770257191003e+00 -6.7176719648428890e-02 -3.0742015355237136e-02 3.2294487900000002e+00 11000
 7.1296520367778449e+00 1.3152298204967461e+00 -1.2397911592348153e-01 9.9624983800000000e-01 02000
 -1.7223123032460080e-01 1.4874850866913469e+00 -4.2072833277152710e-01 -6.9868989000000006e-02 10100
 1.2958992295833205e+00 5.2278896816526510e-01 1.9451411944462887e-01 -2.7273720299999998e-01 01100
 -9.3734191442436263e-02 -8.6722806089466156e-02 -1.1023671224206317e-02 -1.7795864400000000e-02 00200
 8.2471777925950410e-02 -2.0439776690983638e+01 5.2340159803012547e+00 -1.7964206399999999e-01 10010
 -2.8280279647398371e-01 -1.6142829115785716e+01 2.6574421010228080e+00 5.1434082800000001e+00 01010
 0.0000000000000000e+00 0.0000000000000000e+00 1.2928124233860933e-01 4.5628469799999999e-01 00110
 5.3413101771419269e-01 -2.8281250743926596e+00 1.5272861493162140e+00 -6.4079203600000003e+00 00020
 8.6164041768518052e-01 8.0764614552502972e-02 -3.3994838920400082e-02 9.3683431900000003e-01 30000
 -1.8958742747644447e+01 1.5829778721839549e-01 4.4017966105602296e-02 -1.3540589900000001e+01 21000
 1.4142953019774006e+02 -9.2446778541315133e+00 0.0000000000000000e+00 5.1879764199999997e+01 12000
 -4.2571821440736568e+02 3.5478910006579881e+01 4.4796622324929531e+00 -2.0498985000000001e+01 03000
 3.0434925142507812e+00 -4.8049686320383920e+00 7.2476874078625209e-01 -3.1254219399999998e-02 20100
 -3.1029601754886571e+01 5.3450377634753394e+01 -7.4050217681298651e+00 2.8400841199999999e-01 11100
 4.8684470643366929e+01 -1.2553310105440355e+02 1.2993756235063886e+01 3.9556433100000001e+00 02100
 -7.7533071511965257e-01 1.9842900106162136e+00 4.2159222801917490e-01 9.5431561099999995e-01 10200
 9.3337795056660404e+00 -1.6751565584597255e+01 0.0000000000000000e+00 -7.0688381700000003e+00 01200
 8.6208841480513732e-01 -2.3759620609789497e-01 1.0253980617457768e-01 -3.5820566700000001e-01 00300
 -1.5644528584534655e+01 6.2380758409033518e+01 -1.4031616823004667e+01 -2.7448817499999998e+00 20010
 1.7697254943550271e+02 -7.2146035933403527e+02 1.5624162536069542e+02 1.0681983600000001e+01 11010
 -4.0940473027279376e+02 1.8025459800499516e+03 -3.4662194788299536e+02 -4.6776265000000002e+01 02010
 -1.7477129797833146e+00 -4.7349780113979278e+01 0.0000000000000000e+00 4.3468718099999998e-01 10110
 0.0000000000000000e+00 3.7423087999980521e+02 -5.4717505055157758e+01 2.5692412099999999e+01 01110
 0.0000000000000000e+00 5.4987655396584991e+01 1.1443460506938324e+01 -3.1559352000000001e+00 00210
 8.5823494449153714e+01 2.4422798909163610e+01 1.8963117230086350e+01 3.1907757499999999e+01 10020
 -9.0224539667284841e+02 -2.1614762577732202e+02 -2.7901222134556338e+01 -4.6789810199999999e+02 01020
 0.0000000000000000e+00 -9.7660545587260856e+02 1.2824163140428251e+02 3.4179037000000001e+01 00120
 -1.1155606904877234e+02 5.0644461295931133e+03 -8.5989033999163701e+02 -7.1508536199999995e+01 00030
 -5.8862673358900439e+00 -1.5660780069600613e-01 0.0000000000000000e+00 -2.3027877499999998e+00 40000
 1.2371317768861354e+02 0.0000000000000000e+00 1.1409436487489617e-01 5.8024830899999998e+01 31000
 -8.9677265412311306e+02 1.4481233330357245e+01 0.0000000000000000e+00 -4.9156237399999998e+02 22000
 2.2661595309121303e+03 0.0000000000000000e+00 0.0000000000000000e+00 1.7182972100000000e+03 13000
 0.0000000000000000e+00 -4.4359785945368219e+02 -1.1932377941384973e+02 -1.9501040300000000e+03 04000
 -3.1059587986795446e+01 6.5485112090502540e+00 -7.0673971589708173e-02 -1.4621283800000000e+00 30100
 5.7942111696368829e+02 -6.6875333947401259e+01 2.7961728977973141e+00 4.7295753499999996e+01 21100
 -3.8421954363027030e+03 6.7028113031802041e+00 0.0000000000000000e+00 -4.3237295599999999e+02 12100
 9.3771300330896720e+03 1.1500310087933647e+03 -1.2566071755215179e+02 1.3233994800000000e+03 03100
 0.0000000000000000e+00 4.3079528447322479e+00 -8.5901627968889283e-01 -1.0047251200000000e+00 20200
 0.0000000000000000e+00 0.0000000000000000e+00 0.0000000000000000e+00 1.6743462399999999e+01 11200
 0.0000000000000000e+00 1.6674125983859932e+02 0.0000000000000000e+00 -6.7273158699999996e+01 02200
 -4.2074728797933947e+00 -7.3704388877261398e+00 0.0000000000000000e+00 4.9815545700000001e+00 10300
 0.0000000000000000e+00 -3.1108686658567063e+01 0.0000000000000000e+00 -3.7436718100000000e+01 01300
 0.0000000000000000e+00 -3.8850179088585826e+00 0.0000000000000000e+00 3.8352631700000002e+00 00400
 1.8855015428569885e+02 -1.2532436407071197e+02 1.3914997141920455e+01 2.0406354700000001e+01 30010
 -2.7019705526614139e+03 1.4841558511990734e+03 -1.6099815178081221e+02 -5.2187064599999997e+02 21010
 1.3327114707337254e+04 -2.6012548508842860e+03 0.0000000000000000e+00 4.0218560800000000e+03 12010
 -2.7141643120057113e+04 -1.2664559886616824e+04 3.7879653468926499e+03 -1.1081659400000000e+04 03010
 0.0000000000000000e+00 2.4896034057433585e+02 0.0000000000000000e+00 -2.6109065900000001e+01 20110
 2.9597523065568032e+02 -3.0449342867202686e+03 0.0000000000000000e+00 3.4366059500000000e+02 11110
 0.0000000000000000e+00 3.8980016705695580e+03 1.7329075949782459e+03 -9.7405222100000003e+02 02110
 0.0000000000000000e+00 0.0000000000000000e+00 0.0000000000000000e+00 -3.6510193000000001e+01 10210
 -1.2589604625916931e+02 8.4303554424358322e+02 -3.3255822077851082e+02 2.9243684000000002e+02 01210
 0.0000000000000000e+00 0.0000000000000000e+00 0.0000000000000000e+00 -8.4939199799999997e+01 00310
 0.0000000000000000e+00 -1.6796882590921709e+03 0.0000000000000000e+00 4.0636932100000001e+02 20020
 0.0000000000000000e+00 1.4468399869012634e+04 0.0000000000000000e+00 -4.5869649099999997e+03 11020
 -1.1054460258945024e+04 1.0924968039985009e+04 -1.5730177155244775e+04 9.3584628599999996e+03 02020
 3.1357085376031029e+02 -1.2355133553150867e+02 1.6034184751725768e+03 6.0264629700000000e+01 10120
 0.0000000000000000e+00 -4.6041507324452696e+03 0.0000000000000000e+00 -6.9720597099999998e+02 01120
 0.0000000000000000e+00 -2.5676321372163934e-02 2.5771192170897956e+02 7.2697501299999999e+02 00220
 0.0000000000000000e+00 -3.1652120857312020e+03 1.8071090876185244e+03 5.3606629499999997e+02 10030
 -1.1909530162117685e+03 2.2938795477334155e+04 0.0000000000000000e+00 -2.3364836399999999e+03 01030
 0.0000000000000000e+00 7.9079283911551238e+02 0.0000000000000000e+00 -1.6674671400000000e+03 00130
 0.0000000000000000e+00 0.0000000000000000e+00 0.0000000000000000e+00 3.9121164899999999e+03 00040
 2.1222696798802684e+01 -6.9283622110461485e-01 1.5266757223576205e-01 4.9678190300000002e+00 50000
 -3.5706207570724206e+02 5.5728486782878468e+00 0.0000000000000000e+00 -2.1463550799999999e+02 41000
 0.0000000000000000e+00 0.0000000000000000e+00 0.0000000000000000e+00 3.4385126599999999e+03 32000
 3.5226790618490064e+04 0.0000000000000000e+00 0.0000000000000000e+00 -2.7888407800000001e+04 23000
 -2.5777700178475888e+05 -2.2469893205801873e+03 0.0000000000000000e+00 1.1885052899999999e+05 14000
 5.9055167707412888e+05 7.3922565756176946e+03 0.0000000000000000e+00 -2.0979779999999999e+05 05000
 1.1009099867087465e+02 -6.3225056265437098e+00 -4.9586154463459442e-01 3.0790796100000000e+00 40100
 -2.2867036364519822e+03 1.4543462867058571e+02 0.0000000000000000e+00 -7.1757031799999993e+01 31100
 1.2955948823976762e+04 0.0000000000000000e+00 0.0000000000000000e+00 1.7523077900000001e+02 22100
 0.0000000000000000e+00 -9.6609865912127025e+03 0.0000000000000000e+00 3.6607079199999998e+03 13100
 -1.0442258826656696e+05 3.2622026874511645e+04 -2.1381352199025318e+03 -1.8679771700000001e+04 04100
 4.0980063146073505e+01 -4.1615455778812084e+01 1.2731664518323187e+00 -9.8292970799999999e+00 30200
 -1.5821552940359624e+02 -1.5197647868165539e+01 0.0000000000000000e+00 2.2322339500000001e+02 21200
 -6.9292686609766565e+02 9.9176761255860163e+02 0.0000000000000000e+00 -1.9345593400000000e+03 12200
 3.0693421026267979e+03 -1.3822895951267299e+03 0.0000000000000000e+00 6.2959604900000004e+03 03200
 0.0000000000000000e+00 0.0000000000000000e+00 0.0000000000000000e+00 7.5324127100000000e+00 20300
 0.0000000000000000e+00 0.0000000000000000e+00 0.0000000000000000e+00 -1.7311873199999999e+02 11300
 -6.1625617130047985e+01 1.5681929509152434e+02 -1.4596747964800974e+02 1.0774482200000000e+03 02300
 2.4145099709464066e+01 6.0376488194249120e+01 0.0000000000000000e+00 -1.1124031400000001e+00 10400
 -2.9353273004351354e+02 -1.8573975134496953e+02 0.0000000000000000e+00 -1.0768688200000000e+02 01400
 9.4930389831571951e+00 9.1823695059601633e+01 -1.2231828753890134e+01 -1.3675491200000001e+00 00500
 -1.1663231307832136e+03 1.3919289042007821e+02 0.0000000000000000e+00 -4.8581986499999999e+01 40010
 2.2753686199611861e+04 -1.1965279077595883e+03 0.0000000000000000e+00 1.9529719100000000e+03 31010
 -1.2422143365203867e+05 -1.9314433496105008e+04 0.0000000000000000e+00 -2.0776508900000001e+04 22010
 0.0000000000000000e+00 2.4598037121349043e+05 0.0000000000000000e+00 7.9440774900000004e+04 13010
 1.1068089636669296e+06 -6.6996015184735274e+05 0.0000000000000000e+00 -7.1841567599999995e+04 04010
 0.0000000000000000e+00 -4.1935020269685339e+01 0.0000000000000000e+00 6.3779292800000000e+01 30110
 -4.3941950760425061e+03 1.1339235260209538e+04 0.0000000000000000e+00 -1.7658266000000001e+03 21110
 0.0000000000000000e+00 -5.6510922786007875e+04 0.0000000000000000e+00 1.1961652899999999e+04 12110
 9.0566317434381519e+04 3.9132279359988846e+04 0.0000000000000000e+00 -3.6062570899999999e+04 03110
 0.0000000000000000e+00 -3.9230405677672235e+02 0.0000000000000000e+00 -8.6987571199999998e+00 20210
 -6.3672406358682213e+02 0.0000000000000000e+00 0.0000000000000000e+00 1.6077307200000000e+03 11210
 0.0000000000000000e+00 0.0000000000000000e+00 0.0000000000000000e+00 -1.1675984399999999e+04 02210
 0.0000000000000000e+00 0.0000000000000000e+00 0.0000000000000000e+00 1.6598224700000000e+02 10310
 0.0000000000000000e+00 1.2371630041495591e+03 -5.9639563638337870e+02 9.4686973100000000e+02 01310
 0.0000000000000000e+00 0.0000000000000000e+00 0.0000000000000000e+00 1.6439557600000001e+02 00410
 -4.3585733491791298e+03 4.7622528212960360e+03 0.0000000000000000e+00 -2.4076491099999998e+03 30020
 1.2614568779892549e+05 -9.9441679419003296e+04 0.0000000000000000e+00 5.5520991600000001e+04 21020
 -7.9396308087758382e+05 3.5264534182393953e+05 0.0000000000000000e+00 -4.1814969699999999e+05 12020
 1.7946438577295914e+06 0.0000000000000000e+00 0.0000000000000000e+00 1.1185970900000001e+06 03020
 -1.3571917377227039e+03 0.0000000000000000e+00 0.0000000000000000e+00 3.3250162999999998e+02 20120
 0.0000000000000000e+00 0.0000000000000000e+00 0.0000000000000000e+00 -1.4254245100000000e+04 11120
 0.0000000000000000e+00 0.0000000000000000e+00 0.0000000000000000e+00 5.2657758800000003e+04 02120
 0.0000000000000000e+00 0.0000000000000000e+00 0.0000000000000000e+00 -3.9989584300000001e+03 10220
 0.0000000000000000e+00 0.0000000000000000e+00 0.0000000000000000e+00 2.5102144300000000e+04 01220
 0.0000000000000000e+00 -7.3549868609773966e+03 0.0000000000000000e+00 9.0266857599999994e+01 00320
 0.0000000000000000e+00 0.0000000000000000e+00 4.0895435535972560e+04 -9.3089900000000000e+02 20030
 6.1136950358428103e+03 -1.2319789354560460e+05 0.0000000000000000e+00 3.9788767800000001e+04 11030
 0.0000000000000000e+00 9.3935519448984554e+05 0.0000000000000000e+00 -1.1875274700000000e+05 02030
 0.0000000000000000e+00 0.0000000000000000e+00 0.0000000000000000e+00 2.9493169800000000e+04 10130
 0.0000000000000000e+00 0.0000000000000000e+00 0.0000000000000000e+00 -2.5987719800000000e+05 01130
 3.0335838469856963e+03 0.0000000000000000e+00 0.0000000000000000e+00 1.1004152400000000e+03 00230
 -1.0360313094740966e+04 -7.1480230172224447e+03 0.0000000000000000e+00 -1.3196676600000001e+04 10040
 0.0000000000000000e+00 0.0000000000000000e+00 0.0000000000000000e+00 3.0309427799999999e+05 01040
 0.0000000000000000e+00 1.7083204886990858e+05 4.0315548918305431e+04 -1.7333469400000002e+04 00140
 0.0000000000000000e+00 -1.2138014389515605e+06 0.0000000000000000e+00 3.0963153100000000e+04 00050
 -2.2571993759587059e+01 1.5694695720698981e+00 -1.6675561057763003e-01 0.0000000000000000e+00 60000
 3.3517290618211666e+02 0.0000000000000000e+00 0.0000000000000000e+00 0.0000000000000000e+00 51000
 0.0000000000000000e+00 -2.0991155509476928e+02 0.0000000000000000e+00 0.0000000000000000e+00 42000
 0.0000000000000000e+00 7.0727860163018954e+02 1.4230474310683522e+02 0.0000000000000000e+00 33000
 -3.0040788121779478e+05 0.0000000000000000e+00 0.0000000000000000e+00 0.0000000000000000e+00 24000
 2.6536592397075659e+06 0.0000000000000000e+00 0.0000000000000000e+00 0.0000000000000000e+00 15000
 -6.9084124184304681e+06 5.1768463808910979e+04 0.0000000000000000e+00 0.0000000000000000e+00 06000
 -1.3020357880074590e+02 0.0000000000000000e+00 2.6916230255313722e-01 0.0000000000000000e+00 50100
 2.8868364966251938e+03 -1.6330634919128011e+02 0.0000000000000000e+00 0.0000000000000000e+00 41100
 -1.5234098649932963e+04 0.0000000000000000e+00 0.0000000000000000e+00 0.0000000000000000e+00 32100
 0.0000000000000000e+00 9.2111334682153811e+03 0.0000000000000000e+00 0.0000000000000000e+00 23100
 0.0000000000000000e+00 -3.4350156832973153e+03 0.0000000000000000e+00 0.0000000000000000e+00 14100
 3.1399244940182025e+05 -1.8497525734484571e+05 2.6786526877777083e+04 0.0000000000000000e+00 05100
 -8.1716142506005923e+01 5.7815747721991116e+01 0.0000000000000000e+00 0.0000000000000000e+00 40200
 1.5189562036070384e+02 0.0000000000000000e+00 0.0000000000000000e+00 0.0000000000000000e+00 31200
 0.0000000000000000e+00 0.0000000000000000e+00 0.0000000000000000e+00 0.0000000000000000e+00 22200
 0.0000000000000000e+00 0.0000000000000000e+00 0.0000000000000000e+00 0.0000000000000000e+00 13200
 9.6335709315020831e+03 -1.7018263065175357e+04 0.0000000000000000e+00 0.0000000000000000e+00 04200
 0.0000000000000000e+00 5.1340600437822353e+01 0.0000000000000000e+00 0.0000000000000000e+00 30300
 0.0000000000000000e+00 0.0000000000000000e+00 0.0000000000000000e+00 0.0000000000000000e+00 21300
 0.0000000000000000e+00 9.0778604169291009e+02 0.0000000000000000e+00 0.0000000000000000e+00 12300
 5.7167652791326418e+03 0.0000000000000000e+00 8.1165004222776906e+03 0.0000000000000000e+00 03300
 0.0000000000000000e+00 -1.0380182276955310e+02 -2.9723331429408201e+01 0.0000000000000000e+00 20400
 5.7435007536909757e+02 0.0000000000000000e+00 0.0000000000000000e+00 0.0000000000000000e+00 11400
 0.0000000000000000e+00 0.0000000000000000e+00 -6.3182874334328824e+02 0.0000000000000000e+00 02400
 0.0000000000000000e+00 -1.9148432606104387e+02 7.8826720098342363e+01 0.0000000000000000e+00 10500
 0.0000000000000000e+00 -8.0693970855477073e+02 0.0000000000000000e+00 0.0000000000000000e+00 01500
 -9.8932537346652978e+01 -3.1269326538760698e+01 0.0000000000000000e+00 0.0000000000000000e+00 00600
 2.1729358112143377e+03 -1.9979081884913137e+00 0.0000000000000000e+00 0.0000000000000000e+00 50010
 -4.9240881063043213e+04 0.0000000000000000e+00 0.0000000000000000e+00 0.0000000000000000e+00 41010
 2.7295556778699084e+05 2.7846376026943708e+04 0.0000000000000000e+00 0.0000000000000000e+00 32010
 0.0000000000000000e+00 0.0000000000000000e+00 -1.7179745065737283e+04 0.0000000000000000e+00 23010
 0.0000000000000000e+00 -2.7516453961141924e+06 0.0000000000000000e+00 0.0000000000000000e+00 14010
 -9.2381267415039968e+06 1.1446291707477607e+07 0.0000000000000000e+00 0.0000000000000000e+00 05010
 1.1010191658261913e+03 -6.8508255986917459e+02 0.0000000000000000e+00 0.0000000000000000e+00 40110
 -4.8624743970216541e+03 0.0000000000000000e+00 0.0000000000000000e+00 0.0000000000000000e+00 31110
 0.0000000000000000e+00 -1.5813654924036458e+05 0.0000000000000000e+00 0.0000000000000000e+00 22110
 0.0000000000000000e+00 1.5289295839819689e+06 0.0000000000000000e+00 0.0000000000000000e+00 13110
 0.0000000000000000e+00 -3.7809579292884581e+06 0.0000000000000000e+00 0.0000000000000000e+00 04110
 0.0000000000000000e+00 -3.3604991653342830e+02 5.9226813094977068e+01 0.0000000000000000e+00 30210
 0.0000000000000000e+00 2.1537859661720840e+03 -6.1099079891062820e+03 0.0000000000000000e+00 21210
 0.0000000000000000e+00 0.0000000000000000e+00 0.0000000000000000e+00 0.0000000000000000e+00 12210
 0.0000000000000000e+00 1.0656091909863420e+05 0.0000000000000000e+00 0.0000000000000000e+00 03210
 0.0000000000000000e+00 1.3709648927000052e+02 3.8385745207746737e+02 0.0000000000000000e+00 20310
 1.6875382544501233e+04 0.0000000000000000e+00 0.0000000000000000e+00 0.0000000000000000e+00 11310
 0.0000000000000000e+00 0.0000000000000000e+00 0.0000000000000000e+00 0.0000000000000000e+00 02310
 0.0000000000000000e+00 0.0000000000000000e+00 0.0000000000000000e+00 0.0000000000000000e+00 10410
 0.0000000000000000e+00 1.5142249920518892e+04 0.0000000000000000e+00 0.0000000000000000e+00 01410
 0.0000000000000000e+00 0.0000000000000000e+00 0.0000000000000000e+00 0.0000000000000000e+00 00510
 0.0000000000000000e+00 -3.5150131263233279e+03 0.0000000000000000e+00 0.0000000000000000e+00 40020
 0.0000000000000000e+00 1.2882433889569464e+05 6.3007254689245337e+03 0.0000000000000000e+00 31020
 0.0000000000000000e+00 0.0000000000000000e+00 0.0000000000000000e+00 0.0000000000000000e+00 22020
 0.0000000000000000e+00 -5.4743558993294220e+06 0.0000000000000000e+00 0.0000000000000000e+00 13020
 2.6036301926970542e+06 1.4127666023153687e+07 -1.2118176254763408e+06 0.0000000000000000e+00 04020
 0.0000000000000000e+00 0.0000000000000000e+00 0.0000000000000000e+00 0.0000000000000000e+00 30120
 0.0000000000000000e+00 0.0000000000000000e+00 0.0000000000000000e+00 0.0000000000000000e+00 21120
 0.0000000000000000e+00 -9.8846777418583550e+05 0.0000000000000000e+00 0.0000000000000000e+00 12120
 0.0000000000000000e+00 0.0000000000000000e+00 0.0000000000000000e+00 0.0000000000000000e+00 03120
 0.0000000000000000e+00 2.2543181289415479e+04 0.0000000000000000e+00 0.0000000000000000e+00 20220
 0.0000000000000000e+00 0.0000000000000000e+00 0.0000000000000000e+00 0.0000000000000000e+00 11220
 -2.1258531293644821e+06 0.0000000000000000e+00 0.0000000000000000e+00 0.0000000000000000e+00 02220
 0.0000000000000000e+00 1.3205615526255358e+04 0.0000000000000000e+00 0.0000000000000000e+00 10320
 2.1780721533654028e+04 0.0000000000000000e+00 0.0000000000000000e+00 0.0000000000000000e+00 01320
 0.0000000000000000e+00 2.7017117447830075e+04 0.0000000000000000e+00 0.0000000000000000e+00 00420
 0.0000000000000000e+00 -1.8420744802302706e+04 0.0000000000000000e+00 0.0000000000000000e+00 30030
 -2.8025917995355383e+05 0.0000000000000000e+00 8.2959328781408828e+05 0.0000000000000000e+00 21030
 0.0000000000000000e+00 0.0000000000000000e+00 0.0000000000000000e+00 0.0000000000000000e+00 12030
 0.0000000000000000e+00 3.0654242052727517e+07 -9.9427050084928013e+06 0.0000000000000000e+00 03030
 0.0000000000000000e+00 0.0000000000000000e+00 0.0000000000000000e+00 0.0000000000000000e+00 20130
 0.0000000000000000e+00 0.0000000000000000e+00 0.0000000000000000e+00 0.0000000000000000e+00 11130
 0.0000000000000000e+00 0.0000000000000000e+00 0.0000000000000000e+00 0.0000000000000000e+00 02130
 0.0000000000000000e+00 4.7964263856280420e+04 -4.8140012407942326e+04 0.0000000000000000e+00 10230
 0.0000000000000000e+00 0.0000000000000000e+00 0.0000000000000000e+00 0.0000000000000000e+00 01230
 0.0000000000000000e+00 -1.4750912914339581e+05 -5.7554171941568993e+03 0.0000000000000000e+00 00330
 -4.3488680272482027e+05 0.0000000000000000e+00 -1.8086907804574014e+05 0.0000000000000000e+00 20040
 0.0000000000000000e+00 -3.7583383271938432e+06 0.0000000000000000e+00 0.0000000000000000e+00 11040
 6.5167921436682619e+07 0.0000000000000000e+00 -1.4750975409692922e+06 0.0000000000000000e+00 02040
 0.0000000000000000e+00 0.0000000000000000e+00 -1.9507264576168617e+05 0.0000000000000000e+00 10140
 0.0000000000000000e+00 0.0000000000000000e+00 0.0000000000000000e+00 0.0000000000000000e+00 01140
 0.0000000000000000e+00 0.0000000000000000e+00 0.0000000000000000e+00 0.0000000000000000e+00 00240
 0.0000000000000000e+00 -5.2091146528981505e+06 0.0000000000000000e+00 0.0000000000000000e+00 10050
 2.1801821797717297e+06 -8.4403388061900232e+06 0.0000000000000000e+00 0.0000000000000000e+00 01050
 2.9492724189243694e+06 0.0000000000000000e+00 0.0000000000000000e+00 0.0000000000000000e+00 00150
 0.0000000000000000e+00 0.0000000000000000e+00 -1.7715903740303703e+07 0.0000000000000000e+00 00060
 1.1258424199999999e+00 0.0000000000000000e+00 0.0000000000000000e+00 7.6817769999999996e-01 00001
 -3.3092960599999999e+00 0.0000000000000000e+00 0.0000000000000000e+00 -1.2482495400000000e+00 10001
 9.5582156000000005e+00 0.0000000000000000e+00 0.0000000000000000e+00 7.1898036500000000e+00 01001
 -1.2807550800000000e+01 0.0000000000000000e+00 0.0000000000000000e+00 -1.7948002400000000e+00 00002
 3.1328287000000000e+01 0.0000000000000000e+00 0.0000000000000000e+00 4.3097902599999998e+00 20001
 -3.6635859399999998e+02 0.0000000000000000e+00 0.0000000000000000e+00 -4.7514103499999997e+01 11001
 1.2812726399999999e+03 0.0000000000000000e+00 0.0000000000000000e+00 1.2740499699999999e+02 02001
 8.4649294600000005e+00 0.0000000000000000e+00 0.0000000000000000e+00 1.5213236200000000e+00 00201
 -2.1218133200000000e+02 0.0000000000000000e+00 0.0000000000000000e+00 -4.4842024199999997e+01 00111
 8.6216804499999995e+01 0.0000000000000000e+00 0.0000000000000000e+00 1.3903586900000001e+01 10002
 -2.0237557699999999e+02 0.0000000000000000e+00 0.0000000000000000e+00 -7.5177002500000000e+01 01002
 1.2924057499999999e+03 0.0000000000000000e+00 0.0000000000000000e+00 3.3294530099999997e+02 00021
 1.5246574300000000e+02 4.1239841799999999e+02 -1.1855168000000000e+02 0.0000000000000000e+00 00012
 5.6814234300000003e+01 0.0000000000000000e+00 0.0000000000000000e+00 1.5595186500000001e+01 00003
 -1.1109064100000001e+02 0.0000000000000000e+00 0.0000000000000000e+00 -1.5717735800000000e+01 30001
 1.3012309000000000e+03 0.0000000000000000e+00 0.0000000000000000e+00 2.4992499500000000e+02 21001
 -3.3776413699999998e+03 0.0000000000000000e+00 0.0000000000000000e+00 -1.2056100300000001e+03 12001
 -1.0805725299999999e+03 0.0000000000000000e+00 0.0000000000000000e+00 1.6507063800000001e+03 03001
 -2.0675836699999999e+02 0.0000000000000000e+00 0.0000000000000000e+00 -8.6394541199999999e+00 10201
 1.2861228000000001e+03 0.0000000000000000e+00 0.0000000000000000e+00 5.1734533999999996e+01 01201
 4.5738898999999998e+02 0.0000000000000000e+00 0.0000000000000000e+00 2.4632876999999999e+02 10111
 3.1552100700000000e+02 0.0000000000000000e+00 0.0000000000000000e+00 -1.4688802499999999e+03 01111
 -2.8637608399999999e+00 0.0000000000000000e+00 0.0000000000000000e+00 -7.7696205800000001e+01 20002
 -2.8453250400000002e+02 0.0000000000000000e+00 0.0000000000000000e+00 8.0826721799999996e+02 11002
 -5.4968678599999997e+01 0.0000000000000000e+00 0.0000000000000000e+00 -1.8872739300000001e+03 02002
 -8.9490322900000001e+02 0.0000000000000000e+00 0.0000000000000000e+00 -1.3172162699999999e+01 00202
 -5.8186814800000001e+01 0.0000000000000000e+00 0.0000000000000000e+00 -1.7587238100000000e+03 10021
 2.8100110300000001e+01 0.0000000000000000e+00 0.0000000000000000e+00 1.0443614200000000e+04 01021
 2.4986902400000002e+01 0.0000000000000000e+00 0.0000000000000000e+00 3.7717688900000002e+02 00112
 -4.7104892700000001e+00 0.0000000000000000e+00 0.0000000000000000e+00 -1.7433297400000001e+02 10003
 -9.4935661400000004e-01 0.0000000000000000e+00 0.0000000000000000e+00 8.9351807699999995e+02 01003
 5.9109615599999996e+00 0.0000000000000000e+00 0.0000000000000000e+00 -2.7085707800000000e+03 00022
 1.0590745000000000e-01 0.0000000000000000e+00 0.0000000000000000e+00 -1.4915634900000001e+02 00004
 7.4420433400000000e-02 0.0000000000000000e+00 0.0000000000000000e+00 0.0000000000000000e+00 00101
 -9.3204445700000005e-01 0.0000000000000000e+00 0.0000000000000000e+00 0.0000000000000000e+00 00011
 2.8452158100000000e+00 0.0000000000000000e+00 0.0000000000000000e+00 0.0000000000000000e+00 10101
 -2.5439373000000000e+01 0.0000000000000000e+00 0.0000000000000000e+00 0.0000000000000000e+00 01101
 1.3705155500000000e+01 0.0000000000000000e+00 0.0000000000000000e+00 0.0000000000000000e+00 10011
 -7.2542508699999999e+01 0.0000000000000000e+00 0.0000000000000000e+00 0.0000000000000000e+00 01011
 1.1188551900000000e+01 0.0000000000000000e+00 0.0000000000000000e+00 0.0000000000000000e+00 00102
 -2.9857603999999998e+01 0.0000000000000000e+00 0.0000000000000000e+00 0.0000000000000000e+00 20101
 2.5760759400000001e+02 0.0000000000000000e+00 0.0000000000000000e+00 0.0000000000000000e+00 11101
 2.2280062200000000e+02 0.0000000000000000e+00 0.0000000000000000e+00 0.0000000000000000e+00 02101
 -5.7470399800000003e+00 0.0000000000000000e+00 0.0000000000000000e+00 0.0000000000000000e+00 00301
 -5.8377417100000002e+01 0.0000000000000000e+00 0.0000000000000000e+00 0.0000000000000000e+00 20011
 -7.5798640700000007e+01 0.0000000000000000e+00 0.0000000000000000e+00 0.0000000000000000e+00 11011
 -2.0030666900000000e+01 0.0000000000000000e+00 0.0000000000000000e+00 0.0000000000000000e+00 02011
 8.1569985000000003e+01 0.0000000000000000e+00 0.0000000000000000e+00 0.0000000000000000e+00 00211
 3.9907235700000001e+01 0.0000000000000000e+00 0.0000000000000000e+00 0.0000000000000000e+00 10102
 2.6133789799999999e+01 0.0000000000000000e+00 0.0000000000000000e+00 0.0000000000000000e+00 01102
 1.1102801200000000e+01 0.0000000000000000e+00 0.0000000000000000e+00 0.0000000000000000e+00 00121
 1.5806418400000000e+01 0.0000000000000000e+00 0.0000000000000000e+00 0.0000000000000000e+00 10012
 2.5233279000000000e+00 0.0000000000000000e+00 0.0000000000000000e+00 0.0000000000000000e+00 01012
 1.4961163900000001e+00 0.0000000000000000e+00 0.0000000000000000e+00 0.0000000000000000e+00 00103
 2.9442717200000001e+00 0.0000000000000000e+00 0.0000000000000000e+00 0.0000000000000000e+00 00031
 1.9644430600000001e-01 0.0000000000000000e+00 0.0000000000000000e+00 0.0000000000000000e+00 00013
 1.6957368000000000e+02 0.0000000000000000e+00 0.0000000000000000e+00 0.0000000000000000e+00 40001
 -1.1884030900000000e+03 0.0000000000000000e+00 0.0000000000000000e+00 0.0000000000000000e+00 31001
 -2.5640085899999999e+03 0.0000000000000000e+00 0.0000000000000000e+00 0.0000000000000000e+00 22001
 -7.9612626599999999e+02 0.0000000000000000e+00 0.0000000000000000e+00 0.0000000000000000e+00 13001
 -1.7013585599999999e+02 0.0000000000000000e+00 0.0000000000000000e+00 0.0000000000000000e+00 04001
 2.5273732400000000e+01 0.0000000000000000e+00 0.0000000000000000e+00 0.0000000000000000e+00 30101
 -3.0211779799999999e+02 0.0000000000000000e+00 0.0000000000000000e+00 0.0000000000000000e+00 21101
 1.0508874799999999e+01 0.0000000000000000e+00 0.0000000000000000e+00 0.0000000000000000e+00 12101
 1.7954560900000001e+01 0.0000000000000000e+00 0.0000000000000000e+00 0.0000000000000000e+00 03101
 3.9304286900000000e+02 0.0000000000000000e+00 0.0000000000000000e+00 0.0000000000000000e+00 20201
 -2.6547935800000000e+03 0.0000000000000000e+00 0.0000000000000000e+00 0.0000000000000000e+00 11201
 -6.7520795899999996e+02 0.0000000000000000e+00 0.0000000000000000e+00 0.0000000000000000e+00 02201
 3.1537455800000000e+01 0.0000000000000000e+00 0.0000000000000000e+00 0.0000000000000000e+00 10301
 -6.6287274900000000e+01 0.0000000000000000e+00 0.0000000000000000e+00 0.0000000000000000e+00 01301
 1.1048366800000000e+01 0.0000000000000000e+00 0.0000000000000000e+00 0.0000000000000000e+00 00401
 5.3995273300000001e+01 0.0000000000000000e+00 0.0000000000000000e+00 0.0000000000000000e+00 30011
 1.9851422299999999e+01 0.0000000000000000e+00 0.0000000000000000e+00 0.0000000000000000e+00 21011
 6.9951277899999997e+00 0.0000000000000000e+00 0.0000000000000000e+00 0.0000000000000000e+00 12011
 2.0305896899999998e+00 0.0000000000000000e+00 0.0000000000000000e+00 0.0000000000000000e+00 03011
 -4.1475572199999999e+02 0.0000000000000000e+00 0.0000000000000000e+00 0.0000000000000000e+00 20111
 -2.4292429500000000e+02 0.0000000000000000e+00 0.0000000000000000e+00 0.0000000000000000e+00 11111
 -5.3283176900000001e+01 0.0000000000000000e+00 0.0000000000000000e+00 0.0000000000000000e+00 02111
 1.4085442600000000e+01 0.0000000000000000e+00 0.0000000000000000e+00 0.0000000000000000e+00 10211
 -7.1897002499999996e+00 0.0000000000000000e+00 0.0000000000000000e+00 0.0000000000000000e+00 01211
 4.6617528200000002e+01 0.0000000000000000e+00 0.0000000000000000e+00 0.0000000000000000e+00 00311
 3.2702350999999999e+02 0.0000000000000000e+00 0.0000000000000000e+00 0.0000000000000000e+00 30002
 -4.6760376399999998e+01 0.0000000000000000e+00 0.0000000000000000e+00 0.0000000000000000e+00 21002
 -1.3113077600000000e+01 0.0000000000000000e+00 0.0000000000000000e+00 0.0000000000000000e+00 12002
 -2.1460877500000000e+00 0.0000000000000000e+00 0.0000000000000000e+00 0.0000000000000000e+00 03002
 -4.0516263400000003e+02 0.0000000000000000e+00 0.0000000000000000e+00 0.0000000000000000e+00 20102
 -3.7832739400000001e+01 0.0000000000000000e+00 0.0000000000000000e+00 0.0000000000000000e+00 11102
 -3.2861643300000001e+00 0.0000000000000000e+00 0.0000000000000000e+00 0.0000000000000000e+00 02102
 -7.9775662299999999e+02 0.0000000000000000e+00 0.0000000000000000e+00 0.0000000000000000e+00 10202
 -1.0025346300000000e+02 0.0000000000000000e+00 0.0000000000000000e+00 0.0000000000000000e+00 01202
 -5.8149400000000000e+01 0.0000000000000000e+00 0.0000000000000000e+00 0.0000000000000000e+00 00302
 -4.9721882500000000e+01 0.0000000000000000e+00 0.0000000000000000e+00 0.0000000000000000e+00 20021
 -2.3494000000000000e+01 0.0000000000000000e+00 0.0000000000000000e+00 0.0000000000000000e+00 11021
 -4.6306529500000000e+00 0.0000000000000000e+00 0.0000000000000000e+00 0.0000000000000000e+00 02021
 -7.0125265800000003e+00 0.0000000000000000e+00 0.0000000000000000e+00 0.0000000000000000e+00 10121
 -1.6612841400000000e+00 0.0000000000000000e+00 0.0000000000000000e+00 0.0000000000000000e+00 01121
 8.9976115900000000e+00 0.0000000000000000e+00 0.0000000000000000e+00 0.0000000000000000e+00 00221
 -2.6915856399999999e+01 0.0000000000000000e+00 0.0000000000000000e+00 0.0000000000000000e+00 20012
 -2.9374057699999998e+00 0.0000000000000000e+00 0.0000000000000000e+00 0.0000000000000000e+00 11012
 -2.8169995599999997e-01 0.0000000000000000e+00 0.0000000000000000e+00 0.0000000000000000e+00 02012
 -4.4261380600000003e+01 0.0000000000000000e+00 0.0000000000000000e+00 0.0000000000000000e+00 10112
 -5.1887392600000002e+00 0.0000000000000000e+00 0.0000000000000000e+00 0.0000000000000000e+00 01112
 -2.3091301500000001e+00 0.0000000000000000e+00 0.0000000000000000e+00 0.0000000000000000e+00 00212
 1.2974281100000001e+01 0.0000000000000000e+00 0.0000000000000000e+00 0.0000000000000000e+00 20003
 1.2986379400000001e+00 0.0000000000000000e+00 0.0000000000000000e+00 0.0000000000000000e+00 11003
 1.7931982099999999e-01 0.0000000000000000e+00 0.0000000000000000e+00 0.0000000000000000e+00 02003
 3.5963604300000002e-01 0.0000000000000000e+00 0.0000000000000000e+00 0.0000000000000000e+00 10103
 -6.8600012500000002e-02 0.0000000000000000e+00 0.0000000000000000e+00 0.0000000000000000e+00 01103
 4.7989772600000002e-01 0.0000000000000000e+00 0.0000000000000000e+00 0.0000000000000000e+00 00203
 -1.5183764099999999e+00 0.0000000000000000e+00 0.0000000000000000e+00 0.0000000000000000e+00 10031
 -2.5950537600000001e-01 0.0000000000000000e+00 0.0000000000000000e+00 0.0000000000000000e+00 01031
 1.2137887100000000e+00 0.0000000000000000e+00 0.0000000000000000e+00 0.0000000000000000e+00 00131
 -3.8339448699999998e+00 0.0000000000000000e+00 0.0000000000000000e+00 0.0000000000000000e+00 10022
 -4.4880310099999998e-01 0.0000000000000000e+00 0.0000000000000000e+00 0.0000000000000000e+00 01022
 4.3274224600000001e-02 0.0000000000000000e+00 0.0000000000000000e+00 0.0000000000000000e+00 00122
 4.3379578000000002e-02 0.0000000000000000e+00 0.0000000000000000e+00 0.0000000000000000e+00 10013
 3.8101713399999999e-04 0.0000000000000000e+00 0.0000000000000000e+00 0.0000000000000000e+00 01013
 7.1732702300000006e-02 0.0000000000000000e+00 0.0000000000000000e+00 0.0000000000000000e+00 00113
 4.0493515200000002e-03 0.0000000000000000e+00 0.0000000000000000e+00 0.0000000000000000e+00 10004
 -7.0401424799999997e-04 0.0000000000000000e+00 0.0000000000000000e+00 0.0000000000000000e+00 01004
 4.1771769200000001e-03 0.0000000000000000e+00 0.0000000000000000e+00 0.0000000000000000e+00 00104
 2.6521246799999998e-01 0.0000000000000000e+00 0.0000000000000000e+00 0.0000000000000000e+00 00041
 3.4293861799999999e-02 0.0000000000000000e+00 0.0000000000000000e+00 0.0000000000000000e+00 00032
 2.7421903000000001e-02 0.0000000000000000e+00 0.0000000000000000e+00 0.0000000000000000e+00 00023
 3.8234677400000002e-03 0.0000000000000000e+00 0.0000000000000000e+00 0.0000000000000000e+00 00014
 1.4659581000000001e-03 0.0000000000000000e+00 0.0000000000000000e+00 0.0000000000000000e+00 00005
 -2.2197897499999999e+02 0.0000000000000000e+00 0.0000000000000000e+00 0.0000000000000000e+00 50001
 2.0814843300000002e+03 0.0000000000000000e+00 0.0000000000000000e+00 0.0000000000000000e+00 41001
 -4.3056093600000003e+02 0.0000000000000000e+00 0.0000000000000000e+00 0.0000000000000000e+00 32001
 -2.1805028799999999e+02 0.0000000000000000e+00 0.0000000000000000e+00 0.0000000000000000e+00 23001
 -5.5584450099999998e+01 0.0000000000000000e+00 0.0000000000000000e+00 0.0000000000000000e+00 14001
 -1.1364256800000000e+01 0.0000000000000000e+00 0.0000000000000000e+00 0.0000000000000000e+00 05001
 1.0843246300000000e+02 0.0000000000000000e+00 0.0000000000000000e+00 0.0000000000000000e+00 40101
 -9.3186493399999995e+02 0.0000000000000000e+00 0.0000000000000000e+00 0.0000000000000000e+00 31101
 -1.9297715800000000e+02 0.0000000000000000e+00 0.0000000000000000e+00 0.0000000000000000e+00 22101
 -2.8647338300000001e+01 0.0000000000000000e+00 0.0000000000000000e+00 0.0000000000000000e+00 13101
 -3.4101753399999999e+00 0.0000000000000000e+00 0.0000000000000000e+00 0.0000000000000000e+00 04101
 6.1327849800000003e+01 0.0000000000000000e+00 0.0000000000000000e+00 0.0000000000000000e+00 30201
 -4.3628918599999999e+01 0.0000000000000000e+00 0.0000000000000000e+00 0.0000000000000000e+00 21201
 -4.7152181900000002e+01 0.0000000000000000e+00 0.0000000000000000e+00 0.0000000000000000e+00 12201
 -1.4919883000000000e+01 0.0000000000000000e+00 0.0000000000000000e+00 0.0000000000000000e+00 03201
 5.8831090099999997e+01 0.0000000000000000e+00 0.0000000000000000e+00 0.0000000000000000e+00 20301
 -3.6337865000000001e+01 0.0000000000000000e+00 0.0000000000000000e+00 0.0000000000000000e+00 11301
 -8.0151232799999992e+00 0.0000000000000000e+00 0.0000000000000000e+00 0.0000000000000000e+00 02301
 -1.0494428700000000e+02 0.0000000000000000e+00 0.0000000000000000e+00 0.0000000000000000e+00 10401
 3.4771335299999997e+01 0.0000000000000000e+00 0.0000000000000000e+00 0.0000000000000000e+00 01401
 -1.2228812499999999e+02 0.0000000000000000e+00 0.0000000000000000e+00 0.0000000000000000e+00 00501
 -7.7545342300000002e+01 0.0000000000000000e+00 0.0000000000000000e+00 0.0000000000000000e+00 40011
 -6.4131444900000005e+01 0.0000000000000000e+00 0.0000000000000000e+00 0.0000000000000000e+00 31011
 -1.3985750500000000e+01 0.0000000000000000e+00 0.0000000000000000e+00 0.0000000000000000e+00 22011
 -2.3365408200000002e+00 0.0000000000000000e+00 0.0000000000000000e+00 0.0000000000000000e+00 13011
 -3.4059649100000000e-01 0.0000000000000000e+00 0.0000000000000000e+00 0.0000000000000000e+00 04011
 2.9339419400000001e+01 0.0000000000000000e+00 0.0000000000000000e+00 0.0000000000000000e+00 30111
 4.8114933100000002e+01 0.0000000000000000e+00 0.0000000000000000e+00 0.0000000000000000e+00 21111
 9.5017492400000005e+00 0.0000000000000000e+00 0.0000000000000000e+00 0.0000000000000000e+00 12111
 1.3883754100000001e+00 0.0000000000000000e+00 0.0000000000000000e+00 0.0000000000000000e+00 03111
 5.2479251499999997e+01 0.0000000000000000e+00 0.0000000000000000e+00 0.0000000000000000e+00 20211
 3.8005874199999998e+00 0.0000000000000000e+00 0.0000000000000000e+00 0.0000000000000000e+00 11211
 2.3455513600000000e-01 0.0000000000000000e+00 0.0000000000000000e+00 0.0000000000000000e+00 02211
 3.9580808500000003e+01 0.0000000000000000e+00 0.0000000000000000e+00 0.0000000000000000e+00 10311
 1.5256354200000001e+01 0.0000000000000000e+00 0.0000000000000000e+00 0.0000000000000000e+00 01311
 -7.2808032699999998e+00 0.0000000000000000e+00 0.0000000000000000e+00 0.0000000000000000e+00 00411
 -5.9749734599999999e+02 0.0000000000000000e+00 0.0000000000000000e+00 0.0000000000000000e+00 40002
 -1.0272174900000000e+02 0.0000000000000000e+00 0.0000000000000000e+00 0.0000000000000000e+00 31002
 -1.5368110700000001e+01 0.0000000000000000e+00 0.0000000000000000e+00 0.0000000000000000e+00 22002
 -2.1720831600000001e+00 0.0000000000000000e+00 0.0000000000000000e+00 0.0000000000000000e+00 13002
 -2.7460926400000002e-01 0.0000000000000000e+00 0.0000000000000000e+00 0.0000000000000000e+00 04002
 1.0683798299999999e+02 0.0000000000000000e+00 0.0000000000000000e+00 0.0000000000000000e+00 30102
 1.2376615800000000e+01 0.0000000000000000e+00 0.0000000000000000e+00 0.0000000000000000e+00 21102
 1.4653033000000000e+00 0.0000000000000000e+00 0.0000000000000000e+00 0.0000000000000000e+00 12102
 1.8539329299999999e-01 0.0000000000000000e+00 0.0000000000000000e+00 0.0000000000000000e+00 03102
 1.1888713100000000e+01 0.0000000000000000e+00 0.0000000000000000e+00 0.0000000000000000e+00 20202
 -2.5566998800000000e+00 0.0000000000000000e+00 0.0000000000000000e+00 0.0000000000000000e+00 11202
 -8.6380901700000001e-01 0.0000000000000000e+00 0.0000000000000000e+00 0.0000000000000000e+00 02202
 1.8804701399999999e+01 0.0000000000000000e+00 0.0000000000000000e+00 0.0000000000000000e+00 10302
 2.4966757999999998e+00 0.0000000000000000e+00 0.0000000000000000e+00 0.0000000000000000e+00 01302
 -3.9308849700000001e+00 0.0000000000000000e+00 0.0000000000000000e+00 0.0000000000000000e+00 00402
 1.2703465100000001e+01 0.0000000000000000e+00 0.0000000000000000e+00 0.0000000000000000e+00 30021
 7.9618751600000000e+00 0.0000000000000000e+00 0.0000000000000000e+00 0.0000000000000000e+00 21021
 1.6098250700000001e+00 0.0000000000000000e+00 0.0000000000000000e+00 0.0000000000000000e+00 12021
 2.5756567499999999e-01 0.0000000000000000e+00 0.0000000000000000e+00 0.0000000000000000e+00 03021
 5.9357450700000003e+00 0.0000000000000000e+00 0.0000000000000000e+00 0.0000000000000000e+00 20121
 6.7934845300000002e-01 0.0000000000000000e+00 0.0000000000000000e+00 0.0000000000000000e+00 11121
 7.5755015100000003e-02 0.0000000000000000e+00 0.0000000000000000e+00 0.0000000000000000e+00 02121
 7.3629458100000003e+00 0.0000000000000000e+00 0.0000000000000000e+00 0.0000000000000000e+00 10221
 2.3008013500000000e+00 0.0000000000000000e+00 0.0000000000000000e+00 0.0000000000000000e+00 01221
 -1.1838300700000000e-01 0.0000000000000000e+00 0.0000000000000000e+00 0.0000000000000000e+00 00321
 1.4425814500000000e+01 0.0000000000000000e+00 0.0000000000000000e+00 0.0000000000000000e+00 30012
 1.5265816299999999e+00 0.0000000000000000e+00 0.0000000000000000e+00 0.0000000000000000e+00 21012
 1.6302881699999999e-01 0.0000000000000000e+00 0.0000000000000000e+00 0.0000000000000000e+00 12012
 1.7168950900000000e-02 0.0000000000000000e+00 0.0000000000000000e+00 0.0000000000000000e+00 03012
 1.5074373400000001e+01 0.0000000000000000e+00 0.0000000000000000e+00 0.0000000000000000e+00 20112
 1.6070658300000000e+00 0.0000000000000000e+00 0.0000000000000000e+00 0.0000000000000000e+00 11112
 1.6646502299999999e-01 0.0000000000000000e+00 0.0000000000000000e+00 0.0000000000000000e+00 02112
 2.2880329700000002e+00 0.0000000000000000e+00 0.0000000000000000e+00 0.0000000000000000e+00 10212
 2.6541344900000002e-01 0.0000000000000000e+00 0.0000000000000000e+00 0.0000000000000000e+00 01212
 3.2668393000000000e+00 0.0000000000000000e+00 0.0000000000000000e+00 0.0000000000000000e+00 00312
 -1.4469480500000000e+00 0.0000000000000000e+00 0.0000000000000000e+00 0.0000000000000000e+00 30003
 -3.0155182100000000e-01 0.0000000000000000e+00 0.0000000000000000e+00 0.0000000000000000e+00 21003
 -9.7940595800000002e-02 0.0000000000000000e+00 0.0000000000000000e+00 0.0000000000000000e+00 12003
 -2.1887463300000000e-02 0.0000000000000000e+00 0.0000000000000000e+00 0.0000000000000000e+00 03003
 2.1373127700000000e-01 0.0000000000000000e+00 0.0000000000000000e+00 0.0000000000000000e+00 20103
 -4.2487175700000003e-03 0.0000000000000000e+00 0.0000000000000000e+00 0.0000000000000000e+00 11103
 -2.6398123599999999e-03 0.0000000000000000e+00 0.0000000000000000e+00 0.0000000000000000e+00 02103
 -3.9033618199999998e-01 0.0000000000000000e+00 0.0000000000000000e+00 0.0000000000000000e+00 10203
 -2.2056344900000000e-02 0.0000000000000000e+00 0.0000000000000000e+00 0.0000000000000000e+00 01203
 -2.5206106999999998e-02 0.0000000000000000e+00 0.0000000000000000e+00 0.0000000000000000e+00 00303
 8.3539572600000001e-01 0.0000000000000000e+00 0.0000000000000000e+00 0.0000000000000000e+00 20031
 1.0108242400000000e-01 0.0000000000000000e+00 0.0000000000000000e+00 0.0000000000000000e+00 11031
 1.1382651500000000e-02 0.0000000000000000e+00 0.0000000000000000e+00 0.0000000000000000e+00 02031
 9.6753924199999997e-01 0.0000000000000000e+00 0.0000000000000000e+00 0.0000000000000000e+00 10131
 2.8394057299999997e-01 0.0000000000000000e+00 0.0000000000000000e+00 0.0000000000000000e+00 01131
 7.0409468399999994e-02 0.0000000000000000e+00 0.0000000000000000e+00 0.0000000000000000e+00 00231
 1.9662115200000001e+00 0.0000000000000000e+00 0.0000000000000000e+00 0.0000000000000000e+00 20022
 2.1192966199999999e-01 0.0000000000000000e+00 0.0000000000000000e+00 0.0000000000000000e+00 11022
 2.2229702000000000e-02 0.0000000000000000e+00 0.0000000000000000e+00 0.0000000000000000e+00 02022
 1.9217672799999999e-01 0.0000000000000000e+00 0.0000000000000000e+00 0.0000000000000000e+00 10122
 2.0842935900000002e-02 0.0000000000000000e+00 0.0000000000000000e+00 0.0000000000000000e+00 01122
 4.0919772199999999e-01 0.0000000000000000e+00 0.0000000000000000e+00 0.0000000000000000e+00 00222
 1.1620879799999999e-02 0.0000000000000000e+00 0.0000000000000000e+00 0.0000000000000000e+00 20013
 -8.6175197900000000e-04 0.0000000000000000e+00 0.0000000000000000e+00 0.0000000000000000e+00 11013
 -3.6803400800000002e-04 0.0000000000000000e+00 0.0000000000000000e+00 0.0000000000000000e+00 02013
 -3.0559588299999999e-02 0.0000000000000000e+00 0.0000000000000000e+00 0.0000000000000000e+00 10113
 7.9282077300000002e-04 0.0000000000000000e+00 0.0000000000000000e+00 0.0000000000000000e+00 01113
 -1.0358131200000000e-03 0.0000000000000000e+00 0.0000000000000000e+00 0.0000000000000000e+00 00213
 -3.1766529600000003e-02 0.0000000000000000e+00 0.0000000000000000e+00 0.0000000000000000e+00 20004
 -8.6869289399999997e-03 0.0000000000000000e+00 0.0000000000000000e+00 0.0000000000000000e+00 11004
 -1.3033663300000000e-03 0.0000000000000000e+00 0.0000000000000000e+00 0.0000000000000000e+00 02004
 -4.8593005899999998e-03 0.0000000000000000e+00 0.0000000000000000e+00 0.0000000000000000e+00 10104
 -1.8132267699999999e-04 0.0000000000000000e+00 0.0000000000000000e+00 0.0000000000000000e+00 01104
 -2.2531301500000000e-02 0.0000000000000000e+00 0.0000000000000000e+00 0.0000000000000000e+00 00204
 1.0273608300000001e-01 0.0000000000000000e+00 0.0000000000000000e+00 0.0000000000000000e+00 10041
 3.1679181700000003e-02 0.0000000000000000e+00 0.0000000000000000e+00 0.0000000000000000e+00 01041
 1.7740698900000001e-02 0.0000000000000000e+00 0.0000000000000000e+00 0.0000000000000000e+00 00141
 1.2813031600000000e-02 0.0000000000000000e+00 0.0000000000000000e+00 0.0000000000000000e+00 10032
 1.3430987299999999e-03 0.0000000000000000e+00 0.0000000000000000e+00 0.0000000000000000e+00 01032
 4.4265491599999998e-02 0.0000000000000000e+00 0.0000000000000000e+00 0.0000000000000000e+00 00132
 -5.0074566800000003e-03 0.0000000000000000e+00 0.0000000000000000e+00 0.0000000000000000e+00 10023
 -3.6226490100000000e-05 0.0000000000000000e+00 0.0000000000000000e+00 0.0000000000000000e+00 01023
 -1.0084677400000000e-04 0.0000000000000000e+00 0.0000000000000000e+00 0.0000000000000000e+00 00123
 -2.5991156500000000e-04 0.0000000000000000e+00 0.0000000000000000e+00 0.0000000000000000e+00 10014
 -8.6598892899999998e-06 0.0000000000000000e+00 0.0000000000000000e+00 0.0000000000000000e+00 01014
 1.2643326200000000e-04 0.0000000000000000e+00 0.0000000000000000e+00 0.0000000000000000e+00 00114
 -3.7640531699999999e-04 0.0000000000000000e+00 0.0000000000000000e+00 0.0000000000000000e+00 10005
 -4.9526213000000003e-05 0.0000000000000000e+00 0.0000000000000000e+00 0.0000000000000000e+00 01005
 5.0543502499999998e-05 0.0000000000000000e+00 0.0000000000000000e+00 0.0000000000000000e+00 00105
 3.1877867700000001e-03 0.0000000000000000e+00 0.0000000000000000e+00 0.0000000000000000e+00 00051
 4.7427681699999998e-03 0.0000000000000000e+00 0.0000000000000000e+00 0.0000000000000000e+00 00042
 1.0854985800000000e-05 0.0000000000000000e+00 0.0000000000000000e+00 0.0000000000000000e+00 00033
 9.0835490000000001e-05 0.0000000000000000e+00 0.0000000000000000e+00 0.0000000000000000e+00 00024
 3.1187906300000002e-06 0.0000000000000000e+00 0.0000000000000000e+00 0.0000000000000000e+00 00015
 2.3269827100000001e-06 0.0000000000000000e+00 0.0000000000000000e+00 0.0000000000000000e+00 00006
 --------------------------------------------
