! Candidate angular fit; delta and xtar-dependent terms retained from frozen seed.
 --------------------------------------------
 9.0832069129022364e-04 -5.4222236579232804e-05 5.7928728479629890e-04 0.0000000000000000e+00 00000
 3.3939904073729449e-01 1.7011973021813703e-02 -5.7305893108197314e-03 2.4527718100000001e-01 10000
 -3.0773190918715092e+00 -1.3578158440130908e-01 3.4302046285305782e-02 1.7923725400000001e-01 01000
 8.8565213120709424e-04 -4.6340895349563688e-01 2.8239303678486644e-01 1.5762221900000001e-02 00100
 1.1809613191482173e-01 7.6765657921307517e-02 -2.3553815980186501e+00 -2.7748113599999999e-02 00010
 -3.6495978832908754e-01 -2.4860167911157152e-02 5.5271226229346247e-03 -3.1763193899999997e-01 20000
 2.7950583317715654e+00 -5.1906783042438877e-02 -2.7865310951922556e-03 3.2294487900000002e+00 11000
 5.2058954225716896e+00 1.2133554866433391e+00 -1.8244190040285721e-01 9.9624983800000000e-01 02000
 -5.0730487283222903e-01 1.5168653616711081e+00 -3.9651682681512801e-01 -6.9868989000000006e-02 10100
 3.6705166474303788e+00 4.3968481634046463e-01 7.3967248989095388e-02 -2.7273720299999998e-01 01100
 -1.3962679754353384e-02 8.5345237843093863e-02 -2.6016182087897449e-02 -1.7795864400000000e-02 00200
 1.2199057233611059e+00 -2.0309640033200047e+01 5.4761070806215288e+00 -1.7964206399999999e-01 10010
 -7.0560473783955535e+00 -1.7319465012518634e+01 2.8222064182056408e+00 5.1434082800000001e+00 01010
 0.0000000000000000e+00 0.0000000000000000e+00 3.3300842628678434e-01 4.5628469799999999e-01 00110
 0.0000000000000000e+00 -3.4911715198361533e+00 3.9561502475993870e-01 -6.4079203600000003e+00 00020
 7.2368711696306953e-01 4.1252139186138473e-02 0.0000000000000000e+00 9.3683431900000003e-01 30000
 -1.1116308708667800e+01 2.0428711936218363e-01 -3.6181376291904155e-02 -1.3540589900000001e+01 21000
 4.0782352306904698e+01 -8.3871580747364831e+00 0.0000000000000000e+00 5.1879764199999997e+01 12000
 0.0000000000000000e+00 3.8656537885298427e+01 4.1998518908498212e+00 -2.0498985000000001e+01 03000
 3.4717628811353265e+00 -4.6811003083030212e+00 5.6136236506317594e-01 -3.1254219399999998e-02 20100
 -3.0415245250482819e+01 5.3417801593176904e+01 -4.4013810456647890e+00 2.8400841199999999e-01 11100
 2.0810294527751875e+01 -1.2311457587483845e+02 1.6160485918977854e+00 3.9556433100000001e+00 02100
 2.0218182611965316e-01 -4.1860921255585554e-01 2.2652171160943319e-01 9.5431561099999995e-01 10200
 0.0000000000000000e+00 -5.7091666601278872e+00 0.0000000000000000e+00 -7.0688381700000003e+00 01200
 1.0651923839759272e+00 -1.2174105024254447e+00 2.6701267194338024e-01 -3.5820566700000001e-01 00300
 -2.8738259277915787e+01 6.1391140787613530e+01 -1.2454175825385548e+01 -2.7448817499999998e+00 20010
 2.3382403350577300e+02 -6.9074260652088981e+02 1.4016167040212105e+02 1.0681983600000001e+01 11010
 -7.2799839446211692e+01 1.6125569327556816e+03 -2.8177635956129564e+02 -4.6776265000000002e+01 02010
 -2.6886336175232324e+00 -2.5652260125540010e+01 0.0000000000000000e+00 4.3468718099999998e-01 10110
 0.0000000000000000e+00 3.0685367977688611e+02 -4.7919542718261951e+01 2.5692412099999999e+01 01110
 -2.3825388963406970e+00 6.1711013894618858e+01 -1.4784224611212744e+01 -3.1559352000000001e+00 00210
 5.2207711972261819e+01 -1.3272110038950824e+01 2.7583077203411417e+01 3.1907757499999999e+01 10020
 -3.5459181353654503e+02 6.9460921911485862e-01 -4.0737808130786370e+01 -4.6789810199999999e+02 01020
 0.0000000000000000e+00 -9.5064247843981514e+02 2.3257410573452643e+02 3.4179037000000001e+01 00120
 0.0000000000000000e+00 4.9116508431194270e+03 -1.1602181213289882e+03 -7.1508536199999995e+01 00030
 -2.2075659643798868e+00 -5.8649543687357558e-02 0.0000000000000000e+00 -2.3027877499999998e+00 40000
 2.6958894395578454e+01 0.0000000000000000e+00 2.6551532820719187e-01 5.8024830899999998e+01 31000
 0.0000000000000000e+00 4.6004499088164605e+00 0.0000000000000000e+00 -4.9156237399999998e+02 22000
 -5.7847119415665395e+02 0.0000000000000000e+00 0.0000000000000000e+00 1.7182972100000000e+03 13000
 0.0000000000000000e+00 0.0000000000000000e+00 -9.8564488225268491e+01 -1.9501040300000000e+03 04000
 -6.7613097087353564e+00 5.1198740202578836e+00 0.0000000000000000e+00 -1.4621283800000000e+00 30100
 7.6020137427838947e+01 -5.9024475519391295e+01 -2.4403191014654633e+00 4.7295753499999996e+01 21100
 -3.1919608333063586e+01 -5.8970215822549584e+01 0.0000000000000000e+00 -4.3237295599999999e+02 12100
 -1.0073821896930497e+03 1.4011527006575377e+03 1.7786999998303099e+01 1.3233994800000000e+03 03100
 0.0000000000000000e+00 7.8424621517157336e+00 -2.4415859055055988e-01 -1.0047251200000000e+00 20200
 0.0000000000000000e+00 0.0000000000000000e+00 0.0000000000000000e+00 1.6743462399999999e+01 11200
 0.0000000000000000e+00 -1.6196273777350311e+02 -2.7016868866150476e+00 -6.7273158699999996e+01 02200
 -4.0466132570588904e+00 -1.0265229878416222e-01 0.0000000000000000e+00 4.9815545700000001e+00 10300
 0.0000000000000000e+00 -5.9346135374206519e+01 0.0000000000000000e+00 -3.7436718100000000e+01 01300
 0.0000000000000000e+00 -3.2443158685261473e+00 0.0000000000000000e+00 3.8352631700000002e+00 00400
 1.0051651245908847e+02 -1.2318050940321251e+02 3.5747868363972000e+00 2.0406354700000001e+01 30010
 -1.1930329094496985e+03 1.6490692871647943e+03 0.0000000000000000e+00 -5.2187064599999997e+02 21010
 2.8586727935661006e+03 -4.2836828138732635e+03 0.0000000000000000e+00 4.0218560800000000e+03 12010
 0.0000000000000000e+00 -6.5951647676537004e+03 0.0000000000000000e+00 -1.1081659400000000e+04 03010
 0.0000000000000000e+00 0.0000000000000000e+00 0.0000000000000000e+00 -2.6109065900000001e+01 20110
 1.9646674627788425e+02 -8.0132559054543719e+02 0.0000000000000000e+00 3.4366059500000000e+02 11110
 0.0000000000000000e+00 -4.4585967930967587e+02 1.2376099866626419e+03 -9.7405222100000003e+02 02110
 0.0000000000000000e+00 0.0000000000000000e+00 0.0000000000000000e+00 -3.6510193000000001e+01 10210
 5.3992369296002082e+01 9.9928228607305323e+02 -1.2077661888001239e+02 2.9243684000000002e+02 01210
 0.0000000000000000e+00 0.0000000000000000e+00 0.0000000000000000e+00 -8.4939199799999997e+01 00310
 0.0000000000000000e+00 -7.2729617814485744e+02 0.0000000000000000e+00 4.0636932100000001e+02 20020
 0.0000000000000000e+00 6.8403968271968542e+03 0.0000000000000000e+00 -4.5869649099999997e+03 11020
 -5.1844211510831583e+03 2.7272745667323277e+04 -1.3165693263952729e+04 9.3584628599999996e+03 02020
 1.7442598871568001e+02 1.0914048876406630e+02 1.0743469344555822e+02 6.0264629700000000e+01 10120
 0.0000000000000000e+00 -8.2886313316867399e+03 0.0000000000000000e+00 -6.9720597099999998e+02 01120
 -8.1642934466554493e+01 -5.5645851350177986e+02 1.9759075112733072e+02 7.2697501299999999e+02 00220
 0.0000000000000000e+00 -6.7109936176284509e+03 5.5582747016619999e+02 5.3606629499999997e+02 10030
 -1.0133401144956582e+03 4.4653390739228314e+04 0.0000000000000000e+00 -2.3364836399999999e+03 01030
 0.0000000000000000e+00 1.4546550077593722e+03 0.0000000000000000e+00 -1.6674671400000000e+03 00130
 5.3972765111343597e+03 0.0000000000000000e+00 0.0000000000000000e+00 3.9121164899999999e+03 00040
 1.1116399651632674e+01 -2.2670170493611466e-01 0.0000000000000000e+00 4.9678190300000002e+00 50000
 -1.4954149208611227e+02 1.8172088507530246e+00 0.0000000000000000e+00 -2.1463550799999999e+02 41000
 0.0000000000000000e+00 0.0000000000000000e+00 0.0000000000000000e+00 3.4385126599999999e+03 32000
 5.0876546534552617e+03 0.0000000000000000e+00 0.0000000000000000e+00 -2.7888407800000001e+04 23000
 1.6250445860335176e+03 -5.7799822066300521e+02 0.0000000000000000e+00 1.1885052899999999e+05 14000
 -1.0000761116025870e+05 -1.4751612332731104e+03 0.0000000000000000e+00 -2.0979779999999999e+05 05000
 0.0000000000000000e+00 -3.1159877856001104e+00 -9.3593148227933215e-02 3.0790796100000000e+00 40100
 0.0000000000000000e+00 3.0887485142407403e+01 0.0000000000000000e+00 -7.1757031799999993e+01 31100
 -6.7235173192841614e+02 0.0000000000000000e+00 0.0000000000000000e+00 1.7523077900000001e+02 22100
 0.0000000000000000e+00 1.4748255177081664e+03 0.0000000000000000e+00 3.6607079199999998e+03 13100
 4.3972536000015345e+04 -1.4518374815345112e+04 -3.7092757313170009e+03 -1.8679771700000001e+04 04100
 1.7203082770626011e+01 -1.9884392550802396e+01 1.3562593536846685e+00 -9.8292970799999999e+00 30200
 -2.8630313851410006e+02 1.2030322668747733e+02 0.0000000000000000e+00 2.2322339500000001e+02 21200
 0.0000000000000000e+00 -2.7383159623477690e+02 0.0000000000000000e+00 -1.9345593400000000e+03 12200
 6.0549556357695246e+03 4.3643530712607884e+01 0.0000000000000000e+00 6.2959604900000004e+03 03200
 0.0000000000000000e+00 0.0000000000000000e+00 0.0000000000000000e+00 7.5324127100000000e+00 20300
 0.0000000000000000e+00 0.0000000000000000e+00 0.0000000000000000e+00 -1.7311873199999999e+02 11300
 -3.8503350196390379e+01 2.7338196906308963e+02 3.3186751937843826e+02 1.0774482200000000e+03 02300
 5.6518040738602888e+00 0.0000000000000000e+00 0.0000000000000000e+00 -1.1124031400000001e+00 10400
 -6.9867627784335539e+01 2.9117788678878964e+02 0.0000000000000000e+00 -1.0768688200000000e+02 01400
 6.3468127776336338e+00 8.9854988991496768e+01 -2.6025075771275461e+01 -1.3675491200000001e+00 00500
 0.0000000000000000e+00 1.6284007474034593e+02 -2.1932058900766060e+00 -4.8581986499999999e+01 40010
 3.8633747808131098e+01 -2.7360992170581276e+03 0.0000000000000000e+00 1.9529719100000000e+03 31010
 4.4059008283803687e+03 1.1529200473181761e+04 0.0000000000000000e+00 -2.0776508900000001e+04 22010
 0.0000000000000000e+00 0.0000000000000000e+00 0.0000000000000000e+00 7.9440774900000004e+04 13010
 -3.0823569634944719e+05 2.1937517647508561e+04 0.0000000000000000e+00 -7.1841567599999995e+04 04010
 0.0000000000000000e+00 2.9703783091477936e+02 0.0000000000000000e+00 6.3779292800000000e+01 30110
 6.4036096589369083e+02 0.0000000000000000e+00 0.0000000000000000e+00 -1.7658266000000001e+03 21110
 0.0000000000000000e+00 -2.4734747015296361e+03 0.0000000000000000e+00 1.1961652899999999e+04 12110
 2.5484890457133155e+04 -2.3714061561206192e+04 0.0000000000000000e+00 -3.6062570899999999e+04 03110
 0.0000000000000000e+00 -1.7782297202572451e+02 0.0000000000000000e+00 -8.6987571199999998e+00 20210
 1.0323824993232481e+03 0.0000000000000000e+00 0.0000000000000000e+00 1.6077307200000000e+03 11210
 -7.8263823355233626e+03 -1.0064200841786189e+04 0.0000000000000000e+00 -1.1675984399999999e+04 02210
 0.0000000000000000e+00 0.0000000000000000e+00 0.0000000000000000e+00 1.6598224700000000e+02 10310
 -2.9262588867065716e+02 -1.4862104498427266e+03 -8.2290798830389679e+02 9.4686973100000000e+02 01310
 0.0000000000000000e+00 0.0000000000000000e+00 0.0000000000000000e+00 1.6439557600000001e+02 00410
 -2.2220096229741504e+01 0.0000000000000000e+00 0.0000000000000000e+00 -2.4076491099999998e+03 30020
 0.0000000000000000e+00 -1.8532586163487860e+04 0.0000000000000000e+00 5.5520991600000001e+04 21020
 0.0000000000000000e+00 6.7120837032436291e+04 0.0000000000000000e+00 -4.1814969699999999e+05 12020
 0.0000000000000000e+00 0.0000000000000000e+00 0.0000000000000000e+00 1.1185970900000001e+06 03020
 -2.0517403258899435e+03 0.0000000000000000e+00 0.0000000000000000e+00 3.3250162999999998e+02 20120
 0.0000000000000000e+00 0.0000000000000000e+00 0.0000000000000000e+00 -1.4254245100000000e+04 11120
 0.0000000000000000e+00 0.0000000000000000e+00 0.0000000000000000e+00 5.2657758800000003e+04 02120
 0.0000000000000000e+00 0.0000000000000000e+00 0.0000000000000000e+00 -3.9989584300000001e+03 10220
 0.0000000000000000e+00 0.0000000000000000e+00 0.0000000000000000e+00 2.5102144300000000e+04 01220
 0.0000000000000000e+00 0.0000000000000000e+00 0.0000000000000000e+00 9.0266857599999994e+01 00320
 0.0000000000000000e+00 0.0000000000000000e+00 0.0000000000000000e+00 -9.3089900000000000e+02 20030
 1.7787334152620715e+04 -1.7738462054116349e+05 0.0000000000000000e+00 3.9788767800000001e+04 11030
 0.0000000000000000e+00 1.0322419778361949e+06 0.0000000000000000e+00 -1.1875274700000000e+05 02030
 0.0000000000000000e+00 0.0000000000000000e+00 0.0000000000000000e+00 2.9493169800000000e+04 10130
 0.0000000000000000e+00 0.0000000000000000e+00 0.0000000000000000e+00 -2.5987719800000000e+05 01130
 -3.7618382059893736e+02 0.0000000000000000e+00 0.0000000000000000e+00 1.1004152400000000e+03 00230
 0.0000000000000000e+00 2.5655819956769759e+04 0.0000000000000000e+00 -1.3196676600000001e+04 10040
 0.0000000000000000e+00 0.0000000000000000e+00 0.0000000000000000e+00 3.0309427799999999e+05 01040
 0.0000000000000000e+00 -5.0335376473293162e+05 7.0261862096399214e+04 -1.7333469400000002e+04 00140
 0.0000000000000000e+00 7.6373944456111535e+05 0.0000000000000000e+00 3.0963153100000000e+04 00050
 -1.6288897919511250e+01 8.1179485342828839e-01 -1.2694342410628887e-01 0.0000000000000000e+00 60000
 2.1829495378358610e+02 0.0000000000000000e+00 0.0000000000000000e+00 0.0000000000000000e+00 51000
 0.0000000000000000e+00 -7.7812018114196263e+01 0.0000000000000000e+00 0.0000000000000000e+00 42000
 0.0000000000000000e+00 2.2023597087572514e+02 0.0000000000000000e+00 0.0000000000000000e+00 33000
 -7.6770062043789279e+04 0.0000000000000000e+00 9.5017544078622521e+01 0.0000000000000000e+00 24000
 0.0000000000000000e+00 0.0000000000000000e+00 0.0000000000000000e+00 0.0000000000000000e+00 15000
 1.8807908150092640e+06 -2.9855041848047258e+04 0.0000000000000000e+00 0.0000000000000000e+00 06000
 2.7579894564838927e+00 0.0000000000000000e+00 9.4625209055195070e-01 0.0000000000000000e+00 50100
 0.0000000000000000e+00 -1.7628899514039806e+00 0.0000000000000000e+00 0.0000000000000000e+00 41100
 6.2289580684380917e+02 0.0000000000000000e+00 0.0000000000000000e+00 0.0000000000000000e+00 32100
 0.0000000000000000e+00 8.0749304810520734e+03 0.0000000000000000e+00 0.0000000000000000e+00 23100
 0.0000000000000000e+00 -1.4089304185125607e+05 0.0000000000000000e+00 0.0000000000000000e+00 14100
 -4.1719213689026580e+05 4.8936433930322231e+05 5.2147869262665670e+04 0.0000000000000000e+00 05100
 -4.0697286778174032e+01 -3.4689077844129752e+00 -4.8465491667527818e+00 0.0000000000000000e+00 40200
 5.9660692487117990e+02 0.0000000000000000e+00 0.0000000000000000e+00 0.0000000000000000e+00 31200
 0.0000000000000000e+00 0.0000000000000000e+00 0.0000000000000000e+00 0.0000000000000000e+00 22200
 0.0000000000000000e+00 0.0000000000000000e+00 0.0000000000000000e+00 0.0000000000000000e+00 13200
 -6.4905276416682602e+04 6.0140559937307902e+04 0.0000000000000000e+00 0.0000000000000000e+00 04200
 0.0000000000000000e+00 4.8152545922794332e+01 0.0000000000000000e+00 0.0000000000000000e+00 30300
 0.0000000000000000e+00 0.0000000000000000e+00 0.0000000000000000e+00 0.0000000000000000e+00 21300
 0.0000000000000000e+00 5.8547018557929994e+02 0.0000000000000000e+00 0.0000000000000000e+00 12300
 3.4919514912787936e+03 0.0000000000000000e+00 -1.9189258845289851e+02 0.0000000000000000e+00 03300
 0.0000000000000000e+00 8.3781859327106645e+00 0.0000000000000000e+00 0.0000000000000000e+00 20400
 0.0000000000000000e+00 -6.4062366126048801e+02 0.0000000000000000e+00 0.0000000000000000e+00 11400
 0.0000000000000000e+00 0.0000000000000000e+00 -2.0677999870742102e+02 0.0000000000000000e+00 02400
 0.0000000000000000e+00 -2.5107714287501881e+02 5.4500720285183625e+01 0.0000000000000000e+00 10500
 0.0000000000000000e+00 -3.8931530588182540e+02 0.0000000000000000e+00 0.0000000000000000e+00 01500
 -2.5019586791739732e+00 -9.8649350129961519e+01 0.0000000000000000e+00 0.0000000000000000e+00 00600
 0.0000000000000000e+00 -2.5564581085609539e+01 0.0000000000000000e+00 0.0000000000000000e+00 50010
 -1.0098639945765981e+03 0.0000000000000000e+00 0.0000000000000000e+00 0.0000000000000000e+00 41010
 0.0000000000000000e+00 7.0509354090583201e+03 0.0000000000000000e+00 0.0000000000000000e+00 32010
 0.0000000000000000e+00 0.0000000000000000e+00 -2.4320443682138248e+04 0.0000000000000000e+00 23010
 0.0000000000000000e+00 0.0000000000000000e+00 0.0000000000000000e+00 0.0000000000000000e+00 14010
 4.3762006915857736e+06 -5.9944019644038775e+05 0.0000000000000000e+00 0.0000000000000000e+00 05010
 8.3463258183632671e+00 -1.1804325031368704e+01 0.0000000000000000e+00 0.0000000000000000e+00 40110
 -3.7428493000471058e+03 0.0000000000000000e+00 0.0000000000000000e+00 0.0000000000000000e+00 31110
 0.0000000000000000e+00 0.0000000000000000e+00 0.0000000000000000e+00 0.0000000000000000e+00 22110
 0.0000000000000000e+00 -7.7449240546873907e+03 0.0000000000000000e+00 0.0000000000000000e+00 13110
 0.0000000000000000e+00 -6.7278616539624520e+05 0.0000000000000000e+00 0.0000000000000000e+00 04110
 0.0000000000000000e+00 -6.4146393185165198e+02 -4.0276883590434544e+01 0.0000000000000000e+00 30210
 0.0000000000000000e+00 -3.0148878649824887e+03 5.2383272278204311e+02 0.0000000000000000e+00 21210
 0.0000000000000000e+00 0.0000000000000000e+00 0.0000000000000000e+00 0.0000000000000000e+00 12210
 0.0000000000000000e+00 2.6820049124015984e+05 0.0000000000000000e+00 0.0000000000000000e+00 03210
 0.0000000000000000e+00 2.1483565188727284e+03 0.0000000000000000e+00 0.0000000000000000e+00 20310
 -9.3139785781374314e+02 0.0000000000000000e+00 0.0000000000000000e+00 0.0000000000000000e+00 11310
 0.0000000000000000e+00 0.0000000000000000e+00 0.0000000000000000e+00 0.0000000000000000e+00 02310
 0.0000000000000000e+00 0.0000000000000000e+00 0.0000000000000000e+00 0.0000000000000000e+00 10410
 0.0000000000000000e+00 8.0731370861791811e+03 0.0000000000000000e+00 0.0000000000000000e+00 01410
 0.0000000000000000e+00 0.0000000000000000e+00 1.2250826507763261e+03 0.0000000000000000e+00 00510
 1.9694734758746399e+03 2.9197798372619047e+02 7.6234209961146476e+01 0.0000000000000000e+00 40020
 0.0000000000000000e+00 0.0000000000000000e+00 7.3746043636757040e+03 0.0000000000000000e+00 31020
 0.0000000000000000e+00 0.0000000000000000e+00 0.0000000000000000e+00 0.0000000000000000e+00 22020
 0.0000000000000000e+00 0.0000000000000000e+00 0.0000000000000000e+00 0.0000000000000000e+00 13020
 5.8480337042097729e+06 0.0000000000000000e+00 -8.4049068047875899e+05 0.0000000000000000e+00 04020
 0.0000000000000000e+00 0.0000000000000000e+00 0.0000000000000000e+00 0.0000000000000000e+00 30120
 0.0000000000000000e+00 0.0000000000000000e+00 0.0000000000000000e+00 0.0000000000000000e+00 21120
 0.0000000000000000e+00 -5.1549378781752213e+05 0.0000000000000000e+00 0.0000000000000000e+00 12120
 0.0000000000000000e+00 0.0000000000000000e+00 0.0000000000000000e+00 0.0000000000000000e+00 03120
 0.0000000000000000e+00 -9.9145882064538564e+03 0.0000000000000000e+00 0.0000000000000000e+00 20220
 0.0000000000000000e+00 0.0000000000000000e+00 0.0000000000000000e+00 0.0000000000000000e+00 11220
 0.0000000000000000e+00 0.0000000000000000e+00 0.0000000000000000e+00 0.0000000000000000e+00 02220
 0.0000000000000000e+00 8.0253384390743406e+04 0.0000000000000000e+00 0.0000000000000000e+00 10320
 1.7547935625878574e+04 0.0000000000000000e+00 0.0000000000000000e+00 0.0000000000000000e+00 01320
 0.0000000000000000e+00 2.1883371045999056e+03 -1.4631496729101951e+04 0.0000000000000000e+00 00420
 0.0000000000000000e+00 2.2706439882201437e+04 0.0000000000000000e+00 0.0000000000000000e+00 30030
 -2.4735359706005416e+05 0.0000000000000000e+00 0.0000000000000000e+00 0.0000000000000000e+00 21030
 0.0000000000000000e+00 0.0000000000000000e+00 0.0000000000000000e+00 0.0000000000000000e+00 12030
 0.0000000000000000e+00 7.4441161499274196e+05 3.4321246822151770e+06 0.0000000000000000e+00 03030
 0.0000000000000000e+00 0.0000000000000000e+00 0.0000000000000000e+00 0.0000000000000000e+00 20130
 0.0000000000000000e+00 0.0000000000000000e+00 0.0000000000000000e+00 0.0000000000000000e+00 11130
 0.0000000000000000e+00 0.0000000000000000e+00 0.0000000000000000e+00 0.0000000000000000e+00 02130
 0.0000000000000000e+00 -4.9813282496676955e+05 -1.8080040938203860e+05 0.0000000000000000e+00 10230
 0.0000000000000000e+00 0.0000000000000000e+00 1.3937656872053616e+05 0.0000000000000000e+00 01230
 0.0000000000000000e+00 9.7678026401816285e+04 0.0000000000000000e+00 0.0000000000000000e+00 00330
 -1.9950207831683536e+04 0.0000000000000000e+00 -9.9402453035659390e+04 0.0000000000000000e+00 20040
 0.0000000000000000e+00 1.9337831743354944e+06 0.0000000000000000e+00 0.0000000000000000e+00 11040
 0.0000000000000000e+00 0.0000000000000000e+00 -5.1894146696359301e+06 0.0000000000000000e+00 02040
 0.0000000000000000e+00 0.0000000000000000e+00 8.1375420003504911e+05 0.0000000000000000e+00 10140
 0.0000000000000000e+00 0.0000000000000000e+00 0.0000000000000000e+00 0.0000000000000000e+00 01140
 0.0000000000000000e+00 0.0000000000000000e+00 0.0000000000000000e+00 0.0000000000000000e+00 00240
 0.0000000000000000e+00 0.0000000000000000e+00 0.0000000000000000e+00 0.0000000000000000e+00 10050
 -3.1639562875729357e+06 -1.2946343988208728e+07 0.0000000000000000e+00 0.0000000000000000e+00 01050
 0.0000000000000000e+00 0.0000000000000000e+00 0.0000000000000000e+00 0.0000000000000000e+00 00150
 0.0000000000000000e+00 0.0000000000000000e+00 6.3994023506129463e+05 0.0000000000000000e+00 00060
 1.1258424199999999e+00 0.0000000000000000e+00 0.0000000000000000e+00 7.6817769999999996e-01 00001
 -3.3092960599999999e+00 0.0000000000000000e+00 0.0000000000000000e+00 -1.2482495400000000e+00 10001
 9.5582156000000005e+00 0.0000000000000000e+00 0.0000000000000000e+00 7.1898036500000000e+00 01001
 -1.2807550800000000e+01 0.0000000000000000e+00 0.0000000000000000e+00 -1.7948002400000000e+00 00002
 3.1328287000000000e+01 0.0000000000000000e+00 0.0000000000000000e+00 4.3097902599999998e+00 20001
 -3.6635859399999998e+02 0.0000000000000000e+00 0.0000000000000000e+00 -4.7514103499999997e+01 11001
 1.2812726399999999e+03 0.0000000000000000e+00 0.0000000000000000e+00 1.2740499699999999e+02 02001
 8.4649294600000005e+00 0.0000000000000000e+00 0.0000000000000000e+00 1.5213236200000000e+00 00201
 -2.1218133200000000e+02 0.0000000000000000e+00 0.0000000000000000e+00 -4.4842024199999997e+01 00111
 8.6216804499999995e+01 0.0000000000000000e+00 0.0000000000000000e+00 1.3903586900000001e+01 10002
 -2.0237557699999999e+02 0.0000000000000000e+00 0.0000000000000000e+00 -7.5177002500000000e+01 01002
 1.2924057499999999e+03 0.0000000000000000e+00 0.0000000000000000e+00 3.3294530099999997e+02 00021
 1.5246574300000000e+02 4.1239841799999999e+02 -1.1855168000000000e+02 0.0000000000000000e+00 00012
 5.6814234300000003e+01 0.0000000000000000e+00 0.0000000000000000e+00 1.5595186500000001e+01 00003
 -1.1109064100000001e+02 0.0000000000000000e+00 0.0000000000000000e+00 -1.5717735800000000e+01 30001
 1.3012309000000000e+03 0.0000000000000000e+00 0.0000000000000000e+00 2.4992499500000000e+02 21001
 -3.3776413699999998e+03 0.0000000000000000e+00 0.0000000000000000e+00 -1.2056100300000001e+03 12001
 -1.0805725299999999e+03 0.0000000000000000e+00 0.0000000000000000e+00 1.6507063800000001e+03 03001
 -2.0675836699999999e+02 0.0000000000000000e+00 0.0000000000000000e+00 -8.6394541199999999e+00 10201
 1.2861228000000001e+03 0.0000000000000000e+00 0.0000000000000000e+00 5.1734533999999996e+01 01201
 4.5738898999999998e+02 0.0000000000000000e+00 0.0000000000000000e+00 2.4632876999999999e+02 10111
 3.1552100700000000e+02 0.0000000000000000e+00 0.0000000000000000e+00 -1.4688802499999999e+03 01111
 -2.8637608399999999e+00 0.0000000000000000e+00 0.0000000000000000e+00 -7.7696205800000001e+01 20002
 -2.8453250400000002e+02 0.0000000000000000e+00 0.0000000000000000e+00 8.0826721799999996e+02 11002
 -5.4968678599999997e+01 0.0000000000000000e+00 0.0000000000000000e+00 -1.8872739300000001e+03 02002
 -8.9490322900000001e+02 0.0000000000000000e+00 0.0000000000000000e+00 -1.3172162699999999e+01 00202
 -5.8186814800000001e+01 0.0000000000000000e+00 0.0000000000000000e+00 -1.7587238100000000e+03 10021
 2.8100110300000001e+01 0.0000000000000000e+00 0.0000000000000000e+00 1.0443614200000000e+04 01021
 2.4986902400000002e+01 0.0000000000000000e+00 0.0000000000000000e+00 3.7717688900000002e+02 00112
 -4.7104892700000001e+00 0.0000000000000000e+00 0.0000000000000000e+00 -1.7433297400000001e+02 10003
 -9.4935661400000004e-01 0.0000000000000000e+00 0.0000000000000000e+00 8.9351807699999995e+02 01003
 5.9109615599999996e+00 0.0000000000000000e+00 0.0000000000000000e+00 -2.7085707800000000e+03 00022
 1.0590745000000000e-01 0.0000000000000000e+00 0.0000000000000000e+00 -1.4915634900000001e+02 00004
 7.4420433400000000e-02 0.0000000000000000e+00 0.0000000000000000e+00 0.0000000000000000e+00 00101
 -9.3204445700000005e-01 0.0000000000000000e+00 0.0000000000000000e+00 0.0000000000000000e+00 00011
 2.8452158100000000e+00 0.0000000000000000e+00 0.0000000000000000e+00 0.0000000000000000e+00 10101
 -2.5439373000000000e+01 0.0000000000000000e+00 0.0000000000000000e+00 0.0000000000000000e+00 01101
 1.3705155500000000e+01 0.0000000000000000e+00 0.0000000000000000e+00 0.0000000000000000e+00 10011
 -7.2542508699999999e+01 0.0000000000000000e+00 0.0000000000000000e+00 0.0000000000000000e+00 01011
 1.1188551900000000e+01 0.0000000000000000e+00 0.0000000000000000e+00 0.0000000000000000e+00 00102
 -2.9857603999999998e+01 0.0000000000000000e+00 0.0000000000000000e+00 0.0000000000000000e+00 20101
 2.5760759400000001e+02 0.0000000000000000e+00 0.0000000000000000e+00 0.0000000000000000e+00 11101
 2.2280062200000000e+02 0.0000000000000000e+00 0.0000000000000000e+00 0.0000000000000000e+00 02101
 -5.7470399800000003e+00 0.0000000000000000e+00 0.0000000000000000e+00 0.0000000000000000e+00 00301
 -5.8377417100000002e+01 0.0000000000000000e+00 0.0000000000000000e+00 0.0000000000000000e+00 20011
 -7.5798640700000007e+01 0.0000000000000000e+00 0.0000000000000000e+00 0.0000000000000000e+00 11011
 -2.0030666900000000e+01 0.0000000000000000e+00 0.0000000000000000e+00 0.0000000000000000e+00 02011
 8.1569985000000003e+01 0.0000000000000000e+00 0.0000000000000000e+00 0.0000000000000000e+00 00211
 3.9907235700000001e+01 0.0000000000000000e+00 0.0000000000000000e+00 0.0000000000000000e+00 10102
 2.6133789799999999e+01 0.0000000000000000e+00 0.0000000000000000e+00 0.0000000000000000e+00 01102
 1.1102801200000000e+01 0.0000000000000000e+00 0.0000000000000000e+00 0.0000000000000000e+00 00121
 1.5806418400000000e+01 0.0000000000000000e+00 0.0000000000000000e+00 0.0000000000000000e+00 10012
 2.5233279000000000e+00 0.0000000000000000e+00 0.0000000000000000e+00 0.0000000000000000e+00 01012
 1.4961163900000001e+00 0.0000000000000000e+00 0.0000000000000000e+00 0.0000000000000000e+00 00103
 2.9442717200000001e+00 0.0000000000000000e+00 0.0000000000000000e+00 0.0000000000000000e+00 00031
 1.9644430600000001e-01 0.0000000000000000e+00 0.0000000000000000e+00 0.0000000000000000e+00 00013
 1.6957368000000000e+02 0.0000000000000000e+00 0.0000000000000000e+00 0.0000000000000000e+00 40001
 -1.1884030900000000e+03 0.0000000000000000e+00 0.0000000000000000e+00 0.0000000000000000e+00 31001
 -2.5640085899999999e+03 0.0000000000000000e+00 0.0000000000000000e+00 0.0000000000000000e+00 22001
 -7.9612626599999999e+02 0.0000000000000000e+00 0.0000000000000000e+00 0.0000000000000000e+00 13001
 -1.7013585599999999e+02 0.0000000000000000e+00 0.0000000000000000e+00 0.0000000000000000e+00 04001
 2.5273732400000000e+01 0.0000000000000000e+00 0.0000000000000000e+00 0.0000000000000000e+00 30101
 -3.0211779799999999e+02 0.0000000000000000e+00 0.0000000000000000e+00 0.0000000000000000e+00 21101
 1.0508874799999999e+01 0.0000000000000000e+00 0.0000000000000000e+00 0.0000000000000000e+00 12101
 1.7954560900000001e+01 0.0000000000000000e+00 0.0000000000000000e+00 0.0000000000000000e+00 03101
 3.9304286900000000e+02 0.0000000000000000e+00 0.0000000000000000e+00 0.0000000000000000e+00 20201
 -2.6547935800000000e+03 0.0000000000000000e+00 0.0000000000000000e+00 0.0000000000000000e+00 11201
 -6.7520795899999996e+02 0.0000000000000000e+00 0.0000000000000000e+00 0.0000000000000000e+00 02201
 3.1537455800000000e+01 0.0000000000000000e+00 0.0000000000000000e+00 0.0000000000000000e+00 10301
 -6.6287274900000000e+01 0.0000000000000000e+00 0.0000000000000000e+00 0.0000000000000000e+00 01301
 1.1048366800000000e+01 0.0000000000000000e+00 0.0000000000000000e+00 0.0000000000000000e+00 00401
 5.3995273300000001e+01 0.0000000000000000e+00 0.0000000000000000e+00 0.0000000000000000e+00 30011
 1.9851422299999999e+01 0.0000000000000000e+00 0.0000000000000000e+00 0.0000000000000000e+00 21011
 6.9951277899999997e+00 0.0000000000000000e+00 0.0000000000000000e+00 0.0000000000000000e+00 12011
 2.0305896899999998e+00 0.0000000000000000e+00 0.0000000000000000e+00 0.0000000000000000e+00 03011
 -4.1475572199999999e+02 0.0000000000000000e+00 0.0000000000000000e+00 0.0000000000000000e+00 20111
 -2.4292429500000000e+02 0.0000000000000000e+00 0.0000000000000000e+00 0.0000000000000000e+00 11111
 -5.3283176900000001e+01 0.0000000000000000e+00 0.0000000000000000e+00 0.0000000000000000e+00 02111
 1.4085442600000000e+01 0.0000000000000000e+00 0.0000000000000000e+00 0.0000000000000000e+00 10211
 -7.1897002499999996e+00 0.0000000000000000e+00 0.0000000000000000e+00 0.0000000000000000e+00 01211
 4.6617528200000002e+01 0.0000000000000000e+00 0.0000000000000000e+00 0.0000000000000000e+00 00311
 3.2702350999999999e+02 0.0000000000000000e+00 0.0000000000000000e+00 0.0000000000000000e+00 30002
 -4.6760376399999998e+01 0.0000000000000000e+00 0.0000000000000000e+00 0.0000000000000000e+00 21002
 -1.3113077600000000e+01 0.0000000000000000e+00 0.0000000000000000e+00 0.0000000000000000e+00 12002
 -2.1460877500000000e+00 0.0000000000000000e+00 0.0000000000000000e+00 0.0000000000000000e+00 03002
 -4.0516263400000003e+02 0.0000000000000000e+00 0.0000000000000000e+00 0.0000000000000000e+00 20102
 -3.7832739400000001e+01 0.0000000000000000e+00 0.0000000000000000e+00 0.0000000000000000e+00 11102
 -3.2861643300000001e+00 0.0000000000000000e+00 0.0000000000000000e+00 0.0000000000000000e+00 02102
 -7.9775662299999999e+02 0.0000000000000000e+00 0.0000000000000000e+00 0.0000000000000000e+00 10202
 -1.0025346300000000e+02 0.0000000000000000e+00 0.0000000000000000e+00 0.0000000000000000e+00 01202
 -5.8149400000000000e+01 0.0000000000000000e+00 0.0000000000000000e+00 0.0000000000000000e+00 00302
 -4.9721882500000000e+01 0.0000000000000000e+00 0.0000000000000000e+00 0.0000000000000000e+00 20021
 -2.3494000000000000e+01 0.0000000000000000e+00 0.0000000000000000e+00 0.0000000000000000e+00 11021
 -4.6306529500000000e+00 0.0000000000000000e+00 0.0000000000000000e+00 0.0000000000000000e+00 02021
 -7.0125265800000003e+00 0.0000000000000000e+00 0.0000000000000000e+00 0.0000000000000000e+00 10121
 -1.6612841400000000e+00 0.0000000000000000e+00 0.0000000000000000e+00 0.0000000000000000e+00 01121
 8.9976115900000000e+00 0.0000000000000000e+00 0.0000000000000000e+00 0.0000000000000000e+00 00221
 -2.6915856399999999e+01 0.0000000000000000e+00 0.0000000000000000e+00 0.0000000000000000e+00 20012
 -2.9374057699999998e+00 0.0000000000000000e+00 0.0000000000000000e+00 0.0000000000000000e+00 11012
 -2.8169995599999997e-01 0.0000000000000000e+00 0.0000000000000000e+00 0.0000000000000000e+00 02012
 -4.4261380600000003e+01 0.0000000000000000e+00 0.0000000000000000e+00 0.0000000000000000e+00 10112
 -5.1887392600000002e+00 0.0000000000000000e+00 0.0000000000000000e+00 0.0000000000000000e+00 01112
 -2.3091301500000001e+00 0.0000000000000000e+00 0.0000000000000000e+00 0.0000000000000000e+00 00212
 1.2974281100000001e+01 0.0000000000000000e+00 0.0000000000000000e+00 0.0000000000000000e+00 20003
 1.2986379400000001e+00 0.0000000000000000e+00 0.0000000000000000e+00 0.0000000000000000e+00 11003
 1.7931982099999999e-01 0.0000000000000000e+00 0.0000000000000000e+00 0.0000000000000000e+00 02003
 3.5963604300000002e-01 0.0000000000000000e+00 0.0000000000000000e+00 0.0000000000000000e+00 10103
 -6.8600012500000002e-02 0.0000000000000000e+00 0.0000000000000000e+00 0.0000000000000000e+00 01103
 4.7989772600000002e-01 0.0000000000000000e+00 0.0000000000000000e+00 0.0000000000000000e+00 00203
 -1.5183764099999999e+00 0.0000000000000000e+00 0.0000000000000000e+00 0.0000000000000000e+00 10031
 -2.5950537600000001e-01 0.0000000000000000e+00 0.0000000000000000e+00 0.0000000000000000e+00 01031
 1.2137887100000000e+00 0.0000000000000000e+00 0.0000000000000000e+00 0.0000000000000000e+00 00131
 -3.8339448699999998e+00 0.0000000000000000e+00 0.0000000000000000e+00 0.0000000000000000e+00 10022
 -4.4880310099999998e-01 0.0000000000000000e+00 0.0000000000000000e+00 0.0000000000000000e+00 01022
 4.3274224600000001e-02 0.0000000000000000e+00 0.0000000000000000e+00 0.0000000000000000e+00 00122
 4.3379578000000002e-02 0.0000000000000000e+00 0.0000000000000000e+00 0.0000000000000000e+00 10013
 3.8101713399999999e-04 0.0000000000000000e+00 0.0000000000000000e+00 0.0000000000000000e+00 01013
 7.1732702300000006e-02 0.0000000000000000e+00 0.0000000000000000e+00 0.0000000000000000e+00 00113
 4.0493515200000002e-03 0.0000000000000000e+00 0.0000000000000000e+00 0.0000000000000000e+00 10004
 -7.0401424799999997e-04 0.0000000000000000e+00 0.0000000000000000e+00 0.0000000000000000e+00 01004
 4.1771769200000001e-03 0.0000000000000000e+00 0.0000000000000000e+00 0.0000000000000000e+00 00104
 2.6521246799999998e-01 0.0000000000000000e+00 0.0000000000000000e+00 0.0000000000000000e+00 00041
 3.4293861799999999e-02 0.0000000000000000e+00 0.0000000000000000e+00 0.0000000000000000e+00 00032
 2.7421903000000001e-02 0.0000000000000000e+00 0.0000000000000000e+00 0.0000000000000000e+00 00023
 3.8234677400000002e-03 0.0000000000000000e+00 0.0000000000000000e+00 0.0000000000000000e+00 00014
 1.4659581000000001e-03 0.0000000000000000e+00 0.0000000000000000e+00 0.0000000000000000e+00 00005
 -2.2197897499999999e+02 0.0000000000000000e+00 0.0000000000000000e+00 0.0000000000000000e+00 50001
 2.0814843300000002e+03 0.0000000000000000e+00 0.0000000000000000e+00 0.0000000000000000e+00 41001
 -4.3056093600000003e+02 0.0000000000000000e+00 0.0000000000000000e+00 0.0000000000000000e+00 32001
 -2.1805028799999999e+02 0.0000000000000000e+00 0.0000000000000000e+00 0.0000000000000000e+00 23001
 -5.5584450099999998e+01 0.0000000000000000e+00 0.0000000000000000e+00 0.0000000000000000e+00 14001
 -1.1364256800000000e+01 0.0000000000000000e+00 0.0000000000000000e+00 0.0000000000000000e+00 05001
 1.0843246300000000e+02 0.0000000000000000e+00 0.0000000000000000e+00 0.0000000000000000e+00 40101
 -9.3186493399999995e+02 0.0000000000000000e+00 0.0000000000000000e+00 0.0000000000000000e+00 31101
 -1.9297715800000000e+02 0.0000000000000000e+00 0.0000000000000000e+00 0.0000000000000000e+00 22101
 -2.8647338300000001e+01 0.0000000000000000e+00 0.0000000000000000e+00 0.0000000000000000e+00 13101
 -3.4101753399999999e+00 0.0000000000000000e+00 0.0000000000000000e+00 0.0000000000000000e+00 04101
 6.1327849800000003e+01 0.0000000000000000e+00 0.0000000000000000e+00 0.0000000000000000e+00 30201
 -4.3628918599999999e+01 0.0000000000000000e+00 0.0000000000000000e+00 0.0000000000000000e+00 21201
 -4.7152181900000002e+01 0.0000000000000000e+00 0.0000000000000000e+00 0.0000000000000000e+00 12201
 -1.4919883000000000e+01 0.0000000000000000e+00 0.0000000000000000e+00 0.0000000000000000e+00 03201
 5.8831090099999997e+01 0.0000000000000000e+00 0.0000000000000000e+00 0.0000000000000000e+00 20301
 -3.6337865000000001e+01 0.0000000000000000e+00 0.0000000000000000e+00 0.0000000000000000e+00 11301
 -8.0151232799999992e+00 0.0000000000000000e+00 0.0000000000000000e+00 0.0000000000000000e+00 02301
 -1.0494428700000000e+02 0.0000000000000000e+00 0.0000000000000000e+00 0.0000000000000000e+00 10401
 3.4771335299999997e+01 0.0000000000000000e+00 0.0000000000000000e+00 0.0000000000000000e+00 01401
 -1.2228812499999999e+02 0.0000000000000000e+00 0.0000000000000000e+00 0.0000000000000000e+00 00501
 -7.7545342300000002e+01 0.0000000000000000e+00 0.0000000000000000e+00 0.0000000000000000e+00 40011
 -6.4131444900000005e+01 0.0000000000000000e+00 0.0000000000000000e+00 0.0000000000000000e+00 31011
 -1.3985750500000000e+01 0.0000000000000000e+00 0.0000000000000000e+00 0.0000000000000000e+00 22011
 -2.3365408200000002e+00 0.0000000000000000e+00 0.0000000000000000e+00 0.0000000000000000e+00 13011
 -3.4059649100000000e-01 0.0000000000000000e+00 0.0000000000000000e+00 0.0000000000000000e+00 04011
 2.9339419400000001e+01 0.0000000000000000e+00 0.0000000000000000e+00 0.0000000000000000e+00 30111
 4.8114933100000002e+01 0.0000000000000000e+00 0.0000000000000000e+00 0.0000000000000000e+00 21111
 9.5017492400000005e+00 0.0000000000000000e+00 0.0000000000000000e+00 0.0000000000000000e+00 12111
 1.3883754100000001e+00 0.0000000000000000e+00 0.0000000000000000e+00 0.0000000000000000e+00 03111
 5.2479251499999997e+01 0.0000000000000000e+00 0.0000000000000000e+00 0.0000000000000000e+00 20211
 3.8005874199999998e+00 0.0000000000000000e+00 0.0000000000000000e+00 0.0000000000000000e+00 11211
 2.3455513600000000e-01 0.0000000000000000e+00 0.0000000000000000e+00 0.0000000000000000e+00 02211
 3.9580808500000003e+01 0.0000000000000000e+00 0.0000000000000000e+00 0.0000000000000000e+00 10311
 1.5256354200000001e+01 0.0000000000000000e+00 0.0000000000000000e+00 0.0000000000000000e+00 01311
 -7.2808032699999998e+00 0.0000000000000000e+00 0.0000000000000000e+00 0.0000000000000000e+00 00411
 -5.9749734599999999e+02 0.0000000000000000e+00 0.0000000000000000e+00 0.0000000000000000e+00 40002
 -1.0272174900000000e+02 0.0000000000000000e+00 0.0000000000000000e+00 0.0000000000000000e+00 31002
 -1.5368110700000001e+01 0.0000000000000000e+00 0.0000000000000000e+00 0.0000000000000000e+00 22002
 -2.1720831600000001e+00 0.0000000000000000e+00 0.0000000000000000e+00 0.0000000000000000e+00 13002
 -2.7460926400000002e-01 0.0000000000000000e+00 0.0000000000000000e+00 0.0000000000000000e+00 04002
 1.0683798299999999e+02 0.0000000000000000e+00 0.0000000000000000e+00 0.0000000000000000e+00 30102
 1.2376615800000000e+01 0.0000000000000000e+00 0.0000000000000000e+00 0.0000000000000000e+00 21102
 1.4653033000000000e+00 0.0000000000000000e+00 0.0000000000000000e+00 0.0000000000000000e+00 12102
 1.8539329299999999e-01 0.0000000000000000e+00 0.0000000000000000e+00 0.0000000000000000e+00 03102
 1.1888713100000000e+01 0.0000000000000000e+00 0.0000000000000000e+00 0.0000000000000000e+00 20202
 -2.5566998800000000e+00 0.0000000000000000e+00 0.0000000000000000e+00 0.0000000000000000e+00 11202
 -8.6380901700000001e-01 0.0000000000000000e+00 0.0000000000000000e+00 0.0000000000000000e+00 02202
 1.8804701399999999e+01 0.0000000000000000e+00 0.0000000000000000e+00 0.0000000000000000e+00 10302
 2.4966757999999998e+00 0.0000000000000000e+00 0.0000000000000000e+00 0.0000000000000000e+00 01302
 -3.9308849700000001e+00 0.0000000000000000e+00 0.0000000000000000e+00 0.0000000000000000e+00 00402
 1.2703465100000001e+01 0.0000000000000000e+00 0.0000000000000000e+00 0.0000000000000000e+00 30021
 7.9618751600000000e+00 0.0000000000000000e+00 0.0000000000000000e+00 0.0000000000000000e+00 21021
 1.6098250700000001e+00 0.0000000000000000e+00 0.0000000000000000e+00 0.0000000000000000e+00 12021
 2.5756567499999999e-01 0.0000000000000000e+00 0.0000000000000000e+00 0.0000000000000000e+00 03021
 5.9357450700000003e+00 0.0000000000000000e+00 0.0000000000000000e+00 0.0000000000000000e+00 20121
 6.7934845300000002e-01 0.0000000000000000e+00 0.0000000000000000e+00 0.0000000000000000e+00 11121
 7.5755015100000003e-02 0.0000000000000000e+00 0.0000000000000000e+00 0.0000000000000000e+00 02121
 7.3629458100000003e+00 0.0000000000000000e+00 0.0000000000000000e+00 0.0000000000000000e+00 10221
 2.3008013500000000e+00 0.0000000000000000e+00 0.0000000000000000e+00 0.0000000000000000e+00 01221
 -1.1838300700000000e-01 0.0000000000000000e+00 0.0000000000000000e+00 0.0000000000000000e+00 00321
 1.4425814500000000e+01 0.0000000000000000e+00 0.0000000000000000e+00 0.0000000000000000e+00 30012
 1.5265816299999999e+00 0.0000000000000000e+00 0.0000000000000000e+00 0.0000000000000000e+00 21012
 1.6302881699999999e-01 0.0000000000000000e+00 0.0000000000000000e+00 0.0000000000000000e+00 12012
 1.7168950900000000e-02 0.0000000000000000e+00 0.0000000000000000e+00 0.0000000000000000e+00 03012
 1.5074373400000001e+01 0.0000000000000000e+00 0.0000000000000000e+00 0.0000000000000000e+00 20112
 1.6070658300000000e+00 0.0000000000000000e+00 0.0000000000000000e+00 0.0000000000000000e+00 11112
 1.6646502299999999e-01 0.0000000000000000e+00 0.0000000000000000e+00 0.0000000000000000e+00 02112
 2.2880329700000002e+00 0.0000000000000000e+00 0.0000000000000000e+00 0.0000000000000000e+00 10212
 2.6541344900000002e-01 0.0000000000000000e+00 0.0000000000000000e+00 0.0000000000000000e+00 01212
 3.2668393000000000e+00 0.0000000000000000e+00 0.0000000000000000e+00 0.0000000000000000e+00 00312
 -1.4469480500000000e+00 0.0000000000000000e+00 0.0000000000000000e+00 0.0000000000000000e+00 30003
 -3.0155182100000000e-01 0.0000000000000000e+00 0.0000000000000000e+00 0.0000000000000000e+00 21003
 -9.7940595800000002e-02 0.0000000000000000e+00 0.0000000000000000e+00 0.0000000000000000e+00 12003
 -2.1887463300000000e-02 0.0000000000000000e+00 0.0000000000000000e+00 0.0000000000000000e+00 03003
 2.1373127700000000e-01 0.0000000000000000e+00 0.0000000000000000e+00 0.0000000000000000e+00 20103
 -4.2487175700000003e-03 0.0000000000000000e+00 0.0000000000000000e+00 0.0000000000000000e+00 11103
 -2.6398123599999999e-03 0.0000000000000000e+00 0.0000000000000000e+00 0.0000000000000000e+00 02103
 -3.9033618199999998e-01 0.0000000000000000e+00 0.0000000000000000e+00 0.0000000000000000e+00 10203
 -2.2056344900000000e-02 0.0000000000000000e+00 0.0000000000000000e+00 0.0000000000000000e+00 01203
 -2.5206106999999998e-02 0.0000000000000000e+00 0.0000000000000000e+00 0.0000000000000000e+00 00303
 8.3539572600000001e-01 0.0000000000000000e+00 0.0000000000000000e+00 0.0000000000000000e+00 20031
 1.0108242400000000e-01 0.0000000000000000e+00 0.0000000000000000e+00 0.0000000000000000e+00 11031
 1.1382651500000000e-02 0.0000000000000000e+00 0.0000000000000000e+00 0.0000000000000000e+00 02031
 9.6753924199999997e-01 0.0000000000000000e+00 0.0000000000000000e+00 0.0000000000000000e+00 10131
 2.8394057299999997e-01 0.0000000000000000e+00 0.0000000000000000e+00 0.0000000000000000e+00 01131
 7.0409468399999994e-02 0.0000000000000000e+00 0.0000000000000000e+00 0.0000000000000000e+00 00231
 1.9662115200000001e+00 0.0000000000000000e+00 0.0000000000000000e+00 0.0000000000000000e+00 20022
 2.1192966199999999e-01 0.0000000000000000e+00 0.0000000000000000e+00 0.0000000000000000e+00 11022
 2.2229702000000000e-02 0.0000000000000000e+00 0.0000000000000000e+00 0.0000000000000000e+00 02022
 1.9217672799999999e-01 0.0000000000000000e+00 0.0000000000000000e+00 0.0000000000000000e+00 10122
 2.0842935900000002e-02 0.0000000000000000e+00 0.0000000000000000e+00 0.0000000000000000e+00 01122
 4.0919772199999999e-01 0.0000000000000000e+00 0.0000000000000000e+00 0.0000000000000000e+00 00222
 1.1620879799999999e-02 0.0000000000000000e+00 0.0000000000000000e+00 0.0000000000000000e+00 20013
 -8.6175197900000000e-04 0.0000000000000000e+00 0.0000000000000000e+00 0.0000000000000000e+00 11013
 -3.6803400800000002e-04 0.0000000000000000e+00 0.0000000000000000e+00 0.0000000000000000e+00 02013
 -3.0559588299999999e-02 0.0000000000000000e+00 0.0000000000000000e+00 0.0000000000000000e+00 10113
 7.9282077300000002e-04 0.0000000000000000e+00 0.0000000000000000e+00 0.0000000000000000e+00 01113
 -1.0358131200000000e-03 0.0000000000000000e+00 0.0000000000000000e+00 0.0000000000000000e+00 00213
 -3.1766529600000003e-02 0.0000000000000000e+00 0.0000000000000000e+00 0.0000000000000000e+00 20004
 -8.6869289399999997e-03 0.0000000000000000e+00 0.0000000000000000e+00 0.0000000000000000e+00 11004
 -1.3033663300000000e-03 0.0000000000000000e+00 0.0000000000000000e+00 0.0000000000000000e+00 02004
 -4.8593005899999998e-03 0.0000000000000000e+00 0.0000000000000000e+00 0.0000000000000000e+00 10104
 -1.8132267699999999e-04 0.0000000000000000e+00 0.0000000000000000e+00 0.0000000000000000e+00 01104
 -2.2531301500000000e-02 0.0000000000000000e+00 0.0000000000000000e+00 0.0000000000000000e+00 00204
 1.0273608300000001e-01 0.0000000000000000e+00 0.0000000000000000e+00 0.0000000000000000e+00 10041
 3.1679181700000003e-02 0.0000000000000000e+00 0.0000000000000000e+00 0.0000000000000000e+00 01041
 1.7740698900000001e-02 0.0000000000000000e+00 0.0000000000000000e+00 0.0000000000000000e+00 00141
 1.2813031600000000e-02 0.0000000000000000e+00 0.0000000000000000e+00 0.0000000000000000e+00 10032
 1.3430987299999999e-03 0.0000000000000000e+00 0.0000000000000000e+00 0.0000000000000000e+00 01032
 4.4265491599999998e-02 0.0000000000000000e+00 0.0000000000000000e+00 0.0000000000000000e+00 00132
 -5.0074566800000003e-03 0.0000000000000000e+00 0.0000000000000000e+00 0.0000000000000000e+00 10023
 -3.6226490100000000e-05 0.0000000000000000e+00 0.0000000000000000e+00 0.0000000000000000e+00 01023
 -1.0084677400000000e-04 0.0000000000000000e+00 0.0000000000000000e+00 0.0000000000000000e+00 00123
 -2.5991156500000000e-04 0.0000000000000000e+00 0.0000000000000000e+00 0.0000000000000000e+00 10014
 -8.6598892899999998e-06 0.0000000000000000e+00 0.0000000000000000e+00 0.0000000000000000e+00 01014
 1.2643326200000000e-04 0.0000000000000000e+00 0.0000000000000000e+00 0.0000000000000000e+00 00114
 -3.7640531699999999e-04 0.0000000000000000e+00 0.0000000000000000e+00 0.0000000000000000e+00 10005
 -4.9526213000000003e-05 0.0000000000000000e+00 0.0000000000000000e+00 0.0000000000000000e+00 01005
 5.0543502499999998e-05 0.0000000000000000e+00 0.0000000000000000e+00 0.0000000000000000e+00 00105
 3.1877867700000001e-03 0.0000000000000000e+00 0.0000000000000000e+00 0.0000000000000000e+00 00051
 4.7427681699999998e-03 0.0000000000000000e+00 0.0000000000000000e+00 0.0000000000000000e+00 00042
 1.0854985800000000e-05 0.0000000000000000e+00 0.0000000000000000e+00 0.0000000000000000e+00 00033
 9.0835490000000001e-05 0.0000000000000000e+00 0.0000000000000000e+00 0.0000000000000000e+00 00024
 3.1187906300000002e-06 0.0000000000000000e+00 0.0000000000000000e+00 0.0000000000000000e+00 00015
 2.3269827100000001e-06 0.0000000000000000e+00 0.0000000000000000e+00 0.0000000000000000e+00 00006
 --------------------------------------------
