! Candidate angular fit; delta and xtar-dependent terms retained from frozen seed.
 --------------------------------------------
 7.3618084012230583e-04 -4.6385257024775944e-05 5.2958807282991668e-04 0.0000000000000000e+00 00000
 3.2961338067284079e-01 1.5489764181546703e-02 -5.2254585800637580e-03 2.4527718100000001e-01 10000
 -2.9904723894814729e+00 -1.2889085471779013e-01 3.6150915358805026e-02 1.7923725400000001e-01 01000
 2.1210061575909441e-03 -4.6006485400211306e-01 2.8089762452089340e-01 1.5762221900000001e-02 00100
 1.1980425948582109e-01 4.6460798696273536e-02 -2.3363142266820502e+00 -2.7748113599999999e-02 00010
 -2.8088797546459454e-01 -2.1539045237166970e-02 8.5651028138207987e-03 -3.1763193899999997e-01 20000
 1.8817131574973331e+00 -1.6146381291766279e-02 -6.3411828945316518e-03 3.2294487900000002e+00 11000
 7.0572443358472272e+00 1.1330425825592370e+00 -2.2232611894633250e-01 9.9624983800000000e-01 02000
 -1.6079953716431455e-01 1.4487446498907892e+00 -4.4023359534784057e-01 -6.9868989000000006e-02 10100
 1.1285749155302274e+00 9.0058907076019978e-01 2.3667396724571407e-01 -2.7273720299999998e-01 01100
 1.9678752599581236e-03 -2.1271536573233170e-02 -6.9436220671978879e-03 -1.7795864400000000e-02 00200
 2.4824862745876852e-01 -2.0247418059314803e+01 5.5676702005750078e+00 -1.7964206399999999e-01 10010
 -1.1167837240545110e-01 -1.7452675553101450e+01 2.1671250155078430e+00 5.1434082800000001e+00 01010
 0.0000000000000000e+00 0.0000000000000000e+00 1.0906867755305893e-01 4.5628469799999999e-01 00110
 9.1371316032497230e-01 -1.9709475976599926e+00 8.9561155525292913e-01 -6.4079203600000003e+00 00020
 1.3599985999447928e+00 6.6408706898602107e-02 -3.1086844460529874e-02 9.3683431900000003e-01 30000
 -2.7610324863619926e+01 3.2165968230477132e-01 1.3668435798554487e-01 -1.3540589900000001e+01 21000
 1.9350777256744459e+02 -1.0168593790314679e+01 0.0000000000000000e+00 5.1879764199999997e+01 12000
 -5.0310550739455846e+02 4.4190076470456233e+01 6.2769990402229014e-01 -2.0498985000000001e+01 03000
 2.2277286765970183e+00 -4.8562973177959172e+00 9.8856496461951415e-01 -3.1254219399999998e-02 20100
 -2.0484231359270545e+01 5.6504910297398155e+01 -1.0244244079240476e+01 2.8400841199999999e-01 11100
 1.5690491132286875e+00 -1.4508926733991424e+02 2.1715148531830017e+01 3.9556433100000001e+00 02100
 -5.0431720995103502e-01 2.9439616711604626e+00 2.0116029067273097e-01 9.5431561099999995e-01 10200
 4.9836870980661363e+00 -2.5747374012156261e+01 0.0000000000000000e+00 -7.0688381700000003e+00 01200
 1.1821369977645109e+00 -1.0962679498906700e+00 6.0570461818107424e-01 -3.5820566700000001e-01 00300
 -1.2125302834256946e+01 6.2969795684834992e+01 -1.5880535387392287e+01 -2.7448817499999998e+00 20010
 1.3191047333813935e+02 -7.3894892449959889e+02 1.7170165921171241e+02 1.0681983600000001e+01 11010
 -1.8019801228551390e+02 1.9504819280529659e+03 -3.9076360918872263e+02 -4.6776265000000002e+01 02010
 -1.7500585232716057e+00 -4.8521207983409113e+01 0.0000000000000000e+00 4.3468718099999998e-01 10110
 0.0000000000000000e+00 4.1092842347699650e+02 -3.0659994521183116e+01 2.5692412099999999e+01 01110
 0.0000000000000000e+00 6.8920172783549148e+01 -5.6456872916648226e+00 -3.1559352000000001e+00 00210
 1.3216700201760514e+02 2.7409011153472417e+01 2.3036301214169157e+01 3.1907757499999999e+01 10020
 -1.0432792073666778e+03 -2.0717644961912714e+02 -9.8564450721240050e+01 -4.6789810199999999e+02 01020
 0.0000000000000000e+00 -1.1271608975896559e+03 2.0578891831900972e+02 3.4179037000000001e+01 00120
 -7.5916400556962799e+01 5.5253916704974808e+03 -1.3565598836936281e+03 -7.1508536199999995e+01 00030
 -7.7538460264632416e+00 -2.2390136961487156e-01 0.0000000000000000e+00 -2.3027877499999998e+00 40000
 1.6528575673499313e+02 0.0000000000000000e+00 -6.4009575049520817e-02 5.8024830899999998e+01 31000
 -1.1733824723844334e+03 2.0799698332257702e+01 0.0000000000000000e+00 -4.9156237399999998e+02 22000
 2.7880351471822069e+03 0.0000000000000000e+00 0.0000000000000000e+00 1.7182972100000000e+03 13000
 0.0000000000000000e+00 -5.9391828910367178e+02 -6.3555758991284030e+01 -1.9501040300000000e+03 04000
 -2.4772527132483980e+01 9.6506331834228742e+00 -4.9533587274710844e-01 -1.4621283800000000e+00 30100
 4.5632938794369790e+02 -1.2260977181609012e+02 6.9197352413528943e+00 4.7295753499999996e+01 21100
 -2.8932343753204937e+03 2.7838364210397168e+02 0.0000000000000000e+00 -4.3237295599999999e+02 12100
 6.9720857974290675e+03 6.9827429407924990e+02 -1.4093128814805192e+02 1.3233994800000000e+03 03100
 0.0000000000000000e+00 -4.7987966452361617e+00 -8.4186583173947738e-01 -1.0047251200000000e+00 20200
 0.0000000000000000e+00 0.0000000000000000e+00 0.0000000000000000e+00 1.6743462399999999e+01 11200
 0.0000000000000000e+00 4.5750303474394980e+02 0.0000000000000000e+00 -6.7273158699999996e+01 02200
 -4.5552540244159987e+00 -1.0538902351359020e+01 0.0000000000000000e+00 4.9815545700000001e+00 10300
 0.0000000000000000e+00 -1.1259079277388869e+01 0.0000000000000000e+00 -3.7436718100000000e+01 01300
 0.0000000000000000e+00 -2.4297830580135162e+00 0.0000000000000000e+00 3.8352631700000002e+00 00400
 1.4444538869612754e+02 -1.3775766099861818e+02 1.7476894570752542e+01 2.0406354700000001e+01 30010
 -2.1077152073574780e+03 1.7913478205828740e+03 -1.9365469985121953e+02 -5.2187064599999997e+02 21010
 9.7356386448056037e+03 -4.1679290226624144e+03 0.0000000000000000e+00 4.0218560800000000e+03 12010
 -2.1267976543322202e+04 -1.0384713254447870e+04 3.1703786313105697e+03 -1.1081659400000000e+04 03010
 0.0000000000000000e+00 3.8853792856371479e+02 0.0000000000000000e+00 -2.6109065900000001e+01 20110
 4.2174989758006305e+01 -3.7359685745642787e+03 0.0000000000000000e+00 3.4366059500000000e+02 11110
 0.0000000000000000e+00 1.8135564013062149e+03 1.2429302657153562e+03 -9.7405222100000003e+02 02110
 0.0000000000000000e+00 0.0000000000000000e+00 0.0000000000000000e+00 -3.6510193000000001e+01 10210
 1.9383918684624564e+02 8.5731330991013385e+02 -1.1883994467109379e+02 2.9243684000000002e+02 01210
 0.0000000000000000e+00 0.0000000000000000e+00 0.0000000000000000e+00 -8.4939199799999997e+01 00310
 0.0000000000000000e+00 -1.8830339646471675e+03 0.0000000000000000e+00 4.0636932100000001e+02 20020
 0.0000000000000000e+00 1.5264251685763737e+04 0.0000000000000000e+00 -4.5869649099999997e+03 11020
 -7.8758564837196272e+03 1.4357886310469961e+04 -1.0396936545054828e+04 9.3584628599999996e+03 02020
 4.3615357178402388e+02 7.3482655995691664e+02 1.0841555866888468e+03 6.0264629700000000e+01 10120
 0.0000000000000000e+00 -8.4345355033175438e+03 0.0000000000000000e+00 -6.9720597099999998e+02 01120
 0.0000000000000000e+00 -2.7299021780155050e+02 2.2076372537672799e+02 7.2697501299999999e+02 00220
 0.0000000000000000e+00 -8.4947345598485626e+03 -1.8414059263095664e+03 5.3606629499999997e+02 10030
 -4.3308136437795365e+03 3.2482117126119272e+04 0.0000000000000000e+00 -2.3364836399999999e+03 01030
 0.0000000000000000e+00 -5.8514723397520584e+02 0.0000000000000000e+00 -1.6674671400000000e+03 00130
 0.0000000000000000e+00 0.0000000000000000e+00 0.0000000000000000e+00 3.9121164899999999e+03 00040
 2.1374104083127303e+01 -2.1432693051020288e-01 1.0243311756111136e-01 4.9678190300000002e+00 50000
 -3.6288724342497846e+02 -1.8359359181369664e-01 0.0000000000000000e+00 -2.1463550799999999e+02 41000
 0.0000000000000000e+00 0.0000000000000000e+00 0.0000000000000000e+00 3.4385126599999999e+03 32000
 3.2937952125176293e+04 0.0000000000000000e+00 0.0000000000000000e+00 -2.7888407800000001e+04 23000
 -2.2147097386744400e+05 -3.1814140996258828e+02 0.0000000000000000e+00 1.1885052899999999e+05 14000
 4.4622239786653547e+05 -2.5704492961898854e+03 0.0000000000000000e+00 -2.0979779999999999e+05 05000
 8.2459959559566016e+01 -1.4320993177753980e+01 -1.9749050313406874e-01 3.0790796100000000e+00 40100
 -1.5171158291484280e+03 2.1993519591954615e+02 0.0000000000000000e+00 -7.1757031799999993e+01 31100
 7.2952975395739504e+03 0.0000000000000000e+00 0.0000000000000000e+00 1.7523077900000001e+02 22100
 0.0000000000000000e+00 -1.1747218971839909e+04 0.0000000000000000e+00 3.6607079199999998e+03 13100
 -1.8213707566820121e+04 4.3477617777758962e+04 -2.7329538394847345e+03 -1.8679771700000001e+04 04100
 1.2866223285241540e+01 -6.1380009572748202e+00 7.7132133208242548e-01 -9.8292970799999999e+00 30200
 -3.2487839653985134e+01 3.3649222285086452e+01 0.0000000000000000e+00 2.2322339500000001e+02 21200
 -1.6724063603958666e+03 3.8485003057118126e+02 0.0000000000000000e+00 -1.9345593400000000e+03 12200
 7.3688410459868464e+03 -5.3453515195005839e+03 0.0000000000000000e+00 6.2959604900000004e+03 03200
 0.0000000000000000e+00 0.0000000000000000e+00 0.0000000000000000e+00 7.5324127100000000e+00 20300
 0.0000000000000000e+00 0.0000000000000000e+00 0.0000000000000000e+00 -1.7311873199999999e+02 11300
 1.5016357034742165e+02 -5.8101967480047801e+02 3.8392484510241701e+01 1.0774482200000000e+03 02300
 1.7150748465295536e+01 3.4147753423560935e+01 0.0000000000000000e+00 -1.1124031400000001e+00 10400
 -2.1367601514573576e+02 3.6101910780547811e+01 0.0000000000000000e+00 -1.0768688200000000e+02 01400
 3.5261481333750910e+00 2.0757419310123458e+02 -4.1409037474384860e+01 -1.3675491200000001e+00 00500
 -9.4547519106328673e+02 2.1864395389568486e+02 0.0000000000000000e+00 -4.8581986499999999e+01 40010
 1.7350158367908632e+04 -2.1262687582308358e+03 0.0000000000000000e+00 1.9529719100000000e+03 31010
 -8.7444938699783510e+04 -1.8937202612783458e+04 0.0000000000000000e+00 -2.0776508900000001e+04 22010
 0.0000000000000000e+00 2.8393076377481193e+05 0.0000000000000000e+00 7.9440774900000004e+04 13010
 5.5474637124777527e+05 -8.5293432875269209e+05 0.0000000000000000e+00 -7.1841567599999995e+04 04010
 0.0000000000000000e+00 -9.6770657627140668e+02 0.0000000000000000e+00 6.3779292800000000e+01 30110
 -4.7286369589234789e+02 1.4050866295829454e+04 0.0000000000000000e+00 -1.7658266000000001e+03 21110
 0.0000000000000000e+00 -5.0763169606664196e+04 0.0000000000000000e+00 1.1961652899999999e+04 12110
 4.9767434448158347e+04 7.4898219621224518e+04 0.0000000000000000e+00 -3.6062570899999999e+04 03110
 0.0000000000000000e+00 -2.2914680382123936e+02 0.0000000000000000e+00 -8.6987571199999998e+00 20210
 -7.8854115359637979e+02 0.0000000000000000e+00 0.0000000000000000e+00 1.6077307200000000e+03 11210
 0.0000000000000000e+00 0.0000000000000000e+00 0.0000000000000000e+00 -1.1675984399999999e+04 02210
 0.0000000000000000e+00 0.0000000000000000e+00 0.0000000000000000e+00 1.6598224700000000e+02 10310
 0.0000000000000000e+00 2.7347937631419153e+01 -7.4324884873634551e+02 9.4686973100000000e+02 01310
 0.0000000000000000e+00 0.0000000000000000e+00 0.0000000000000000e+00 1.6439557600000001e+02 00410
 -4.4225132327263345e+03 9.4956634461148915e+03 0.0000000000000000e+00 -2.4076491099999998e+03 30020
 1.0790982121292930e+05 -1.2658002136490053e+05 0.0000000000000000e+00 5.5520991600000001e+04 21020
 -9.1970917433218088e+05 3.2604530675181840e+05 0.0000000000000000e+00 -4.1814969699999999e+05 12020
 2.5047099196230574e+06 0.0000000000000000e+00 0.0000000000000000e+00 1.1185970900000001e+06 03020
 -4.1275140895855583e+02 0.0000000000000000e+00 0.0000000000000000e+00 3.3250162999999998e+02 20120
 0.0000000000000000e+00 0.0000000000000000e+00 0.0000000000000000e+00 -1.4254245100000000e+04 11120
 0.0000000000000000e+00 0.0000000000000000e+00 0.0000000000000000e+00 5.2657758800000003e+04 02120
 0.0000000000000000e+00 0.0000000000000000e+00 0.0000000000000000e+00 -3.9989584300000001e+03 10220
 0.0000000000000000e+00 0.0000000000000000e+00 0.0000000000000000e+00 2.5102144300000000e+04 01220
 0.0000000000000000e+00 -2.0086626516348057e+04 0.0000000000000000e+00 9.0266857599999994e+01 00320
 0.0000000000000000e+00 0.0000000000000000e+00 2.3558749780563518e+04 -9.3089900000000000e+02 20030
 2.9928315769463632e+04 -1.6084101796062390e+05 0.0000000000000000e+00 3.9788767800000001e+04 11030
 0.0000000000000000e+00 8.3118499127714848e+05 0.0000000000000000e+00 -1.1875274700000000e+05 02030
 0.0000000000000000e+00 0.0000000000000000e+00 0.0000000000000000e+00 2.9493169800000000e+04 10130
 0.0000000000000000e+00 0.0000000000000000e+00 0.0000000000000000e+00 -2.5987719800000000e+05 01130
 5.0140952213027313e+03 0.0000000000000000e+00 0.0000000000000000e+00 1.1004152400000000e+03 00230
 -4.3450249747037169e+03 -9.9552172649805492e+04 0.0000000000000000e+00 -1.3196676600000001e+04 10040
 0.0000000000000000e+00 0.0000000000000000e+00 0.0000000000000000e+00 3.0309427799999999e+05 01040
 0.0000000000000000e+00 6.9463705172775243e+05 1.8795224683013931e+05 -1.7333469400000002e+04 00140
 0.0000000000000000e+00 -2.4896364312798334e+06 0.0000000000000000e+00 3.0963153100000000e+04 00050
 -2.1814530518269052e+01 1.3976766389253474e+00 -3.8359002004060595e-02 0.0000000000000000e+00 60000
 3.3424075995318208e+02 0.0000000000000000e+00 0.0000000000000000e+00 0.0000000000000000e+00 51000
 0.0000000000000000e+00 -7.1273226696692177e+01 0.0000000000000000e+00 0.0000000000000000e+00 42000
 0.0000000000000000e+00 -5.1907613027860612e+02 6.4720626370683050e+01 0.0000000000000000e+00 33000
 -3.3504350386762444e+05 0.0000000000000000e+00 0.0000000000000000e+00 0.0000000000000000e+00 24000
 2.8447674652185189e+06 0.0000000000000000e+00 0.0000000000000000e+00 0.0000000000000000e+00 15000
 -6.6027598100746572e+06 1.3761745134855076e+05 0.0000000000000000e+00 0.0000000000000000e+00 06000
 -8.2084637435883792e+01 0.0000000000000000e+00 -3.2452530862922629e-01 0.0000000000000000e+00 50100
 1.4283441644042778e+03 -5.4866244162466160e+01 0.0000000000000000e+00 0.0000000000000000e+00 41100
 -5.4052222506562266e+03 0.0000000000000000e+00 0.0000000000000000e+00 0.0000000000000000e+00 32100
 0.0000000000000000e+00 -8.6035460189505047e+03 0.0000000000000000e+00 0.0000000000000000e+00 23100
 0.0000000000000000e+00 1.4239613387398142e+05 0.0000000000000000e+00 0.0000000000000000e+00 14100
 -5.3136190879830462e+05 -5.7200744822122855e+05 3.0563102999705494e+04 0.0000000000000000e+00 05100
 -3.7059170825832304e+01 8.6535552997652658e+00 0.0000000000000000e+00 0.0000000000000000e+00 40200
 3.6077384488206889e+02 0.0000000000000000e+00 0.0000000000000000e+00 0.0000000000000000e+00 31200
 0.0000000000000000e+00 0.0000000000000000e+00 0.0000000000000000e+00 0.0000000000000000e+00 22200
 0.0000000000000000e+00 0.0000000000000000e+00 0.0000000000000000e+00 0.0000000000000000e+00 13200
 -2.9713958042939797e+04 2.7258337364932493e+04 0.0000000000000000e+00 0.0000000000000000e+00 04200
 0.0000000000000000e+00 8.3553582087560017e+01 0.0000000000000000e+00 0.0000000000000000e+00 30300
 0.0000000000000000e+00 0.0000000000000000e+00 0.0000000000000000e+00 0.0000000000000000e+00 21300
 0.0000000000000000e+00 3.0873555665307690e+03 0.0000000000000000e+00 0.0000000000000000e+00 12300
 3.9238346035540604e+02 0.0000000000000000e+00 2.4665026659864266e+03 0.0000000000000000e+00 03300
 0.0000000000000000e+00 -6.5245951801975067e+01 -6.0358297308500193e+00 0.0000000000000000e+00 20400
 4.3675881995134426e+02 0.0000000000000000e+00 0.0000000000000000e+00 0.0000000000000000e+00 11400
 0.0000000000000000e+00 0.0000000000000000e+00 7.1146834518729963e+02 0.0000000000000000e+00 02400
 0.0000000000000000e+00 -4.3136445843447285e+02 9.7626943434540848e+01 0.0000000000000000e+00 10500
 0.0000000000000000e+00 -1.8602648605438069e+03 0.0000000000000000e+00 0.0000000000000000e+00 01500
 -6.2018006700569330e+01 -1.4696224263565782e+02 0.0000000000000000e+00 0.0000000000000000e+00 00600
 1.7769456811251225e+03 -1.3559873782784661e+02 0.0000000000000000e+00 0.0000000000000000e+00 50010
 -3.5473185851261384e+04 0.0000000000000000e+00 0.0000000000000000e+00 0.0000000000000000e+00 41010
 1.7644788116846539e+05 4.1399098197403604e+04 0.0000000000000000e+00 0.0000000000000000e+00 32010
 0.0000000000000000e+00 0.0000000000000000e+00 -1.3155589246934918e+04 0.0000000000000000e+00 23010
 0.0000000000000000e+00 -3.6566518789452389e+06 0.0000000000000000e+00 0.0000000000000000e+00 14010
 -1.0518646432230358e+06 1.5195345257352756e+07 0.0000000000000000e+00 0.0000000000000000e+00 05010
 2.6121878326559255e+02 7.1599766606680771e+02 0.0000000000000000e+00 0.0000000000000000e+00 40110
 -3.3817850183721007e+03 0.0000000000000000e+00 0.0000000000000000e+00 0.0000000000000000e+00 31110
 0.0000000000000000e+00 -2.4266819476895462e+05 0.0000000000000000e+00 0.0000000000000000e+00 22110
 0.0000000000000000e+00 2.1464602047086474e+06 0.0000000000000000e+00 0.0000000000000000e+00 13110
 0.0000000000000000e+00 -5.4612244995584767e+06 0.0000000000000000e+00 0.0000000000000000e+00 04110
 0.0000000000000000e+00 -4.3847452663342534e+02 1.6881397512949243e+02 0.0000000000000000e+00 30210
 0.0000000000000000e+00 -8.4168334272186912e+03 -3.5266843622550509e+03 0.0000000000000000e+00 21210
 0.0000000000000000e+00 0.0000000000000000e+00 0.0000000000000000e+00 0.0000000000000000e+00 12210
 0.0000000000000000e+00 5.8949856793766223e+04 0.0000000000000000e+00 0.0000000000000000e+00 03210
 0.0000000000000000e+00 1.6022817949864191e+03 -1.1486765060825284e+02 0.0000000000000000e+00 20310
 2.3753120602883869e+03 0.0000000000000000e+00 0.0000000000000000e+00 0.0000000000000000e+00 11310
 0.0000000000000000e+00 0.0000000000000000e+00 0.0000000000000000e+00 0.0000000000000000e+00 02310
 0.0000000000000000e+00 0.0000000000000000e+00 0.0000000000000000e+00 0.0000000000000000e+00 10410
 0.0000000000000000e+00 1.5027665886477787e+04 0.0000000000000000e+00 0.0000000000000000e+00 01410
 0.0000000000000000e+00 0.0000000000000000e+00 0.0000000000000000e+00 0.0000000000000000e+00 00510
 0.0000000000000000e+00 -1.8813514170321927e+04 0.0000000000000000e+00 0.0000000000000000e+00 40020
 0.0000000000000000e+00 2.5333903704039182e+05 5.4054616356367687e+03 0.0000000000000000e+00 31020
 0.0000000000000000e+00 0.0000000000000000e+00 0.0000000000000000e+00 0.0000000000000000e+00 22020
 0.0000000000000000e+00 -1.1009669357413957e+07 0.0000000000000000e+00 0.0000000000000000e+00 13020
 3.8303741733514406e+06 3.3994471065177128e+07 -1.1302207814242295e+06 0.0000000000000000e+00 04020
 0.0000000000000000e+00 0.0000000000000000e+00 0.0000000000000000e+00 0.0000000000000000e+00 30120
 0.0000000000000000e+00 0.0000000000000000e+00 0.0000000000000000e+00 0.0000000000000000e+00 21120
 0.0000000000000000e+00 -3.9663030044483033e+05 0.0000000000000000e+00 0.0000000000000000e+00 12120
 0.0000000000000000e+00 0.0000000000000000e+00 0.0000000000000000e+00 0.0000000000000000e+00 03120
 0.0000000000000000e+00 -1.3412658397398980e+03 0.0000000000000000e+00 0.0000000000000000e+00 20220
 0.0000000000000000e+00 0.0000000000000000e+00 0.0000000000000000e+00 0.0000000000000000e+00 11220
 -6.7938343717390997e+05 0.0000000000000000e+00 0.0000000000000000e+00 0.0000000000000000e+00 02220
 0.0000000000000000e+00 2.0450011498079781e+05 0.0000000000000000e+00 0.0000000000000000e+00 10320
 2.3103831421209317e+04 0.0000000000000000e+00 0.0000000000000000e+00 0.0000000000000000e+00 01320
 0.0000000000000000e+00 3.6260653664293488e+04 0.0000000000000000e+00 0.0000000000000000e+00 00420
 0.0000000000000000e+00 1.2706237052684230e+04 0.0000000000000000e+00 0.0000000000000000e+00 30030
 -1.4789383086363322e+05 0.0000000000000000e+00 4.2469003126626567e+05 0.0000000000000000e+00 21030
 0.0000000000000000e+00 0.0000000000000000e+00 0.0000000000000000e+00 0.0000000000000000e+00 12030
 0.0000000000000000e+00 9.4242613052749615e+06 -3.1710194994924464e+06 0.0000000000000000e+00 03030
 0.0000000000000000e+00 0.0000000000000000e+00 0.0000000000000000e+00 0.0000000000000000e+00 20130
 0.0000000000000000e+00 0.0000000000000000e+00 0.0000000000000000e+00 0.0000000000000000e+00 11130
 0.0000000000000000e+00 0.0000000000000000e+00 0.0000000000000000e+00 0.0000000000000000e+00 02130
 0.0000000000000000e+00 -1.6885360797613044e+06 -4.4084778634869552e+05 0.0000000000000000e+00 10230
 0.0000000000000000e+00 0.0000000000000000e+00 0.0000000000000000e+00 0.0000000000000000e+00 01230
 0.0000000000000000e+00 -1.5761056028034069e+05 -9.9930450291871548e+03 0.0000000000000000e+00 00330
 -1.3745170023619590e+04 0.0000000000000000e+00 -1.9296731406920768e+04 0.0000000000000000e+00 20040
 0.0000000000000000e+00 -1.0425588051897686e+06 0.0000000000000000e+00 0.0000000000000000e+00 11040
 1.6142915558105052e+07 0.0000000000000000e+00 -8.8237845475020893e+06 0.0000000000000000e+00 02040
 0.0000000000000000e+00 0.0000000000000000e+00 3.0389741955856541e+06 0.0000000000000000e+00 10140
 0.0000000000000000e+00 0.0000000000000000e+00 0.0000000000000000e+00 0.0000000000000000e+00 01140
 0.0000000000000000e+00 0.0000000000000000e+00 0.0000000000000000e+00 0.0000000000000000e+00 00240
 0.0000000000000000e+00 1.7307019307817429e+07 0.0000000000000000e+00 0.0000000000000000e+00 10050
 6.1099842570298025e+05 1.5892565401616042e+07 0.0000000000000000e+00 0.0000000000000000e+00 01050
 1.2811649797390422e+06 0.0000000000000000e+00 0.0000000000000000e+00 0.0000000000000000e+00 00150
 0.0000000000000000e+00 0.0000000000000000e+00 -1.2429336952551248e+07 0.0000000000000000e+00 00060
 1.1258424199999999e+00 0.0000000000000000e+00 0.0000000000000000e+00 7.6817769999999996e-01 00001
 -3.3092960599999999e+00 0.0000000000000000e+00 0.0000000000000000e+00 -1.2482495400000000e+00 10001
 9.5582156000000005e+00 0.0000000000000000e+00 0.0000000000000000e+00 7.1898036500000000e+00 01001
 -1.2807550800000000e+01 0.0000000000000000e+00 0.0000000000000000e+00 -1.7948002400000000e+00 00002
 3.1328287000000000e+01 0.0000000000000000e+00 0.0000000000000000e+00 4.3097902599999998e+00 20001
 -3.6635859399999998e+02 0.0000000000000000e+00 0.0000000000000000e+00 -4.7514103499999997e+01 11001
 1.2812726399999999e+03 0.0000000000000000e+00 0.0000000000000000e+00 1.2740499699999999e+02 02001
 8.4649294600000005e+00 0.0000000000000000e+00 0.0000000000000000e+00 1.5213236200000000e+00 00201
 -2.1218133200000000e+02 0.0000000000000000e+00 0.0000000000000000e+00 -4.4842024199999997e+01 00111
 8.6216804499999995e+01 0.0000000000000000e+00 0.0000000000000000e+00 1.3903586900000001e+01 10002
 -2.0237557699999999e+02 0.0000000000000000e+00 0.0000000000000000e+00 -7.5177002500000000e+01 01002
 1.2924057499999999e+03 0.0000000000000000e+00 0.0000000000000000e+00 3.3294530099999997e+02 00021
 1.5246574300000000e+02 4.1239841799999999e+02 -1.1855168000000000e+02 0.0000000000000000e+00 00012
 5.6814234300000003e+01 0.0000000000000000e+00 0.0000000000000000e+00 1.5595186500000001e+01 00003
 -1.1109064100000001e+02 0.0000000000000000e+00 0.0000000000000000e+00 -1.5717735800000000e+01 30001
 1.3012309000000000e+03 0.0000000000000000e+00 0.0000000000000000e+00 2.4992499500000000e+02 21001
 -3.3776413699999998e+03 0.0000000000000000e+00 0.0000000000000000e+00 -1.2056100300000001e+03 12001
 -1.0805725299999999e+03 0.0000000000000000e+00 0.0000000000000000e+00 1.6507063800000001e+03 03001
 -2.0675836699999999e+02 0.0000000000000000e+00 0.0000000000000000e+00 -8.6394541199999999e+00 10201
 1.2861228000000001e+03 0.0000000000000000e+00 0.0000000000000000e+00 5.1734533999999996e+01 01201
 4.5738898999999998e+02 0.0000000000000000e+00 0.0000000000000000e+00 2.4632876999999999e+02 10111
 3.1552100700000000e+02 0.0000000000000000e+00 0.0000000000000000e+00 -1.4688802499999999e+03 01111
 -2.8637608399999999e+00 0.0000000000000000e+00 0.0000000000000000e+00 -7.7696205800000001e+01 20002
 -2.8453250400000002e+02 0.0000000000000000e+00 0.0000000000000000e+00 8.0826721799999996e+02 11002
 -5.4968678599999997e+01 0.0000000000000000e+00 0.0000000000000000e+00 -1.8872739300000001e+03 02002
 -8.9490322900000001e+02 0.0000000000000000e+00 0.0000000000000000e+00 -1.3172162699999999e+01 00202
 -5.8186814800000001e+01 0.0000000000000000e+00 0.0000000000000000e+00 -1.7587238100000000e+03 10021
 2.8100110300000001e+01 0.0000000000000000e+00 0.0000000000000000e+00 1.0443614200000000e+04 01021
 2.4986902400000002e+01 0.0000000000000000e+00 0.0000000000000000e+00 3.7717688900000002e+02 00112
 -4.7104892700000001e+00 0.0000000000000000e+00 0.0000000000000000e+00 -1.7433297400000001e+02 10003
 -9.4935661400000004e-01 0.0000000000000000e+00 0.0000000000000000e+00 8.9351807699999995e+02 01003
 5.9109615599999996e+00 0.0000000000000000e+00 0.0000000000000000e+00 -2.7085707800000000e+03 00022
 1.0590745000000000e-01 0.0000000000000000e+00 0.0000000000000000e+00 -1.4915634900000001e+02 00004
 7.4420433400000000e-02 0.0000000000000000e+00 0.0000000000000000e+00 0.0000000000000000e+00 00101
 -9.3204445700000005e-01 0.0000000000000000e+00 0.0000000000000000e+00 0.0000000000000000e+00 00011
 2.8452158100000000e+00 0.0000000000000000e+00 0.0000000000000000e+00 0.0000000000000000e+00 10101
 -2.5439373000000000e+01 0.0000000000000000e+00 0.0000000000000000e+00 0.0000000000000000e+00 01101
 1.3705155500000000e+01 0.0000000000000000e+00 0.0000000000000000e+00 0.0000000000000000e+00 10011
 -7.2542508699999999e+01 0.0000000000000000e+00 0.0000000000000000e+00 0.0000000000000000e+00 01011
 1.1188551900000000e+01 0.0000000000000000e+00 0.0000000000000000e+00 0.0000000000000000e+00 00102
 -2.9857603999999998e+01 0.0000000000000000e+00 0.0000000000000000e+00 0.0000000000000000e+00 20101
 2.5760759400000001e+02 0.0000000000000000e+00 0.0000000000000000e+00 0.0000000000000000e+00 11101
 2.2280062200000000e+02 0.0000000000000000e+00 0.0000000000000000e+00 0.0000000000000000e+00 02101
 -5.7470399800000003e+00 0.0000000000000000e+00 0.0000000000000000e+00 0.0000000000000000e+00 00301
 -5.8377417100000002e+01 0.0000000000000000e+00 0.0000000000000000e+00 0.0000000000000000e+00 20011
 -7.5798640700000007e+01 0.0000000000000000e+00 0.0000000000000000e+00 0.0000000000000000e+00 11011
 -2.0030666900000000e+01 0.0000000000000000e+00 0.0000000000000000e+00 0.0000000000000000e+00 02011
 8.1569985000000003e+01 0.0000000000000000e+00 0.0000000000000000e+00 0.0000000000000000e+00 00211
 3.9907235700000001e+01 0.0000000000000000e+00 0.0000000000000000e+00 0.0000000000000000e+00 10102
 2.6133789799999999e+01 0.0000000000000000e+00 0.0000000000000000e+00 0.0000000000000000e+00 01102
 1.1102801200000000e+01 0.0000000000000000e+00 0.0000000000000000e+00 0.0000000000000000e+00 00121
 1.5806418400000000e+01 0.0000000000000000e+00 0.0000000000000000e+00 0.0000000000000000e+00 10012
 2.5233279000000000e+00 0.0000000000000000e+00 0.0000000000000000e+00 0.0000000000000000e+00 01012
 1.4961163900000001e+00 0.0000000000000000e+00 0.0000000000000000e+00 0.0000000000000000e+00 00103
 2.9442717200000001e+00 0.0000000000000000e+00 0.0000000000000000e+00 0.0000000000000000e+00 00031
 1.9644430600000001e-01 0.0000000000000000e+00 0.0000000000000000e+00 0.0000000000000000e+00 00013
 1.6957368000000000e+02 0.0000000000000000e+00 0.0000000000000000e+00 0.0000000000000000e+00 40001
 -1.1884030900000000e+03 0.0000000000000000e+00 0.0000000000000000e+00 0.0000000000000000e+00 31001
 -2.5640085899999999e+03 0.0000000000000000e+00 0.0000000000000000e+00 0.0000000000000000e+00 22001
 -7.9612626599999999e+02 0.0000000000000000e+00 0.0000000000000000e+00 0.0000000000000000e+00 13001
 -1.7013585599999999e+02 0.0000000000000000e+00 0.0000000000000000e+00 0.0000000000000000e+00 04001
 2.5273732400000000e+01 0.0000000000000000e+00 0.0000000000000000e+00 0.0000000000000000e+00 30101
 -3.0211779799999999e+02 0.0000000000000000e+00 0.0000000000000000e+00 0.0000000000000000e+00 21101
 1.0508874799999999e+01 0.0000000000000000e+00 0.0000000000000000e+00 0.0000000000000000e+00 12101
 1.7954560900000001e+01 0.0000000000000000e+00 0.0000000000000000e+00 0.0000000000000000e+00 03101
 3.9304286900000000e+02 0.0000000000000000e+00 0.0000000000000000e+00 0.0000000000000000e+00 20201
 -2.6547935800000000e+03 0.0000000000000000e+00 0.0000000000000000e+00 0.0000000000000000e+00 11201
 -6.7520795899999996e+02 0.0000000000000000e+00 0.0000000000000000e+00 0.0000000000000000e+00 02201
 3.1537455800000000e+01 0.0000000000000000e+00 0.0000000000000000e+00 0.0000000000000000e+00 10301
 -6.6287274900000000e+01 0.0000000000000000e+00 0.0000000000000000e+00 0.0000000000000000e+00 01301
 1.1048366800000000e+01 0.0000000000000000e+00 0.0000000000000000e+00 0.0000000000000000e+00 00401
 5.3995273300000001e+01 0.0000000000000000e+00 0.0000000000000000e+00 0.0000000000000000e+00 30011
 1.9851422299999999e+01 0.0000000000000000e+00 0.0000000000000000e+00 0.0000000000000000e+00 21011
 6.9951277899999997e+00 0.0000000000000000e+00 0.0000000000000000e+00 0.0000000000000000e+00 12011
 2.0305896899999998e+00 0.0000000000000000e+00 0.0000000000000000e+00 0.0000000000000000e+00 03011
 -4.1475572199999999e+02 0.0000000000000000e+00 0.0000000000000000e+00 0.0000000000000000e+00 20111
 -2.4292429500000000e+02 0.0000000000000000e+00 0.0000000000000000e+00 0.0000000000000000e+00 11111
 -5.3283176900000001e+01 0.0000000000000000e+00 0.0000000000000000e+00 0.0000000000000000e+00 02111
 1.4085442600000000e+01 0.0000000000000000e+00 0.0000000000000000e+00 0.0000000000000000e+00 10211
 -7.1897002499999996e+00 0.0000000000000000e+00 0.0000000000000000e+00 0.0000000000000000e+00 01211
 4.6617528200000002e+01 0.0000000000000000e+00 0.0000000000000000e+00 0.0000000000000000e+00 00311
 3.2702350999999999e+02 0.0000000000000000e+00 0.0000000000000000e+00 0.0000000000000000e+00 30002
 -4.6760376399999998e+01 0.0000000000000000e+00 0.0000000000000000e+00 0.0000000000000000e+00 21002
 -1.3113077600000000e+01 0.0000000000000000e+00 0.0000000000000000e+00 0.0000000000000000e+00 12002
 -2.1460877500000000e+00 0.0000000000000000e+00 0.0000000000000000e+00 0.0000000000000000e+00 03002
 -4.0516263400000003e+02 0.0000000000000000e+00 0.0000000000000000e+00 0.0000000000000000e+00 20102
 -3.7832739400000001e+01 0.0000000000000000e+00 0.0000000000000000e+00 0.0000000000000000e+00 11102
 -3.2861643300000001e+00 0.0000000000000000e+00 0.0000000000000000e+00 0.0000000000000000e+00 02102
 -7.9775662299999999e+02 0.0000000000000000e+00 0.0000000000000000e+00 0.0000000000000000e+00 10202
 -1.0025346300000000e+02 0.0000000000000000e+00 0.0000000000000000e+00 0.0000000000000000e+00 01202
 -5.8149400000000000e+01 0.0000000000000000e+00 0.0000000000000000e+00 0.0000000000000000e+00 00302
 -4.9721882500000000e+01 0.0000000000000000e+00 0.0000000000000000e+00 0.0000000000000000e+00 20021
 -2.3494000000000000e+01 0.0000000000000000e+00 0.0000000000000000e+00 0.0000000000000000e+00 11021
 -4.6306529500000000e+00 0.0000000000000000e+00 0.0000000000000000e+00 0.0000000000000000e+00 02021
 -7.0125265800000003e+00 0.0000000000000000e+00 0.0000000000000000e+00 0.0000000000000000e+00 10121
 -1.6612841400000000e+00 0.0000000000000000e+00 0.0000000000000000e+00 0.0000000000000000e+00 01121
 8.9976115900000000e+00 0.0000000000000000e+00 0.0000000000000000e+00 0.0000000000000000e+00 00221
 -2.6915856399999999e+01 0.0000000000000000e+00 0.0000000000000000e+00 0.0000000000000000e+00 20012
 -2.9374057699999998e+00 0.0000000000000000e+00 0.0000000000000000e+00 0.0000000000000000e+00 11012
 -2.8169995599999997e-01 0.0000000000000000e+00 0.0000000000000000e+00 0.0000000000000000e+00 02012
 -4.4261380600000003e+01 0.0000000000000000e+00 0.0000000000000000e+00 0.0000000000000000e+00 10112
 -5.1887392600000002e+00 0.0000000000000000e+00 0.0000000000000000e+00 0.0000000000000000e+00 01112
 -2.3091301500000001e+00 0.0000000000000000e+00 0.0000000000000000e+00 0.0000000000000000e+00 00212
 1.2974281100000001e+01 0.0000000000000000e+00 0.0000000000000000e+00 0.0000000000000000e+00 20003
 1.2986379400000001e+00 0.0000000000000000e+00 0.0000000000000000e+00 0.0000000000000000e+00 11003
 1.7931982099999999e-01 0.0000000000000000e+00 0.0000000000000000e+00 0.0000000000000000e+00 02003
 3.5963604300000002e-01 0.0000000000000000e+00 0.0000000000000000e+00 0.0000000000000000e+00 10103
 -6.8600012500000002e-02 0.0000000000000000e+00 0.0000000000000000e+00 0.0000000000000000e+00 01103
 4.7989772600000002e-01 0.0000000000000000e+00 0.0000000000000000e+00 0.0000000000000000e+00 00203
 -1.5183764099999999e+00 0.0000000000000000e+00 0.0000000000000000e+00 0.0000000000000000e+00 10031
 -2.5950537600000001e-01 0.0000000000000000e+00 0.0000000000000000e+00 0.0000000000000000e+00 01031
 1.2137887100000000e+00 0.0000000000000000e+00 0.0000000000000000e+00 0.0000000000000000e+00 00131
 -3.8339448699999998e+00 0.0000000000000000e+00 0.0000000000000000e+00 0.0000000000000000e+00 10022
 -4.4880310099999998e-01 0.0000000000000000e+00 0.0000000000000000e+00 0.0000000000000000e+00 01022
 4.3274224600000001e-02 0.0000000000000000e+00 0.0000000000000000e+00 0.0000000000000000e+00 00122
 4.3379578000000002e-02 0.0000000000000000e+00 0.0000000000000000e+00 0.0000000000000000e+00 10013
 3.8101713399999999e-04 0.0000000000000000e+00 0.0000000000000000e+00 0.0000000000000000e+00 01013
 7.1732702300000006e-02 0.0000000000000000e+00 0.0000000000000000e+00 0.0000000000000000e+00 00113
 4.0493515200000002e-03 0.0000000000000000e+00 0.0000000000000000e+00 0.0000000000000000e+00 10004
 -7.0401424799999997e-04 0.0000000000000000e+00 0.0000000000000000e+00 0.0000000000000000e+00 01004
 4.1771769200000001e-03 0.0000000000000000e+00 0.0000000000000000e+00 0.0000000000000000e+00 00104
 2.6521246799999998e-01 0.0000000000000000e+00 0.0000000000000000e+00 0.0000000000000000e+00 00041
 3.4293861799999999e-02 0.0000000000000000e+00 0.0000000000000000e+00 0.0000000000000000e+00 00032
 2.7421903000000001e-02 0.0000000000000000e+00 0.0000000000000000e+00 0.0000000000000000e+00 00023
 3.8234677400000002e-03 0.0000000000000000e+00 0.0000000000000000e+00 0.0000000000000000e+00 00014
 1.4659581000000001e-03 0.0000000000000000e+00 0.0000000000000000e+00 0.0000000000000000e+00 00005
 -2.2197897499999999e+02 0.0000000000000000e+00 0.0000000000000000e+00 0.0000000000000000e+00 50001
 2.0814843300000002e+03 0.0000000000000000e+00 0.0000000000000000e+00 0.0000000000000000e+00 41001
 -4.3056093600000003e+02 0.0000000000000000e+00 0.0000000000000000e+00 0.0000000000000000e+00 32001
 -2.1805028799999999e+02 0.0000000000000000e+00 0.0000000000000000e+00 0.0000000000000000e+00 23001
 -5.5584450099999998e+01 0.0000000000000000e+00 0.0000000000000000e+00 0.0000000000000000e+00 14001
 -1.1364256800000000e+01 0.0000000000000000e+00 0.0000000000000000e+00 0.0000000000000000e+00 05001
 1.0843246300000000e+02 0.0000000000000000e+00 0.0000000000000000e+00 0.0000000000000000e+00 40101
 -9.3186493399999995e+02 0.0000000000000000e+00 0.0000000000000000e+00 0.0000000000000000e+00 31101
 -1.9297715800000000e+02 0.0000000000000000e+00 0.0000000000000000e+00 0.0000000000000000e+00 22101
 -2.8647338300000001e+01 0.0000000000000000e+00 0.0000000000000000e+00 0.0000000000000000e+00 13101
 -3.4101753399999999e+00 0.0000000000000000e+00 0.0000000000000000e+00 0.0000000000000000e+00 04101
 6.1327849800000003e+01 0.0000000000000000e+00 0.0000000000000000e+00 0.0000000000000000e+00 30201
 -4.3628918599999999e+01 0.0000000000000000e+00 0.0000000000000000e+00 0.0000000000000000e+00 21201
 -4.7152181900000002e+01 0.0000000000000000e+00 0.0000000000000000e+00 0.0000000000000000e+00 12201
 -1.4919883000000000e+01 0.0000000000000000e+00 0.0000000000000000e+00 0.0000000000000000e+00 03201
 5.8831090099999997e+01 0.0000000000000000e+00 0.0000000000000000e+00 0.0000000000000000e+00 20301
 -3.6337865000000001e+01 0.0000000000000000e+00 0.0000000000000000e+00 0.0000000000000000e+00 11301
 -8.0151232799999992e+00 0.0000000000000000e+00 0.0000000000000000e+00 0.0000000000000000e+00 02301
 -1.0494428700000000e+02 0.0000000000000000e+00 0.0000000000000000e+00 0.0000000000000000e+00 10401
 3.4771335299999997e+01 0.0000000000000000e+00 0.0000000000000000e+00 0.0000000000000000e+00 01401
 -1.2228812499999999e+02 0.0000000000000000e+00 0.0000000000000000e+00 0.0000000000000000e+00 00501
 -7.7545342300000002e+01 0.0000000000000000e+00 0.0000000000000000e+00 0.0000000000000000e+00 40011
 -6.4131444900000005e+01 0.0000000000000000e+00 0.0000000000000000e+00 0.0000000000000000e+00 31011
 -1.3985750500000000e+01 0.0000000000000000e+00 0.0000000000000000e+00 0.0000000000000000e+00 22011
 -2.3365408200000002e+00 0.0000000000000000e+00 0.0000000000000000e+00 0.0000000000000000e+00 13011
 -3.4059649100000000e-01 0.0000000000000000e+00 0.0000000000000000e+00 0.0000000000000000e+00 04011
 2.9339419400000001e+01 0.0000000000000000e+00 0.0000000000000000e+00 0.0000000000000000e+00 30111
 4.8114933100000002e+01 0.0000000000000000e+00 0.0000000000000000e+00 0.0000000000000000e+00 21111
 9.5017492400000005e+00 0.0000000000000000e+00 0.0000000000000000e+00 0.0000000000000000e+00 12111
 1.3883754100000001e+00 0.0000000000000000e+00 0.0000000000000000e+00 0.0000000000000000e+00 03111
 5.2479251499999997e+01 0.0000000000000000e+00 0.0000000000000000e+00 0.0000000000000000e+00 20211
 3.8005874199999998e+00 0.0000000000000000e+00 0.0000000000000000e+00 0.0000000000000000e+00 11211
 2.3455513600000000e-01 0.0000000000000000e+00 0.0000000000000000e+00 0.0000000000000000e+00 02211
 3.9580808500000003e+01 0.0000000000000000e+00 0.0000000000000000e+00 0.0000000000000000e+00 10311
 1.5256354200000001e+01 0.0000000000000000e+00 0.0000000000000000e+00 0.0000000000000000e+00 01311
 -7.2808032699999998e+00 0.0000000000000000e+00 0.0000000000000000e+00 0.0000000000000000e+00 00411
 -5.9749734599999999e+02 0.0000000000000000e+00 0.0000000000000000e+00 0.0000000000000000e+00 40002
 -1.0272174900000000e+02 0.0000000000000000e+00 0.0000000000000000e+00 0.0000000000000000e+00 31002
 -1.5368110700000001e+01 0.0000000000000000e+00 0.0000000000000000e+00 0.0000000000000000e+00 22002
 -2.1720831600000001e+00 0.0000000000000000e+00 0.0000000000000000e+00 0.0000000000000000e+00 13002
 -2.7460926400000002e-01 0.0000000000000000e+00 0.0000000000000000e+00 0.0000000000000000e+00 04002
 1.0683798299999999e+02 0.0000000000000000e+00 0.0000000000000000e+00 0.0000000000000000e+00 30102
 1.2376615800000000e+01 0.0000000000000000e+00 0.0000000000000000e+00 0.0000000000000000e+00 21102
 1.4653033000000000e+00 0.0000000000000000e+00 0.0000000000000000e+00 0.0000000000000000e+00 12102
 1.8539329299999999e-01 0.0000000000000000e+00 0.0000000000000000e+00 0.0000000000000000e+00 03102
 1.1888713100000000e+01 0.0000000000000000e+00 0.0000000000000000e+00 0.0000000000000000e+00 20202
 -2.5566998800000000e+00 0.0000000000000000e+00 0.0000000000000000e+00 0.0000000000000000e+00 11202
 -8.6380901700000001e-01 0.0000000000000000e+00 0.0000000000000000e+00 0.0000000000000000e+00 02202
 1.8804701399999999e+01 0.0000000000000000e+00 0.0000000000000000e+00 0.0000000000000000e+00 10302
 2.4966757999999998e+00 0.0000000000000000e+00 0.0000000000000000e+00 0.0000000000000000e+00 01302
 -3.9308849700000001e+00 0.0000000000000000e+00 0.0000000000000000e+00 0.0000000000000000e+00 00402
 1.2703465100000001e+01 0.0000000000000000e+00 0.0000000000000000e+00 0.0000000000000000e+00 30021
 7.9618751600000000e+00 0.0000000000000000e+00 0.0000000000000000e+00 0.0000000000000000e+00 21021
 1.6098250700000001e+00 0.0000000000000000e+00 0.0000000000000000e+00 0.0000000000000000e+00 12021
 2.5756567499999999e-01 0.0000000000000000e+00 0.0000000000000000e+00 0.0000000000000000e+00 03021
 5.9357450700000003e+00 0.0000000000000000e+00 0.0000000000000000e+00 0.0000000000000000e+00 20121
 6.7934845300000002e-01 0.0000000000000000e+00 0.0000000000000000e+00 0.0000000000000000e+00 11121
 7.5755015100000003e-02 0.0000000000000000e+00 0.0000000000000000e+00 0.0000000000000000e+00 02121
 7.3629458100000003e+00 0.0000000000000000e+00 0.0000000000000000e+00 0.0000000000000000e+00 10221
 2.3008013500000000e+00 0.0000000000000000e+00 0.0000000000000000e+00 0.0000000000000000e+00 01221
 -1.1838300700000000e-01 0.0000000000000000e+00 0.0000000000000000e+00 0.0000000000000000e+00 00321
 1.4425814500000000e+01 0.0000000000000000e+00 0.0000000000000000e+00 0.0000000000000000e+00 30012
 1.5265816299999999e+00 0.0000000000000000e+00 0.0000000000000000e+00 0.0000000000000000e+00 21012
 1.6302881699999999e-01 0.0000000000000000e+00 0.0000000000000000e+00 0.0000000000000000e+00 12012
 1.7168950900000000e-02 0.0000000000000000e+00 0.0000000000000000e+00 0.0000000000000000e+00 03012
 1.5074373400000001e+01 0.0000000000000000e+00 0.0000000000000000e+00 0.0000000000000000e+00 20112
 1.6070658300000000e+00 0.0000000000000000e+00 0.0000000000000000e+00 0.0000000000000000e+00 11112
 1.6646502299999999e-01 0.0000000000000000e+00 0.0000000000000000e+00 0.0000000000000000e+00 02112
 2.2880329700000002e+00 0.0000000000000000e+00 0.0000000000000000e+00 0.0000000000000000e+00 10212
 2.6541344900000002e-01 0.0000000000000000e+00 0.0000000000000000e+00 0.0000000000000000e+00 01212
 3.2668393000000000e+00 0.0000000000000000e+00 0.0000000000000000e+00 0.0000000000000000e+00 00312
 -1.4469480500000000e+00 0.0000000000000000e+00 0.0000000000000000e+00 0.0000000000000000e+00 30003
 -3.0155182100000000e-01 0.0000000000000000e+00 0.0000000000000000e+00 0.0000000000000000e+00 21003
 -9.7940595800000002e-02 0.0000000000000000e+00 0.0000000000000000e+00 0.0000000000000000e+00 12003
 -2.1887463300000000e-02 0.0000000000000000e+00 0.0000000000000000e+00 0.0000000000000000e+00 03003
 2.1373127700000000e-01 0.0000000000000000e+00 0.0000000000000000e+00 0.0000000000000000e+00 20103
 -4.2487175700000003e-03 0.0000000000000000e+00 0.0000000000000000e+00 0.0000000000000000e+00 11103
 -2.6398123599999999e-03 0.0000000000000000e+00 0.0000000000000000e+00 0.0000000000000000e+00 02103
 -3.9033618199999998e-01 0.0000000000000000e+00 0.0000000000000000e+00 0.0000000000000000e+00 10203
 -2.2056344900000000e-02 0.0000000000000000e+00 0.0000000000000000e+00 0.0000000000000000e+00 01203
 -2.5206106999999998e-02 0.0000000000000000e+00 0.0000000000000000e+00 0.0000000000000000e+00 00303
 8.3539572600000001e-01 0.0000000000000000e+00 0.0000000000000000e+00 0.0000000000000000e+00 20031
 1.0108242400000000e-01 0.0000000000000000e+00 0.0000000000000000e+00 0.0000000000000000e+00 11031
 1.1382651500000000e-02 0.0000000000000000e+00 0.0000000000000000e+00 0.0000000000000000e+00 02031
 9.6753924199999997e-01 0.0000000000000000e+00 0.0000000000000000e+00 0.0000000000000000e+00 10131
 2.8394057299999997e-01 0.0000000000000000e+00 0.0000000000000000e+00 0.0000000000000000e+00 01131
 7.0409468399999994e-02 0.0000000000000000e+00 0.0000000000000000e+00 0.0000000000000000e+00 00231
 1.9662115200000001e+00 0.0000000000000000e+00 0.0000000000000000e+00 0.0000000000000000e+00 20022
 2.1192966199999999e-01 0.0000000000000000e+00 0.0000000000000000e+00 0.0000000000000000e+00 11022
 2.2229702000000000e-02 0.0000000000000000e+00 0.0000000000000000e+00 0.0000000000000000e+00 02022
 1.9217672799999999e-01 0.0000000000000000e+00 0.0000000000000000e+00 0.0000000000000000e+00 10122
 2.0842935900000002e-02 0.0000000000000000e+00 0.0000000000000000e+00 0.0000000000000000e+00 01122
 4.0919772199999999e-01 0.0000000000000000e+00 0.0000000000000000e+00 0.0000000000000000e+00 00222
 1.1620879799999999e-02 0.0000000000000000e+00 0.0000000000000000e+00 0.0000000000000000e+00 20013
 -8.6175197900000000e-04 0.0000000000000000e+00 0.0000000000000000e+00 0.0000000000000000e+00 11013
 -3.6803400800000002e-04 0.0000000000000000e+00 0.0000000000000000e+00 0.0000000000000000e+00 02013
 -3.0559588299999999e-02 0.0000000000000000e+00 0.0000000000000000e+00 0.0000000000000000e+00 10113
 7.9282077300000002e-04 0.0000000000000000e+00 0.0000000000000000e+00 0.0000000000000000e+00 01113
 -1.0358131200000000e-03 0.0000000000000000e+00 0.0000000000000000e+00 0.0000000000000000e+00 00213
 -3.1766529600000003e-02 0.0000000000000000e+00 0.0000000000000000e+00 0.0000000000000000e+00 20004
 -8.6869289399999997e-03 0.0000000000000000e+00 0.0000000000000000e+00 0.0000000000000000e+00 11004
 -1.3033663300000000e-03 0.0000000000000000e+00 0.0000000000000000e+00 0.0000000000000000e+00 02004
 -4.8593005899999998e-03 0.0000000000000000e+00 0.0000000000000000e+00 0.0000000000000000e+00 10104
 -1.8132267699999999e-04 0.0000000000000000e+00 0.0000000000000000e+00 0.0000000000000000e+00 01104
 -2.2531301500000000e-02 0.0000000000000000e+00 0.0000000000000000e+00 0.0000000000000000e+00 00204
 1.0273608300000001e-01 0.0000000000000000e+00 0.0000000000000000e+00 0.0000000000000000e+00 10041
 3.1679181700000003e-02 0.0000000000000000e+00 0.0000000000000000e+00 0.0000000000000000e+00 01041
 1.7740698900000001e-02 0.0000000000000000e+00 0.0000000000000000e+00 0.0000000000000000e+00 00141
 1.2813031600000000e-02 0.0000000000000000e+00 0.0000000000000000e+00 0.0000000000000000e+00 10032
 1.3430987299999999e-03 0.0000000000000000e+00 0.0000000000000000e+00 0.0000000000000000e+00 01032
 4.4265491599999998e-02 0.0000000000000000e+00 0.0000000000000000e+00 0.0000000000000000e+00 00132
 -5.0074566800000003e-03 0.0000000000000000e+00 0.0000000000000000e+00 0.0000000000000000e+00 10023
 -3.6226490100000000e-05 0.0000000000000000e+00 0.0000000000000000e+00 0.0000000000000000e+00 01023
 -1.0084677400000000e-04 0.0000000000000000e+00 0.0000000000000000e+00 0.0000000000000000e+00 00123
 -2.5991156500000000e-04 0.0000000000000000e+00 0.0000000000000000e+00 0.0000000000000000e+00 10014
 -8.6598892899999998e-06 0.0000000000000000e+00 0.0000000000000000e+00 0.0000000000000000e+00 01014
 1.2643326200000000e-04 0.0000000000000000e+00 0.0000000000000000e+00 0.0000000000000000e+00 00114
 -3.7640531699999999e-04 0.0000000000000000e+00 0.0000000000000000e+00 0.0000000000000000e+00 10005
 -4.9526213000000003e-05 0.0000000000000000e+00 0.0000000000000000e+00 0.0000000000000000e+00 01005
 5.0543502499999998e-05 0.0000000000000000e+00 0.0000000000000000e+00 0.0000000000000000e+00 00105
 3.1877867700000001e-03 0.0000000000000000e+00 0.0000000000000000e+00 0.0000000000000000e+00 00051
 4.7427681699999998e-03 0.0000000000000000e+00 0.0000000000000000e+00 0.0000000000000000e+00 00042
 1.0854985800000000e-05 0.0000000000000000e+00 0.0000000000000000e+00 0.0000000000000000e+00 00033
 9.0835490000000001e-05 0.0000000000000000e+00 0.0000000000000000e+00 0.0000000000000000e+00 00024
 3.1187906300000002e-06 0.0000000000000000e+00 0.0000000000000000e+00 0.0000000000000000e+00 00015
 2.3269827100000001e-06 0.0000000000000000e+00 0.0000000000000000e+00 0.0000000000000000e+00 00006
 --------------------------------------------
