! Candidate angular fit; delta and xtar-dependent terms retained from frozen seed.
 --------------------------------------------
 1.2385593026253959e-03 9.5845071095139543e-05 5.0391057916851457e-04 0.0000000000000000e+00 00000
 3.2692226884235392e-01 1.5330485806532290e-02 -5.0752490512302835e-03 2.4527718100000001e-01 10000
 -2.9694568767967713e+00 -1.2872784475868987e-01 3.7888721188924050e-02 1.7923725400000001e-01 01000
 -3.4659268305424653e-03 -4.5369845765901379e-01 2.7668397387426524e-01 1.5762221900000001e-02 00100
 1.3966232321099953e-01 2.6848333990564247e-02 -2.3382369699151133e+00 -2.7748113599999999e-02 00010
 -2.8137502799118214e-01 -3.2339862293788803e-02 1.1937163293004734e-02 -3.1763193899999997e-01 20000
 1.8619221641386021e+00 1.1551114034157368e-01 -6.4661473109827389e-03 3.2294487900000002e+00 11000
 6.8537875145118790e+00 8.7497292944910110e-01 -3.5096107000838472e-01 9.9624983800000000e-01 02000
 -5.6224086507128727e-02 1.4069548938730596e+00 -4.1793314411636667e-01 -6.9868989000000006e-02 10100
 6.7670788640124890e-01 9.3194283012110868e-01 1.3529179733884633e-01 -2.7273720299999998e-01 01100
 -1.6732644344569375e-01 -3.0127874299707817e-02 -2.9743427304294242e-02 -1.7795864400000000e-02 00200
 -3.5950582038780265e-01 -1.9290820121260793e+01 5.1333188097458251e+00 -1.7964206399999999e-01 10010
 3.1505765760133806e+00 -2.1258325062999646e+01 3.2891181162050751e+00 5.1434082800000001e+00 01010
 5.6409907879318799e-01 -6.8047931669997008e-01 -6.3508130825438686e-02 4.5628469799999999e-01 00110
 -7.6494042485361664e+00 3.2542240883155364e+00 -3.8574382940534852e-01 -6.4079203600000003e+00 00020
 1.4099669333523479e+00 2.0165177782038704e-01 -8.3373449937194422e-02 9.3683431900000003e-01 30000
 -2.8651566372576038e+01 -1.9214161524521696e+00 8.4418511637030968e-01 -1.3540589900000001e+01 21000
 2.0363992746285217e+02 4.9947869777904580e-01 -1.6797799181576478e+00 5.1879764199999997e+01 12000
 -5.4844983213558658e+02 3.8023955696387254e+01 -7.0080540478660138e+00 -2.0498985000000001e+01 03000
 2.5635337925080606e+00 -5.0446366889133216e+00 1.1935614527535598e+00 -3.1254219399999998e-02 20100
 -2.7229480878843621e+01 5.5296808263589156e+01 -1.2136327580446650e+01 2.8400841199999999e-01 11100
 3.8458400414148514e+01 -1.3451917783128999e+02 2.2672577989025545e+01 3.9556433100000001e+00 02100
 6.0438147708896583e-01 3.3004949369748227e+00 -5.0989005883276306e-01 9.5431561099999995e-01 10200
 1.6214216254733471e+00 -2.4068102434184805e+01 4.2241928407377793e+00 -7.0688381700000003e+00 01200
 1.4279054911583611e+00 -2.2723383309193976e+00 1.0991197716270911e+00 -3.5820566700000001e-01 00300
 -7.3312364905830254e+00 6.3528569116936445e+01 -1.6851393623893237e+01 -2.7448817499999998e+00 20010
 9.0256334278313886e+01 -7.1358650598808924e+02 1.7401989082620128e+02 1.0681983600000001e+01 11010
 -1.2139014362836488e+02 1.8051018068633550e+03 -3.6469033487945956e+02 -4.6776265000000002e+01 02010
 -3.6724879529795700e+01 -5.1557089671733571e+01 5.3806458579598120e+00 4.3468718099999998e-01 10110
 1.5483033145932032e+02 3.7895357610933490e+02 -6.7131821041460441e+01 2.5692412099999999e+01 01110
 -1.6011930968208130e+00 8.6467765402797227e+01 1.3801377942391428e+00 -3.1559352000000001e+00 00210
 2.3823007516557621e+02 -3.3236516068242592e+00 1.3277302913168162e+01 3.1907757499999999e+01 10020
 -1.9533632119056113e+03 -9.6175376343486903e+01 -5.5739003851684004e+01 -4.6789810199999999e+02 01020
 -9.4282185125953646e+00 -1.2435677510884882e+03 2.1128969527434606e+02 3.4179037000000001e+01 00120
 2.6888355609525945e+01 5.8184964016570448e+03 -1.3677312465901962e+03 -7.1508536199999995e+01 00030
 -8.0239405626499885e+00 1.4019459369156154e-01 -2.0914987089530440e-01 -2.3027877499999998e+00 40000
 1.7493860345016239e+02 -7.0671281118849523e+00 3.9274501414691065e+00 5.8024830899999998e+01 31000
 -1.2953050804726724e+03 5.3905808020882809e+01 -7.1880387096161282e+00 -4.9156237399999998e+02 22000
 3.4232907468345934e+03 6.8901502117980769e+01 -2.3164970727358761e+02 1.7182972100000000e+03 13000
 -9.3878409433333775e+02 -1.1442090673671325e+03 9.7493434832270327e+02 -1.9501040300000000e+03 04000
 -2.5726077793637163e+01 8.9296715184851632e+00 -1.8537800186351912e+00 -1.4621283800000000e+00 30100
 4.3760127908249757e+02 -8.8355222093454287e+01 1.7911211648827177e+01 4.7295753499999996e+01 21100
 -2.5589681419426629e+03 -8.3511419236542750e+00 1.9134869635055171e+01 -4.3237295599999999e+02 12100
 5.7343196869886160e+03 1.2445564172658333e+03 -3.9666022388862586e+02 1.3233994800000000e+03 03100
 -1.0666410025798969e+00 -1.1218549380379002e+01 -1.3794875020507691e+00 -1.0047251200000000e+00 20200
 -3.3218071839659935e+01 9.1504824220661376e+01 1.7115551177513112e+01 1.6743462399999999e+01 11200
 2.9408091158708800e+02 -1.1224375125977192e+01 -1.1378850897880569e+02 -6.7273158699999996e+01 02200
 -3.6962793703423536e+01 1.2128581084138299e+01 7.3698172626197218e+00 4.9815545700000001e+00 10300
 1.8589515591867828e+02 -1.5213474647802556e+02 -3.4062726371027011e+01 -3.7436718100000000e+01 01300
 1.0088894838919540e+01 -1.6865880474269513e+01 1.0198770284293554e+01 3.8352631700000002e+00 00400
 1.5429141231101053e+02 -1.6451732134902969e+02 3.1631297384324526e+01 2.0406354700000001e+01 30010
 -2.1010834212051263e+03 2.2493007139877991e+03 -3.4434772922671738e+02 -5.2187064599999997e+02 21010
 9.2928819784202169e+03 -7.8856545115843792e+03 1.7694757600328899e+02 4.0218560800000000e+03 12010
 -2.1277607391254667e+04 1.8674482521485277e+03 5.0869326899171820e+03 -1.1081659400000000e+04 03010
 2.9924557219748653e+00 4.4461043749284022e+02 -1.6302948309175399e+01 -2.6109065900000001e+01 20110
 1.1304160326449539e+03 -3.8735236261013206e+03 9.3166918871413444e+01 3.4366059500000000e+02 11110
 -6.2176793407865161e+03 3.0864600723582553e+03 1.6223465246801072e+03 -9.7405222100000003e+02 02110
 5.5728788909877255e+02 -5.5665368823940298e+02 -1.3859146962092817e+01 -3.6510193000000001e+01 10210
 -3.1406057966825306e+03 3.3940736337926846e+03 5.0358200745998651e+01 2.9243684000000002e+02 01210
 -1.8177072606625515e+02 -1.7771234115707678e+01 1.3056020601413201e+02 -8.4939199799999997e+01 00310
 1.1792916249757995e+02 -2.2149870818228496e+03 4.4464953840551289e+02 4.0636932100000001e+02 20020
 -9.9808838055053784e+03 1.5564255667991625e+04 -6.4513317367374639e+03 -4.5869649099999997e+03 11020
 5.0150119969165418e+04 -1.1187795558056055e+03 1.5273968914635629e+04 9.3584628599999996e+03 02020
 -3.2372682486588342e+03 5.8905947841602738e+03 1.1006117351917878e+03 6.0264629700000000e+01 10120
 2.5473701974614924e+04 -2.1132422858954917e+04 -1.3466264343268114e+02 -6.9720597099999998e+02 01120
 7.2838220530062358e+02 1.4666295693388681e+03 -2.9162332989159318e+03 7.2697501299999999e+02 00220
 7.1063638370842773e+03 -3.0646592540632213e+04 3.8674584686446688e+03 5.3606629499999997e+02 10030
 -6.3640776155166350e+04 9.9822367219169333e+04 -1.4379171781127870e+04 -2.3364836399999999e+03 01030
 -1.9424359609017793e+04 8.2092052886433601e+02 1.0951465448654120e+04 -1.6674671400000000e+03 00130
 1.3781670792975242e+05 -6.1350083100596588e+04 2.1819969351015439e+04 3.9121164899999999e+03 00040
 2.3700994480456810e+01 -7.3892021914411794e+00 3.1757387099801453e+00 4.9678190300000002e+00 50000
 -4.6809126321695294e+02 2.3158412062617103e+02 -9.8666004253649376e+01 -2.1463550799999999e+02 41000
 1.7393098394890665e+03 -2.9334580929068416e+03 1.2978741276039116e+03 3.4385126599999999e+03 32000
 1.9696585122206903e+04 1.7435478287583053e+04 -8.6278406125425354e+03 -2.7888407800000001e+04 23000
 -1.7617861530501809e+05 -4.4654960324721374e+04 2.7567076870607565e+04 1.1885052899999999e+05 14000
 3.9793398891154502e+05 2.2319599238013008e+04 -2.9990347067072551e+04 -2.0979779999999999e+05 05000
 6.5266747354967237e+01 -4.9382844038303786e-02 -1.0380137407664161e+00 3.0790796100000000e+00 40100
 -9.7441861369452829e+02 -1.6491125726326109e+02 1.7938144620663731e+01 -7.1757031799999993e+01 31100
 7.6257356866897089e+02 3.8663953938502450e+03 8.8109133423672610e+00 1.7523077900000001e+02 22100
 3.6621981410049550e+04 -2.6321369053021583e+04 -1.9557972991058332e+03 3.6607079199999998e+03 13100
 -1.0108726008168147e+05 5.6195252882276058e+04 9.3097295698484941e+03 -1.8679771700000001e+04 04100
 1.6413279635323704e+01 -4.4825631379558120e+00 2.7733387835300224e+01 -9.8292970799999999e+00 30200
 -3.9304384362615615e+01 1.3544078060597337e+02 -1.8709051925420792e+02 2.2322339500000001e+02 21200
 -1.3161628809236834e+03 -2.6038786604212369e+03 -1.1893774593116277e+03 -1.9345593400000000e+03 12200
 3.1605877278111188e+03 9.4681326238094425e+03 9.5176331141638784e+03 6.2959604900000004e+03 03200
 1.7088731958602972e+02 -3.3894052173583553e+01 -2.8281434278013826e+01 7.5324127100000000e+00 20300
 -8.9088146822020087e+02 3.9390686135534487e+01 8.5490712170554318e+01 -1.7311873199999999e+02 11300
 -1.3040182363041674e+03 4.4511951475444912e+03 4.7297174849520337e+02 1.0774482200000000e+03 02300
 3.4325039160444653e+01 9.8661642873400169e+01 -5.6468051538448037e+01 -1.1124031400000001e+00 10400
 -6.3897324746652976e+02 2.7834134599760824e+02 6.4861329677512870e+01 -1.0768688200000000e+02 01400
 8.0234919374232856e+00 1.5130378324404188e+02 -1.0816897810992377e+02 -1.3675491200000001e+00 00500
 -1.1381676495184286e+03 1.7437491055208918e+02 5.7428149369200101e+00 -4.8581986499999999e+01 40010
 2.2836729117530587e+04 -1.2173164265666965e+03 -5.0164115792949036e+02 1.9529719100000000e+03 31010
 -1.4797647552429597e+05 -2.5613189057034411e+04 9.9172559548408317e+03 -2.0776508900000001e+04 22010
 2.8772764738594199e+05 2.7460875806811306e+05 -6.1895418392704283e+04 7.9440774900000004e+04 13010
 6.6569049435487585e+04 -7.1989229246387887e+05 1.0448311474496576e+05 -7.1841567599999995e+04 04010
 1.2389167936818958e+03 -1.5992183291322228e+03 -2.3750473789545222e+02 6.3779292800000000e+01 30110
 -2.9020372049554666e+04 2.5867718365771369e+04 8.4641901543293670e+02 -1.7658266000000001e+03 21110
 2.2588433993817889e+05 -1.0525361584167674e+05 1.8113615342727549e+04 1.1961652899999999e+04 12110
 -5.2113441256639600e+05 9.6460988959637893e+04 -1.0022465395893785e+05 -3.6062570899999999e+04 03110
 -3.1178512867219069e+03 2.3891619145716768e+03 4.3898123522436515e+02 -8.6987571199999998e+00 20210
 8.6292686705841406e+03 -3.2261947085559797e+04 9.5007614999277087e+02 1.6077307200000000e+03 11210
 6.8626484939986098e+04 3.0107394794394502e+04 -3.6127292066086280e+04 -1.1675984399999999e+04 02210
 2.2127601305145700e+02 -1.9434863053099796e+03 5.2507458771342385e+02 1.6598224700000000e+02 10310
 9.4906099469152341e+03 6.6502875550833751e+03 -6.2579351365069451e+03 9.4686973100000000e+02 01310
 -2.1687073532054637e+03 2.8177332085211169e+03 -1.3796161437088306e+03 1.6439557600000001e+02 00410
 -1.2213000381982203e+04 1.3087067557681661e+04 3.2611396660385060e+02 -2.4076491099999998e+03 30020
 2.7568835309369734e+05 -1.8053706752887004e+05 -3.9572939291463781e+03 5.5520991600000001e+04 21020
 -2.1259363592296001e+06 5.4149192366865498e+05 2.1151057527703932e+04 -4.1814969699999999e+05 12020
 5.6180806520859534e+06 -2.9416984594857675e+05 3.4862500557783674e+03 1.1185970900000001e+06 03020
 2.6345281620814087e+04 -2.8038942221903442e+04 -9.9413810880567576e+02 3.3250162999999998e+02 20120
 -1.3937498883526918e+05 3.7254652086826222e+05 -2.0272554829755729e+04 -1.4254245100000000e+04 11120
 -1.8075335556515830e+05 -7.7381403754701093e+05 3.1375529586403939e+05 5.2657758800000003e+04 02120
 -2.5848873849734046e+04 8.6850125573638143e+03 1.0447727974186311e+04 -3.9989584300000001e+03 10220
 7.5533952591143434e+03 -1.2867127398867597e+05 6.3472541817716861e+04 2.5102144300000000e+04 01220
 4.4340591745978098e+04 -5.0009306353897569e+04 4.8340732337807625e+04 9.0266857599999994e+01 00320
 -9.3259935851362330e+04 7.0551043396631969e+04 3.2399522235771798e+04 -9.3089900000000000e+02 20030
 6.3565119266856380e+05 -1.0713741242717006e+06 1.6108147673150583e+05 3.9788767800000001e+04 11030
 3.6719051685063360e+05 3.3691787502478585e+06 -1.2823868847927561e+06 -1.1875274700000000e+05 02030
 1.6358067471633432e+05 3.3058073291291345e+04 -9.0728020474308752e+04 2.9493169800000000e+04 10130
 -4.9177908557004947e+05 2.6610805751868896e+05 -2.7803901955192152e+05 -2.5987719800000000e+05 01130
 -3.8449245448945626e+05 5.3426673320753776e+04 -3.5282020783205749e+05 1.1004152400000000e+03 00230
 -1.9435128066932366e+05 -3.6839946179078855e+04 1.3978354422241458e+05 -1.3196676600000001e+04 10040
 2.4478474463426671e+06 -7.9317495167939240e+04 6.9620342990030220e+05 3.0309427799999999e+05 01040
 1.6764180372614805e+06 1.2933517280769444e+06 9.0258447956428339e+05 -1.7333469400000002e+04 00140
 -3.0106911563638789e+06 -4.3792825706300074e+06 1.4010584081169645e+03 3.0963153100000000e+04 00050
 -2.7219717369915006e+01 2.2407131630503244e+01 -6.2532634445276285e+00 0.0000000000000000e+00 60000
 5.5127338738187882e+02 -9.5492050554931257e+02 2.7408673344072059e+02 0.0000000000000000e+00 51000
 -2.5437968364908143e+03 1.8496714504579355e+04 -5.4494120816447457e+03 0.0000000000000000e+00 42000
 5.0833194113289267e+02 -1.9821906496194375e+05 5.9884266921286471e+04 0.0000000000000000e+00 33000
 -1.6073803002264045e+05 1.2151893570817478e+06 -3.7803942345589632e+05 0.0000000000000000e+00 24000
 1.7826119080078595e+06 -4.0879441672714143e+06 1.3167461676751676e+06 0.0000000000000000e+00 15000
 -4.8053172147153644e+06 5.9948470219968399e+06 -1.9898447003066044e+06 0.0000000000000000e+00 06000
 -2.1615260392193061e+01 -2.0930076411424871e+01 1.0723618740567664e+01 0.0000000000000000e+00 50100
 -4.4576866127831704e+02 4.0149438555221394e+02 -2.9326597327365141e+02 0.0000000000000000e+00 41100
 1.5927969102616755e+04 -2.1689190728983676e+03 4.0458801796753855e+03 0.0000000000000000e+00 32100
 -8.1466618196244977e+04 -2.3634148678596222e+04 -3.2966180150239321e+04 0.0000000000000000e+00 23100
 -1.3502195541264824e+05 2.8634511991607572e+05 1.5900248896480392e+05 0.0000000000000000e+00 14100
 5.7622353497909021e+05 -7.5567442178065819e+05 -3.0345430595136981e+05 0.0000000000000000e+00 05100
 -9.6217199314373900e+01 2.1500934596496560e+01 -7.6120993528598106e+01 0.0000000000000000e+00 40200
 2.4108943692477533e+03 2.4914737048213285e+00 1.2911217898643167e+03 0.0000000000000000e+00 31200
 -2.4753807850035428e+04 -2.9287468406717494e+03 -1.2305816315303835e+04 0.0000000000000000e+00 22200
 1.2267193832844340e+05 4.5745821161204054e+04 9.3083643334628068e+04 0.0000000000000000e+00 13200
 -2.4077012052797811e+05 -1.4060462065181218e+05 -3.0156366066465521e+05 0.0000000000000000e+00 04200
 -2.2565844248151299e+02 3.8028972351207955e+01 3.2303991166553381e+01 0.0000000000000000e+00 30300
 1.4792787777149474e+03 7.1766050208880779e+02 -2.3934367561252401e+02 0.0000000000000000e+00 21300
 -5.3611967872668947e+03 -6.6365180881469369e+03 -1.7029349583065145e+03 0.0000000000000000e+00 12300
 4.3728999178006583e+04 -2.9205432939022812e+04 6.5603126828400241e+02 0.0000000000000000e+00 03300
 -1.7058792167204118e+02 -1.6568100414356243e+02 5.5418376237673158e+01 0.0000000000000000e+00 20400
 2.1164323180655074e+03 8.8857633393486026e+01 4.5850502989547579e+02 0.0000000000000000e+00 11400
 8.7276596860036614e+02 -4.8437178011939423e+03 -4.3919824922043363e+03 0.0000000000000000e+00 02400
 4.6591979612844149e+01 -3.5048795589600729e+02 1.7494306426752709e+02 0.0000000000000000e+00 10500
 -3.3876803755965739e+02 -1.3452666404295671e+03 1.4535355584634397e+03 0.0000000000000000e+00 01500
 -1.8455057347710473e+02 -1.0727641739851515e+02 8.9470518628163698e-01 0.0000000000000000e+00 00600
 2.2721630265921858e+03 2.2018829154244366e+02 5.1506082632002350e+00 0.0000000000000000e+00 50010
 -5.5242390931613147e+04 -1.1049056180616266e+04 -3.2541344297814026e+03 0.0000000000000000e+00 41010
 4.5634060722969612e+05 1.8409199764445901e+05 9.5899638355866206e+04 0.0000000000000000e+00 32010
 -1.8668132381812092e+06 -1.0033825766255470e+06 -1.0687851128721274e+06 0.0000000000000000e+00 23010
 5.7510220890303152e+06 3.1921373819495121e+05 5.0641882363422792e+06 0.0000000000000000e+00 14010
 -7.1186128015037505e+06 7.0190741903177993e+06 -8.8690594985196255e+06 0.0000000000000000e+00 05010
 -2.9974842859169539e+03 2.3501490932296138e+03 4.0951307131396163e+02 0.0000000000000000e+00 40110
 7.5417249239208177e+04 -4.3656405670555236e+04 3.2771811314067922e+03 0.0000000000000000e+00 31110
 -5.8983020830709336e+05 1.5706678195425271e+05 -8.4320290888816249e+04 0.0000000000000000e+00 22110
 1.2163196622688796e+06 1.1035997647753078e+05 7.3244512713622360e+04 0.0000000000000000e+00 13110
 1.3677386347814947e+06 -5.2456833431481966e+05 1.4526830249889218e+06 0.0000000000000000e+00 04110
 6.7945086579536846e+03 -2.8042081050741458e+03 -8.6748972780612712e+02 0.0000000000000000e+00 30210
 -8.1221030548793075e+04 1.6787478345057061e+04 -1.1206127677074870e+04 0.0000000000000000e+00 21210
 6.1714067890303384e+05 4.0156443400373892e+05 1.6687927465513590e+05 0.0000000000000000e+00 12210
 -2.3982144233984523e+06 -8.6136694025100581e+05 -3.0844973752315214e+05 0.0000000000000000e+00 03210
 -6.0240349029852075e+02 6.2465751716386221e+03 -8.2877524617419499e+02 0.0000000000000000e+00 20310
 -3.7947565205968989e+04 -3.3653381288187280e+04 -1.3555349146727336e+04 0.0000000000000000e+00 11310
 -4.9811957869206264e+04 1.4505306323930717e+05 1.1876496774647159e+05 0.0000000000000000e+00 02310
 7.8388245235841869e+03 -8.9354050504799409e+02 6.3982189247682334e+02 0.0000000000000000e+00 10410
 -1.4487743220185093e+04 -4.6615346763268848e+04 2.4399320376565789e+04 0.0000000000000000e+00 01410
 1.2128883899112072e+04 2.6398100576908387e+03 8.1742736430087280e+02 0.0000000000000000e+00 00510
 2.2712327482137345e+04 -3.9203171347686235e+04 -4.8988811317536019e+03 0.0000000000000000e+00 40020
 -4.4056251390767336e+05 7.5686257595304109e+05 9.9839114115382705e+04 0.0000000000000000e+00 31020
 1.6399877290974511e+06 -3.9480112387144733e+06 -1.1131739440846939e+06 0.0000000000000000e+00 22020
 1.2751550582343528e+07 2.1862043184782239e+06 8.3978794010336380e+06 0.0000000000000000e+00 13020
 -6.6859889318780705e+07 1.4372433703510473e+07 -2.6113207025234390e+07 0.0000000000000000e+00 04020
 -4.7905302386780480e+04 5.3330452849249516e+04 2.0313250959902689e+04 0.0000000000000000e+00 30120
 5.0660261130047712e+05 -7.4307006045886769e+05 -6.3484502890065611e+04 0.0000000000000000e+00 21120
 -3.3406205496325362e+06 -3.7814534486034331e+06 -1.2617651119090905e+06 0.0000000000000000e+00 12120
 1.0015050022424443e+07 1.9079557916402105e+07 4.1638962882842030e+06 0.0000000000000000e+00 03120
 3.7838609667066565e+04 -7.8622716026412658e+04 -1.3091825673599593e+04 0.0000000000000000e+00 20220
 1.0917678306171172e+06 1.1783892333932610e+06 -2.5022947813116327e+04 0.0000000000000000e+00 11220
 -3.7986054619233566e+06 -1.5550610561836450e+06 -1.1962064751459309e+06 0.0000000000000000e+00 02220
 -1.6692410572683200e+05 1.9498565252023906e+05 -1.7337149711233019e+05 0.0000000000000000e+00 10320
 -3.5334012486456853e+05 6.4003349766980042e+05 -5.5905455309065990e+05 0.0000000000000000e+00 01320
 -1.8878848631888232e+05 -1.7288903351457560e+05 8.2251417637602033e+04 0.0000000000000000e+00 00420
 1.3655898093415226e+05 -6.3146811523979784e+04 -1.5600258871013875e+05 0.0000000000000000e+00 30030
 -1.1055367130732837e+06 -4.9762928214729956e+05 2.6608562177612465e+06 0.0000000000000000e+00 21030
 -5.1434172804183727e+06 4.4010307572856039e+07 -5.9094590241421899e+06 0.0000000000000000e+00 12030
 6.6396634608561881e+07 -1.6663520282781234e+08 -1.0181810393785894e+07 0.0000000000000000e+00 03030
 -1.2308466971234833e+05 -4.6629791238698090e+03 7.4426788864860183e+05 0.0000000000000000e+00 20130
 -1.6831785543755896e+07 -7.1752075122095468e+06 -4.9975883657827489e+06 0.0000000000000000e+00 11130
 7.8001426151761264e+07 -1.0957523709949959e+07 3.2914936780272260e+07 0.0000000000000000e+00 02130
 1.6659627560640976e+06 -3.0187162327089190e+05 2.0064157150927617e+06 0.0000000000000000e+00 10230
 6.8927340881009893e+06 1.0207609320535908e+06 2.2621782085668887e+06 0.0000000000000000e+00 01230
 1.4221971118400889e+06 4.0368754089416107e+06 -2.5375672728213063e+06 0.0000000000000000e+00 00330
 -1.7405278216497679e+06 4.4667464050495513e+06 -5.2827920980567243e+06 0.0000000000000000e+00 20040
 8.8240684978005484e+07 -2.1196551547081772e+07 5.2909516716505274e+07 0.0000000000000000e+00 11040
 -3.8794713676821232e+08 1.8465426078423762e+08 -2.5805929745964813e+08 0.0000000000000000e+00 02040
 -1.1386901693006657e+07 -2.1263613452994846e+07 -4.3960883507980220e+06 0.0000000000000000e+00 10140
 -1.5126619748758743e+07 -9.9948782018836513e+06 -1.4218621391274421e+07 0.0000000000000000e+00 01140
 -1.9515393066156585e+07 -3.1873377945527665e+07 2.1196373002838135e+07 0.0000000000000000e+00 00240
 3.3854226888795525e+07 1.1009231695436461e+08 -1.3524469022597693e+07 0.0000000000000000e+00 10050
 -5.0697714937596761e+07 -9.0446658762069479e+07 1.0709183647517769e+08 0.0000000000000000e+00 01050
 2.0571047229972476e+08 6.8441805482528850e+07 -4.1134736842509508e+07 0.0000000000000000e+00 00150
 -6.9779698238072658e+08 9.6301729753791556e+07 -1.0410636062343170e+08 0.0000000000000000e+00 00060
 1.1258424199999999e+00 0.0000000000000000e+00 0.0000000000000000e+00 7.6817769999999996e-01 00001
 -3.3092960599999999e+00 0.0000000000000000e+00 0.0000000000000000e+00 -1.2482495400000000e+00 10001
 9.5582156000000005e+00 0.0000000000000000e+00 0.0000000000000000e+00 7.1898036500000000e+00 01001
 -1.2807550800000000e+01 0.0000000000000000e+00 0.0000000000000000e+00 -1.7948002400000000e+00 00002
 3.1328287000000000e+01 0.0000000000000000e+00 0.0000000000000000e+00 4.3097902599999998e+00 20001
 -3.6635859399999998e+02 0.0000000000000000e+00 0.0000000000000000e+00 -4.7514103499999997e+01 11001
 1.2812726399999999e+03 0.0000000000000000e+00 0.0000000000000000e+00 1.2740499699999999e+02 02001
 8.4649294600000005e+00 0.0000000000000000e+00 0.0000000000000000e+00 1.5213236200000000e+00 00201
 -2.1218133200000000e+02 0.0000000000000000e+00 0.0000000000000000e+00 -4.4842024199999997e+01 00111
 8.6216804499999995e+01 0.0000000000000000e+00 0.0000000000000000e+00 1.3903586900000001e+01 10002
 -2.0237557699999999e+02 0.0000000000000000e+00 0.0000000000000000e+00 -7.5177002500000000e+01 01002
 1.2924057499999999e+03 0.0000000000000000e+00 0.0000000000000000e+00 3.3294530099999997e+02 00021
 1.5246574300000000e+02 4.1239841799999999e+02 -1.1855168000000000e+02 0.0000000000000000e+00 00012
 5.6814234300000003e+01 0.0000000000000000e+00 0.0000000000000000e+00 1.5595186500000001e+01 00003
 -1.1109064100000001e+02 0.0000000000000000e+00 0.0000000000000000e+00 -1.5717735800000000e+01 30001
 1.3012309000000000e+03 0.0000000000000000e+00 0.0000000000000000e+00 2.4992499500000000e+02 21001
 -3.3776413699999998e+03 0.0000000000000000e+00 0.0000000000000000e+00 -1.2056100300000001e+03 12001
 -1.0805725299999999e+03 0.0000000000000000e+00 0.0000000000000000e+00 1.6507063800000001e+03 03001
 -2.0675836699999999e+02 0.0000000000000000e+00 0.0000000000000000e+00 -8.6394541199999999e+00 10201
 1.2861228000000001e+03 0.0000000000000000e+00 0.0000000000000000e+00 5.1734533999999996e+01 01201
 4.5738898999999998e+02 0.0000000000000000e+00 0.0000000000000000e+00 2.4632876999999999e+02 10111
 3.1552100700000000e+02 0.0000000000000000e+00 0.0000000000000000e+00 -1.4688802499999999e+03 01111
 -2.8637608399999999e+00 0.0000000000000000e+00 0.0000000000000000e+00 -7.7696205800000001e+01 20002
 -2.8453250400000002e+02 0.0000000000000000e+00 0.0000000000000000e+00 8.0826721799999996e+02 11002
 -5.4968678599999997e+01 0.0000000000000000e+00 0.0000000000000000e+00 -1.8872739300000001e+03 02002
 -8.9490322900000001e+02 0.0000000000000000e+00 0.0000000000000000e+00 -1.3172162699999999e+01 00202
 -5.8186814800000001e+01 0.0000000000000000e+00 0.0000000000000000e+00 -1.7587238100000000e+03 10021
 2.8100110300000001e+01 0.0000000000000000e+00 0.0000000000000000e+00 1.0443614200000000e+04 01021
 2.4986902400000002e+01 0.0000000000000000e+00 0.0000000000000000e+00 3.7717688900000002e+02 00112
 -4.7104892700000001e+00 0.0000000000000000e+00 0.0000000000000000e+00 -1.7433297400000001e+02 10003
 -9.4935661400000004e-01 0.0000000000000000e+00 0.0000000000000000e+00 8.9351807699999995e+02 01003
 5.9109615599999996e+00 0.0000000000000000e+00 0.0000000000000000e+00 -2.7085707800000000e+03 00022
 1.0590745000000000e-01 0.0000000000000000e+00 0.0000000000000000e+00 -1.4915634900000001e+02 00004
 7.4420433400000000e-02 0.0000000000000000e+00 0.0000000000000000e+00 0.0000000000000000e+00 00101
 -9.3204445700000005e-01 0.0000000000000000e+00 0.0000000000000000e+00 0.0000000000000000e+00 00011
 2.8452158100000000e+00 0.0000000000000000e+00 0.0000000000000000e+00 0.0000000000000000e+00 10101
 -2.5439373000000000e+01 0.0000000000000000e+00 0.0000000000000000e+00 0.0000000000000000e+00 01101
 1.3705155500000000e+01 0.0000000000000000e+00 0.0000000000000000e+00 0.0000000000000000e+00 10011
 -7.2542508699999999e+01 0.0000000000000000e+00 0.0000000000000000e+00 0.0000000000000000e+00 01011
 1.1188551900000000e+01 0.0000000000000000e+00 0.0000000000000000e+00 0.0000000000000000e+00 00102
 -2.9857603999999998e+01 0.0000000000000000e+00 0.0000000000000000e+00 0.0000000000000000e+00 20101
 2.5760759400000001e+02 0.0000000000000000e+00 0.0000000000000000e+00 0.0000000000000000e+00 11101
 2.2280062200000000e+02 0.0000000000000000e+00 0.0000000000000000e+00 0.0000000000000000e+00 02101
 -5.7470399800000003e+00 0.0000000000000000e+00 0.0000000000000000e+00 0.0000000000000000e+00 00301
 -5.8377417100000002e+01 0.0000000000000000e+00 0.0000000000000000e+00 0.0000000000000000e+00 20011
 -7.5798640700000007e+01 0.0000000000000000e+00 0.0000000000000000e+00 0.0000000000000000e+00 11011
 -2.0030666900000000e+01 0.0000000000000000e+00 0.0000000000000000e+00 0.0000000000000000e+00 02011
 8.1569985000000003e+01 0.0000000000000000e+00 0.0000000000000000e+00 0.0000000000000000e+00 00211
 3.9907235700000001e+01 0.0000000000000000e+00 0.0000000000000000e+00 0.0000000000000000e+00 10102
 2.6133789799999999e+01 0.0000000000000000e+00 0.0000000000000000e+00 0.0000000000000000e+00 01102
 1.1102801200000000e+01 0.0000000000000000e+00 0.0000000000000000e+00 0.0000000000000000e+00 00121
 1.5806418400000000e+01 0.0000000000000000e+00 0.0000000000000000e+00 0.0000000000000000e+00 10012
 2.5233279000000000e+00 0.0000000000000000e+00 0.0000000000000000e+00 0.0000000000000000e+00 01012
 1.4961163900000001e+00 0.0000000000000000e+00 0.0000000000000000e+00 0.0000000000000000e+00 00103
 2.9442717200000001e+00 0.0000000000000000e+00 0.0000000000000000e+00 0.0000000000000000e+00 00031
 1.9644430600000001e-01 0.0000000000000000e+00 0.0000000000000000e+00 0.0000000000000000e+00 00013
 1.6957368000000000e+02 0.0000000000000000e+00 0.0000000000000000e+00 0.0000000000000000e+00 40001
 -1.1884030900000000e+03 0.0000000000000000e+00 0.0000000000000000e+00 0.0000000000000000e+00 31001
 -2.5640085899999999e+03 0.0000000000000000e+00 0.0000000000000000e+00 0.0000000000000000e+00 22001
 -7.9612626599999999e+02 0.0000000000000000e+00 0.0000000000000000e+00 0.0000000000000000e+00 13001
 -1.7013585599999999e+02 0.0000000000000000e+00 0.0000000000000000e+00 0.0000000000000000e+00 04001
 2.5273732400000000e+01 0.0000000000000000e+00 0.0000000000000000e+00 0.0000000000000000e+00 30101
 -3.0211779799999999e+02 0.0000000000000000e+00 0.0000000000000000e+00 0.0000000000000000e+00 21101
 1.0508874799999999e+01 0.0000000000000000e+00 0.0000000000000000e+00 0.0000000000000000e+00 12101
 1.7954560900000001e+01 0.0000000000000000e+00 0.0000000000000000e+00 0.0000000000000000e+00 03101
 3.9304286900000000e+02 0.0000000000000000e+00 0.0000000000000000e+00 0.0000000000000000e+00 20201
 -2.6547935800000000e+03 0.0000000000000000e+00 0.0000000000000000e+00 0.0000000000000000e+00 11201
 -6.7520795899999996e+02 0.0000000000000000e+00 0.0000000000000000e+00 0.0000000000000000e+00 02201
 3.1537455800000000e+01 0.0000000000000000e+00 0.0000000000000000e+00 0.0000000000000000e+00 10301
 -6.6287274900000000e+01 0.0000000000000000e+00 0.0000000000000000e+00 0.0000000000000000e+00 01301
 1.1048366800000000e+01 0.0000000000000000e+00 0.0000000000000000e+00 0.0000000000000000e+00 00401
 5.3995273300000001e+01 0.0000000000000000e+00 0.0000000000000000e+00 0.0000000000000000e+00 30011
 1.9851422299999999e+01 0.0000000000000000e+00 0.0000000000000000e+00 0.0000000000000000e+00 21011
 6.9951277899999997e+00 0.0000000000000000e+00 0.0000000000000000e+00 0.0000000000000000e+00 12011
 2.0305896899999998e+00 0.0000000000000000e+00 0.0000000000000000e+00 0.0000000000000000e+00 03011
 -4.1475572199999999e+02 0.0000000000000000e+00 0.0000000000000000e+00 0.0000000000000000e+00 20111
 -2.4292429500000000e+02 0.0000000000000000e+00 0.0000000000000000e+00 0.0000000000000000e+00 11111
 -5.3283176900000001e+01 0.0000000000000000e+00 0.0000000000000000e+00 0.0000000000000000e+00 02111
 1.4085442600000000e+01 0.0000000000000000e+00 0.0000000000000000e+00 0.0000000000000000e+00 10211
 -7.1897002499999996e+00 0.0000000000000000e+00 0.0000000000000000e+00 0.0000000000000000e+00 01211
 4.6617528200000002e+01 0.0000000000000000e+00 0.0000000000000000e+00 0.0000000000000000e+00 00311
 3.2702350999999999e+02 0.0000000000000000e+00 0.0000000000000000e+00 0.0000000000000000e+00 30002
 -4.6760376399999998e+01 0.0000000000000000e+00 0.0000000000000000e+00 0.0000000000000000e+00 21002
 -1.3113077600000000e+01 0.0000000000000000e+00 0.0000000000000000e+00 0.0000000000000000e+00 12002
 -2.1460877500000000e+00 0.0000000000000000e+00 0.0000000000000000e+00 0.0000000000000000e+00 03002
 -4.0516263400000003e+02 0.0000000000000000e+00 0.0000000000000000e+00 0.0000000000000000e+00 20102
 -3.7832739400000001e+01 0.0000000000000000e+00 0.0000000000000000e+00 0.0000000000000000e+00 11102
 -3.2861643300000001e+00 0.0000000000000000e+00 0.0000000000000000e+00 0.0000000000000000e+00 02102
 -7.9775662299999999e+02 0.0000000000000000e+00 0.0000000000000000e+00 0.0000000000000000e+00 10202
 -1.0025346300000000e+02 0.0000000000000000e+00 0.0000000000000000e+00 0.0000000000000000e+00 01202
 -5.8149400000000000e+01 0.0000000000000000e+00 0.0000000000000000e+00 0.0000000000000000e+00 00302
 -4.9721882500000000e+01 0.0000000000000000e+00 0.0000000000000000e+00 0.0000000000000000e+00 20021
 -2.3494000000000000e+01 0.0000000000000000e+00 0.0000000000000000e+00 0.0000000000000000e+00 11021
 -4.6306529500000000e+00 0.0000000000000000e+00 0.0000000000000000e+00 0.0000000000000000e+00 02021
 -7.0125265800000003e+00 0.0000000000000000e+00 0.0000000000000000e+00 0.0000000000000000e+00 10121
 -1.6612841400000000e+00 0.0000000000000000e+00 0.0000000000000000e+00 0.0000000000000000e+00 01121
 8.9976115900000000e+00 0.0000000000000000e+00 0.0000000000000000e+00 0.0000000000000000e+00 00221
 -2.6915856399999999e+01 0.0000000000000000e+00 0.0000000000000000e+00 0.0000000000000000e+00 20012
 -2.9374057699999998e+00 0.0000000000000000e+00 0.0000000000000000e+00 0.0000000000000000e+00 11012
 -2.8169995599999997e-01 0.0000000000000000e+00 0.0000000000000000e+00 0.0000000000000000e+00 02012
 -4.4261380600000003e+01 0.0000000000000000e+00 0.0000000000000000e+00 0.0000000000000000e+00 10112
 -5.1887392600000002e+00 0.0000000000000000e+00 0.0000000000000000e+00 0.0000000000000000e+00 01112
 -2.3091301500000001e+00 0.0000000000000000e+00 0.0000000000000000e+00 0.0000000000000000e+00 00212
 1.2974281100000001e+01 0.0000000000000000e+00 0.0000000000000000e+00 0.0000000000000000e+00 20003
 1.2986379400000001e+00 0.0000000000000000e+00 0.0000000000000000e+00 0.0000000000000000e+00 11003
 1.7931982099999999e-01 0.0000000000000000e+00 0.0000000000000000e+00 0.0000000000000000e+00 02003
 3.5963604300000002e-01 0.0000000000000000e+00 0.0000000000000000e+00 0.0000000000000000e+00 10103
 -6.8600012500000002e-02 0.0000000000000000e+00 0.0000000000000000e+00 0.0000000000000000e+00 01103
 4.7989772600000002e-01 0.0000000000000000e+00 0.0000000000000000e+00 0.0000000000000000e+00 00203
 -1.5183764099999999e+00 0.0000000000000000e+00 0.0000000000000000e+00 0.0000000000000000e+00 10031
 -2.5950537600000001e-01 0.0000000000000000e+00 0.0000000000000000e+00 0.0000000000000000e+00 01031
 1.2137887100000000e+00 0.0000000000000000e+00 0.0000000000000000e+00 0.0000000000000000e+00 00131
 -3.8339448699999998e+00 0.0000000000000000e+00 0.0000000000000000e+00 0.0000000000000000e+00 10022
 -4.4880310099999998e-01 0.0000000000000000e+00 0.0000000000000000e+00 0.0000000000000000e+00 01022
 4.3274224600000001e-02 0.0000000000000000e+00 0.0000000000000000e+00 0.0000000000000000e+00 00122
 4.3379578000000002e-02 0.0000000000000000e+00 0.0000000000000000e+00 0.0000000000000000e+00 10013
 3.8101713399999999e-04 0.0000000000000000e+00 0.0000000000000000e+00 0.0000000000000000e+00 01013
 7.1732702300000006e-02 0.0000000000000000e+00 0.0000000000000000e+00 0.0000000000000000e+00 00113
 4.0493515200000002e-03 0.0000000000000000e+00 0.0000000000000000e+00 0.0000000000000000e+00 10004
 -7.0401424799999997e-04 0.0000000000000000e+00 0.0000000000000000e+00 0.0000000000000000e+00 01004
 4.1771769200000001e-03 0.0000000000000000e+00 0.0000000000000000e+00 0.0000000000000000e+00 00104
 2.6521246799999998e-01 0.0000000000000000e+00 0.0000000000000000e+00 0.0000000000000000e+00 00041
 3.4293861799999999e-02 0.0000000000000000e+00 0.0000000000000000e+00 0.0000000000000000e+00 00032
 2.7421903000000001e-02 0.0000000000000000e+00 0.0000000000000000e+00 0.0000000000000000e+00 00023
 3.8234677400000002e-03 0.0000000000000000e+00 0.0000000000000000e+00 0.0000000000000000e+00 00014
 1.4659581000000001e-03 0.0000000000000000e+00 0.0000000000000000e+00 0.0000000000000000e+00 00005
 -2.2197897499999999e+02 0.0000000000000000e+00 0.0000000000000000e+00 0.0000000000000000e+00 50001
 2.0814843300000002e+03 0.0000000000000000e+00 0.0000000000000000e+00 0.0000000000000000e+00 41001
 -4.3056093600000003e+02 0.0000000000000000e+00 0.0000000000000000e+00 0.0000000000000000e+00 32001
 -2.1805028799999999e+02 0.0000000000000000e+00 0.0000000000000000e+00 0.0000000000000000e+00 23001
 -5.5584450099999998e+01 0.0000000000000000e+00 0.0000000000000000e+00 0.0000000000000000e+00 14001
 -1.1364256800000000e+01 0.0000000000000000e+00 0.0000000000000000e+00 0.0000000000000000e+00 05001
 1.0843246300000000e+02 0.0000000000000000e+00 0.0000000000000000e+00 0.0000000000000000e+00 40101
 -9.3186493399999995e+02 0.0000000000000000e+00 0.0000000000000000e+00 0.0000000000000000e+00 31101
 -1.9297715800000000e+02 0.0000000000000000e+00 0.0000000000000000e+00 0.0000000000000000e+00 22101
 -2.8647338300000001e+01 0.0000000000000000e+00 0.0000000000000000e+00 0.0000000000000000e+00 13101
 -3.4101753399999999e+00 0.0000000000000000e+00 0.0000000000000000e+00 0.0000000000000000e+00 04101
 6.1327849800000003e+01 0.0000000000000000e+00 0.0000000000000000e+00 0.0000000000000000e+00 30201
 -4.3628918599999999e+01 0.0000000000000000e+00 0.0000000000000000e+00 0.0000000000000000e+00 21201
 -4.7152181900000002e+01 0.0000000000000000e+00 0.0000000000000000e+00 0.0000000000000000e+00 12201
 -1.4919883000000000e+01 0.0000000000000000e+00 0.0000000000000000e+00 0.0000000000000000e+00 03201
 5.8831090099999997e+01 0.0000000000000000e+00 0.0000000000000000e+00 0.0000000000000000e+00 20301
 -3.6337865000000001e+01 0.0000000000000000e+00 0.0000000000000000e+00 0.0000000000000000e+00 11301
 -8.0151232799999992e+00 0.0000000000000000e+00 0.0000000000000000e+00 0.0000000000000000e+00 02301
 -1.0494428700000000e+02 0.0000000000000000e+00 0.0000000000000000e+00 0.0000000000000000e+00 10401
 3.4771335299999997e+01 0.0000000000000000e+00 0.0000000000000000e+00 0.0000000000000000e+00 01401
 -1.2228812499999999e+02 0.0000000000000000e+00 0.0000000000000000e+00 0.0000000000000000e+00 00501
 -7.7545342300000002e+01 0.0000000000000000e+00 0.0000000000000000e+00 0.0000000000000000e+00 40011
 -6.4131444900000005e+01 0.0000000000000000e+00 0.0000000000000000e+00 0.0000000000000000e+00 31011
 -1.3985750500000000e+01 0.0000000000000000e+00 0.0000000000000000e+00 0.0000000000000000e+00 22011
 -2.3365408200000002e+00 0.0000000000000000e+00 0.0000000000000000e+00 0.0000000000000000e+00 13011
 -3.4059649100000000e-01 0.0000000000000000e+00 0.0000000000000000e+00 0.0000000000000000e+00 04011
 2.9339419400000001e+01 0.0000000000000000e+00 0.0000000000000000e+00 0.0000000000000000e+00 30111
 4.8114933100000002e+01 0.0000000000000000e+00 0.0000000000000000e+00 0.0000000000000000e+00 21111
 9.5017492400000005e+00 0.0000000000000000e+00 0.0000000000000000e+00 0.0000000000000000e+00 12111
 1.3883754100000001e+00 0.0000000000000000e+00 0.0000000000000000e+00 0.0000000000000000e+00 03111
 5.2479251499999997e+01 0.0000000000000000e+00 0.0000000000000000e+00 0.0000000000000000e+00 20211
 3.8005874199999998e+00 0.0000000000000000e+00 0.0000000000000000e+00 0.0000000000000000e+00 11211
 2.3455513600000000e-01 0.0000000000000000e+00 0.0000000000000000e+00 0.0000000000000000e+00 02211
 3.9580808500000003e+01 0.0000000000000000e+00 0.0000000000000000e+00 0.0000000000000000e+00 10311
 1.5256354200000001e+01 0.0000000000000000e+00 0.0000000000000000e+00 0.0000000000000000e+00 01311
 -7.2808032699999998e+00 0.0000000000000000e+00 0.0000000000000000e+00 0.0000000000000000e+00 00411
 -5.9749734599999999e+02 0.0000000000000000e+00 0.0000000000000000e+00 0.0000000000000000e+00 40002
 -1.0272174900000000e+02 0.0000000000000000e+00 0.0000000000000000e+00 0.0000000000000000e+00 31002
 -1.5368110700000001e+01 0.0000000000000000e+00 0.0000000000000000e+00 0.0000000000000000e+00 22002
 -2.1720831600000001e+00 0.0000000000000000e+00 0.0000000000000000e+00 0.0000000000000000e+00 13002
 -2.7460926400000002e-01 0.0000000000000000e+00 0.0000000000000000e+00 0.0000000000000000e+00 04002
 1.0683798299999999e+02 0.0000000000000000e+00 0.0000000000000000e+00 0.0000000000000000e+00 30102
 1.2376615800000000e+01 0.0000000000000000e+00 0.0000000000000000e+00 0.0000000000000000e+00 21102
 1.4653033000000000e+00 0.0000000000000000e+00 0.0000000000000000e+00 0.0000000000000000e+00 12102
 1.8539329299999999e-01 0.0000000000000000e+00 0.0000000000000000e+00 0.0000000000000000e+00 03102
 1.1888713100000000e+01 0.0000000000000000e+00 0.0000000000000000e+00 0.0000000000000000e+00 20202
 -2.5566998800000000e+00 0.0000000000000000e+00 0.0000000000000000e+00 0.0000000000000000e+00 11202
 -8.6380901700000001e-01 0.0000000000000000e+00 0.0000000000000000e+00 0.0000000000000000e+00 02202
 1.8804701399999999e+01 0.0000000000000000e+00 0.0000000000000000e+00 0.0000000000000000e+00 10302
 2.4966757999999998e+00 0.0000000000000000e+00 0.0000000000000000e+00 0.0000000000000000e+00 01302
 -3.9308849700000001e+00 0.0000000000000000e+00 0.0000000000000000e+00 0.0000000000000000e+00 00402
 1.2703465100000001e+01 0.0000000000000000e+00 0.0000000000000000e+00 0.0000000000000000e+00 30021
 7.9618751600000000e+00 0.0000000000000000e+00 0.0000000000000000e+00 0.0000000000000000e+00 21021
 1.6098250700000001e+00 0.0000000000000000e+00 0.0000000000000000e+00 0.0000000000000000e+00 12021
 2.5756567499999999e-01 0.0000000000000000e+00 0.0000000000000000e+00 0.0000000000000000e+00 03021
 5.9357450700000003e+00 0.0000000000000000e+00 0.0000000000000000e+00 0.0000000000000000e+00 20121
 6.7934845300000002e-01 0.0000000000000000e+00 0.0000000000000000e+00 0.0000000000000000e+00 11121
 7.5755015100000003e-02 0.0000000000000000e+00 0.0000000000000000e+00 0.0000000000000000e+00 02121
 7.3629458100000003e+00 0.0000000000000000e+00 0.0000000000000000e+00 0.0000000000000000e+00 10221
 2.3008013500000000e+00 0.0000000000000000e+00 0.0000000000000000e+00 0.0000000000000000e+00 01221
 -1.1838300700000000e-01 0.0000000000000000e+00 0.0000000000000000e+00 0.0000000000000000e+00 00321
 1.4425814500000000e+01 0.0000000000000000e+00 0.0000000000000000e+00 0.0000000000000000e+00 30012
 1.5265816299999999e+00 0.0000000000000000e+00 0.0000000000000000e+00 0.0000000000000000e+00 21012
 1.6302881699999999e-01 0.0000000000000000e+00 0.0000000000000000e+00 0.0000000000000000e+00 12012
 1.7168950900000000e-02 0.0000000000000000e+00 0.0000000000000000e+00 0.0000000000000000e+00 03012
 1.5074373400000001e+01 0.0000000000000000e+00 0.0000000000000000e+00 0.0000000000000000e+00 20112
 1.6070658300000000e+00 0.0000000000000000e+00 0.0000000000000000e+00 0.0000000000000000e+00 11112
 1.6646502299999999e-01 0.0000000000000000e+00 0.0000000000000000e+00 0.0000000000000000e+00 02112
 2.2880329700000002e+00 0.0000000000000000e+00 0.0000000000000000e+00 0.0000000000000000e+00 10212
 2.6541344900000002e-01 0.0000000000000000e+00 0.0000000000000000e+00 0.0000000000000000e+00 01212
 3.2668393000000000e+00 0.0000000000000000e+00 0.0000000000000000e+00 0.0000000000000000e+00 00312
 -1.4469480500000000e+00 0.0000000000000000e+00 0.0000000000000000e+00 0.0000000000000000e+00 30003
 -3.0155182100000000e-01 0.0000000000000000e+00 0.0000000000000000e+00 0.0000000000000000e+00 21003
 -9.7940595800000002e-02 0.0000000000000000e+00 0.0000000000000000e+00 0.0000000000000000e+00 12003
 -2.1887463300000000e-02 0.0000000000000000e+00 0.0000000000000000e+00 0.0000000000000000e+00 03003
 2.1373127700000000e-01 0.0000000000000000e+00 0.0000000000000000e+00 0.0000000000000000e+00 20103
 -4.2487175700000003e-03 0.0000000000000000e+00 0.0000000000000000e+00 0.0000000000000000e+00 11103
 -2.6398123599999999e-03 0.0000000000000000e+00 0.0000000000000000e+00 0.0000000000000000e+00 02103
 -3.9033618199999998e-01 0.0000000000000000e+00 0.0000000000000000e+00 0.0000000000000000e+00 10203
 -2.2056344900000000e-02 0.0000000000000000e+00 0.0000000000000000e+00 0.0000000000000000e+00 01203
 -2.5206106999999998e-02 0.0000000000000000e+00 0.0000000000000000e+00 0.0000000000000000e+00 00303
 8.3539572600000001e-01 0.0000000000000000e+00 0.0000000000000000e+00 0.0000000000000000e+00 20031
 1.0108242400000000e-01 0.0000000000000000e+00 0.0000000000000000e+00 0.0000000000000000e+00 11031
 1.1382651500000000e-02 0.0000000000000000e+00 0.0000000000000000e+00 0.0000000000000000e+00 02031
 9.6753924199999997e-01 0.0000000000000000e+00 0.0000000000000000e+00 0.0000000000000000e+00 10131
 2.8394057299999997e-01 0.0000000000000000e+00 0.0000000000000000e+00 0.0000000000000000e+00 01131
 7.0409468399999994e-02 0.0000000000000000e+00 0.0000000000000000e+00 0.0000000000000000e+00 00231
 1.9662115200000001e+00 0.0000000000000000e+00 0.0000000000000000e+00 0.0000000000000000e+00 20022
 2.1192966199999999e-01 0.0000000000000000e+00 0.0000000000000000e+00 0.0000000000000000e+00 11022
 2.2229702000000000e-02 0.0000000000000000e+00 0.0000000000000000e+00 0.0000000000000000e+00 02022
 1.9217672799999999e-01 0.0000000000000000e+00 0.0000000000000000e+00 0.0000000000000000e+00 10122
 2.0842935900000002e-02 0.0000000000000000e+00 0.0000000000000000e+00 0.0000000000000000e+00 01122
 4.0919772199999999e-01 0.0000000000000000e+00 0.0000000000000000e+00 0.0000000000000000e+00 00222
 1.1620879799999999e-02 0.0000000000000000e+00 0.0000000000000000e+00 0.0000000000000000e+00 20013
 -8.6175197900000000e-04 0.0000000000000000e+00 0.0000000000000000e+00 0.0000000000000000e+00 11013
 -3.6803400800000002e-04 0.0000000000000000e+00 0.0000000000000000e+00 0.0000000000000000e+00 02013
 -3.0559588299999999e-02 0.0000000000000000e+00 0.0000000000000000e+00 0.0000000000000000e+00 10113
 7.9282077300000002e-04 0.0000000000000000e+00 0.0000000000000000e+00 0.0000000000000000e+00 01113
 -1.0358131200000000e-03 0.0000000000000000e+00 0.0000000000000000e+00 0.0000000000000000e+00 00213
 -3.1766529600000003e-02 0.0000000000000000e+00 0.0000000000000000e+00 0.0000000000000000e+00 20004
 -8.6869289399999997e-03 0.0000000000000000e+00 0.0000000000000000e+00 0.0000000000000000e+00 11004
 -1.3033663300000000e-03 0.0000000000000000e+00 0.0000000000000000e+00 0.0000000000000000e+00 02004
 -4.8593005899999998e-03 0.0000000000000000e+00 0.0000000000000000e+00 0.0000000000000000e+00 10104
 -1.8132267699999999e-04 0.0000000000000000e+00 0.0000000000000000e+00 0.0000000000000000e+00 01104
 -2.2531301500000000e-02 0.0000000000000000e+00 0.0000000000000000e+00 0.0000000000000000e+00 00204
 1.0273608300000001e-01 0.0000000000000000e+00 0.0000000000000000e+00 0.0000000000000000e+00 10041
 3.1679181700000003e-02 0.0000000000000000e+00 0.0000000000000000e+00 0.0000000000000000e+00 01041
 1.7740698900000001e-02 0.0000000000000000e+00 0.0000000000000000e+00 0.0000000000000000e+00 00141
 1.2813031600000000e-02 0.0000000000000000e+00 0.0000000000000000e+00 0.0000000000000000e+00 10032
 1.3430987299999999e-03 0.0000000000000000e+00 0.0000000000000000e+00 0.0000000000000000e+00 01032
 4.4265491599999998e-02 0.0000000000000000e+00 0.0000000000000000e+00 0.0000000000000000e+00 00132
 -5.0074566800000003e-03 0.0000000000000000e+00 0.0000000000000000e+00 0.0000000000000000e+00 10023
 -3.6226490100000000e-05 0.0000000000000000e+00 0.0000000000000000e+00 0.0000000000000000e+00 01023
 -1.0084677400000000e-04 0.0000000000000000e+00 0.0000000000000000e+00 0.0000000000000000e+00 00123
 -2.5991156500000000e-04 0.0000000000000000e+00 0.0000000000000000e+00 0.0000000000000000e+00 10014
 -8.6598892899999998e-06 0.0000000000000000e+00 0.0000000000000000e+00 0.0000000000000000e+00 01014
 1.2643326200000000e-04 0.0000000000000000e+00 0.0000000000000000e+00 0.0000000000000000e+00 00114
 -3.7640531699999999e-04 0.0000000000000000e+00 0.0000000000000000e+00 0.0000000000000000e+00 10005
 -4.9526213000000003e-05 0.0000000000000000e+00 0.0000000000000000e+00 0.0000000000000000e+00 01005
 5.0543502499999998e-05 0.0000000000000000e+00 0.0000000000000000e+00 0.0000000000000000e+00 00105
 3.1877867700000001e-03 0.0000000000000000e+00 0.0000000000000000e+00 0.0000000000000000e+00 00051
 4.7427681699999998e-03 0.0000000000000000e+00 0.0000000000000000e+00 0.0000000000000000e+00 00042
 1.0854985800000000e-05 0.0000000000000000e+00 0.0000000000000000e+00 0.0000000000000000e+00 00033
 9.0835490000000001e-05 0.0000000000000000e+00 0.0000000000000000e+00 0.0000000000000000e+00 00024
 3.1187906300000002e-06 0.0000000000000000e+00 0.0000000000000000e+00 0.0000000000000000e+00 00015
 2.3269827100000001e-06 0.0000000000000000e+00 0.0000000000000000e+00 0.0000000000000000e+00 00006
 --------------------------------------------
