! Candidate angular fit; delta and xtar-dependent terms retained from frozen seed.
 --------------------------------------------
 1.2335421824594198e-03 1.0833847410818016e-04 5.0479757652542676e-04 0.0000000000000000e+00 00000
 3.2692646279336107e-01 1.5247144202212881e-02 -5.0076762166805597e-03 2.4527718100000001e-01 10000
 -2.9703795830752502e+00 -1.2809716886891437e-01 3.7599276769666616e-02 1.7923725400000001e-01 01000
 -2.7079510494781179e-03 -4.5571165825211912e-01 2.7691171096624556e-01 1.5762221900000001e-02 00100
 1.3481138110651561e-01 3.2992677079823132e-02 -2.3415229620787059e+00 -2.7748113599999999e-02 00010
 -2.7998746620860382e-01 -3.2563347731156309e-02 1.1481555449341058e-02 -3.1763193899999997e-01 20000
 1.8522682448323613e+00 1.2383087657573350e-01 -2.5147048968894711e-03 3.2294487900000002e+00 11000
 6.8297091753824528e+00 8.4471499156668928e-01 -3.6617891649365975e-01 9.9624983800000000e-01 02000
 -5.7985019641160984e-02 1.4087751038050853e+00 -4.1855353683019697e-01 -6.9868989000000006e-02 10100
 7.1188170171048404e-01 9.8640821621098707e-01 1.2364964477201400e-01 -2.7273720299999998e-01 01100
 -1.6704146864323458e-01 -5.8099319657638676e-02 -2.0099893687013870e-02 -1.7795864400000000e-02 00200
 -3.4471396575034013e-01 -1.9385613010107249e+01 5.1499986266479461e+00 -1.7964206399999999e-01 10010
 3.0906142029330321e+00 -2.1284718069069786e+01 3.3707452988640063e+00 5.1434082800000001e+00 01010
 5.7504489662318126e-01 -6.1790867716538034e-01 -4.8519572421055021e-02 4.5628469799999999e-01 00110
 -7.7404010078950165e+00 3.0198791146152280e+00 -4.9124336258773299e-01 -6.4079203600000003e+00 00020
 1.4136326299887894e+00 2.2344425116276587e-01 -9.6764971777898362e-02 9.3683431900000003e-01 30000
 -2.8758151829229721e+01 -2.2369263780661583e+00 1.1193495451235564e+00 -1.3540589900000001e+01 21000
 2.0528778330746482e+02 2.2791717498275510e+00 -3.8016317328402587e+00 5.1879764199999997e+01 12000
 -5.5354287626752057e+02 3.2720059483582375e+01 -1.1418381903836428e+00 -2.0498985000000001e+01 03000
 2.5303924188975224e+00 -5.1218504772885689e+00 1.2588596879339591e+00 -3.1254219399999998e-02 20100
 -2.6826737266615652e+01 5.5686061939947898e+01 -1.2862423041880911e+01 2.8400841199999999e-01 11100
 3.4873837495784173e+01 -1.3570411119524087e+02 2.5805347580177614e+01 3.9556433100000001e+00 02100
 5.1625513435547643e-01 3.2816482520616610e+00 -5.2399241480610392e-01 9.5431561099999995e-01 10200
 2.2845394740059852e+00 -2.1894668970719881e+01 3.3551935934669079e+00 -7.0688381700000003e+00 01200
 1.0687641841404041e+00 -2.1227633182501135e-01 5.0740663052057755e-01 -3.5820566700000001e-01 00300
 -6.6120747844236458e+00 6.4062678940571573e+01 -1.7020778164604621e+01 -2.7448817499999998e+00 20010
 8.5368669796251766e+01 -7.1675142216016729e+02 1.7548472817647169e+02 1.0681983600000001e+01 11010
 -1.0477371774570065e+02 1.8112214344103184e+03 -3.6777953598997561e+02 -4.6776265000000002e+01 02010
 -3.9256244619428607e+01 -5.3753202646454810e+01 6.7381039710425537e+00 4.3468718099999998e-01 10110
 1.6413905328116024e+02 3.8240065756622477e+02 -6.8224783824966508e+01 2.5692412099999999e+01 01110
 3.2540032561206771e+00 7.4659755107461294e+01 3.3697015406911310e+00 -3.1559352000000001e+00 00210
 2.5468435508614996e+02 -1.8215319130023975e+00 1.1831772060102560e+01 3.1907757499999999e+01 10020
 -2.0161618703966521e+03 -1.5864855920978323e+02 -4.1481938632168941e+01 -4.6789810199999999e+02 01020
 -4.3190860278864228e+01 -1.2082752602632675e+03 2.1262852180625211e+02 3.4179037000000001e+01 00120
 1.2949282456917609e+02 5.6657940323588273e+03 -1.2873916865792678e+03 -7.1508536199999995e+01 00030
 -8.1223067017943702e+00 1.4960423006704693e-01 -1.8184091849900455e-01 -2.3027877499999998e+00 40000
 1.7645602117675168e+02 -8.5775674871788308e+00 3.5252897265500693e+00 5.8024830899999998e+01 31000
 -1.2988202611724244e+03 7.9928593856218939e+01 -5.3924042448894109e+00 -4.9156237399999998e+02 22000
 3.3944584408667197e+03 -1.0011999354053809e+02 -2.3347633789069715e+02 1.7182972100000000e+03 13000
 -8.0179519348121141e+02 -7.6104045658374571e+02 9.7536858309064985e+02 -1.9501040300000000e+03 04000
 -2.5213456853206541e+01 9.1781751277710644e+00 -1.9476215833013089e+00 -1.4621283800000000e+00 30100
 4.2916952749660572e+02 -9.0342168907056703e+01 1.7455722873919235e+01 4.7295753499999996e+01 21100
 -2.5232285337406788e+03 1.0939384978377854e+01 3.4933776674995940e+01 -4.3237295599999999e+02 12100
 5.6864608422385882e+03 1.1913949896886552e+03 -4.8021913504128065e+02 1.3233994800000000e+03 03100
 -2.0542157543271098e+00 -9.8971353127038331e+00 -1.5111213538757828e+00 -1.0047251200000000e+00 20200
 -2.7559008295441892e+01 8.2330537272517077e+01 1.9872760474796223e+01 1.6743462399999999e+01 11200
 3.0414739559779451e+02 -3.5150551037599854e+01 -1.0545053845031340e+02 -6.7273158699999996e+01 02200
 -3.4258583429846006e+01 -2.1056482392940692e-01 1.0539070317143139e+01 4.9815545700000001e+00 10300
 1.9163950502427710e+02 -2.2972481534456401e+02 -6.3003417516038338e+00 -3.7436718100000000e+01 01300
 1.2334240463694425e+01 -1.6690117853587992e+01 1.1238985468143758e+01 3.8352631700000002e+00 00400
 1.4943935548465026e+02 -1.6452206695086267e+02 3.3121068284059760e+01 2.0406354700000001e+01 30010
 -2.0121614935991120e+03 2.2095523232142987e+03 -3.6883657692128025e+02 -5.2187064599999997e+02 21010
 8.8868566072187205e+03 -7.5761647854153680e+03 3.8172875890234741e+02 4.0218560800000000e+03 12010
 -2.1162792590042263e+04 1.0133514649031707e+03 4.5590672300997257e+03 -1.1081659400000000e+04 03010
 1.6573853779124075e+01 4.2879552004953950e+02 -1.4257758565460362e+01 -2.6109065900000001e+01 20110
 9.1927655470999161e+02 -3.7087989238438163e+03 1.1368180375577376e+01 3.4366059500000000e+02 11110
 -5.5538004656094236e+03 3.1274616832510351e+03 1.7898849067519111e+03 -9.7405222100000003e+02 02110
 5.1089586615074751e+02 -2.7686866133123607e+02 -9.2249398179701515e+01 -3.6510193000000001e+01 10210
 -3.2090725585411183e+03 4.0471748334459362e+03 -1.6455281014370556e+02 2.9243684000000002e+02 01210
 -1.9499729964096144e+02 -1.6016975008167694e+01 1.1552716436669782e+02 -8.4939199799999997e+01 00310
 5.3921608209857816e+01 -2.2567817615509985e+03 4.5494319911879882e+02 4.0636932100000001e+02 20020
 -8.9501999920057024e+03 1.6064249883946712e+04 -6.2760815072824698e+03 -4.5869649099999997e+03 11020
 4.6891755382192037e+04 -3.7244154321985898e+03 1.3952526480952589e+04 9.3584628599999996e+03 02020
 -3.0998257515319642e+03 4.9987641692294783e+03 1.3227545387034090e+03 6.0264629700000000e+01 10120
 2.6102884771841469e+04 -2.2750265256407889e+04 1.0583728086956897e+01 -6.9720597099999998e+02 01120
 7.2783456373952811e+02 1.8531518225846546e+03 -3.0280886055976357e+03 7.2697501299999999e+02 00220
 7.5302772488556748e+03 -2.9561894683585026e+04 3.7986290786425975e+03 5.3606629499999997e+02 10030
 -6.9045508326201612e+04 9.7831158095775128e+04 -1.1430824989178111e+04 -2.3364836399999999e+03 01030
 -2.0757301980620276e+04 -2.7486933665979259e+03 1.2085205013930914e+04 -1.6674671400000000e+03 00130
 1.4412718780705010e+05 -5.2773342087733734e+04 2.0371407431124993e+04 3.9121164899999999e+03 00040
 2.3852178987223009e+01 -7.7507492012289054e+00 3.5212263653603655e+00 4.9678190300000002e+00 50000
 -4.6192785419042093e+02 2.4078754766769870e+02 -1.1165004647690205e+02 -2.1463550799999999e+02 41000
 1.4775854248139094e+03 -3.0498886295914963e+03 1.5046949007984933e+03 3.4385126599999999e+03 32000
 2.2746458707673493e+04 1.8434034988259256e+04 -1.0350904983450371e+04 -2.7888407800000001e+04 23000
 -1.9116089061524751e+05 -4.9929719618610543e+04 3.5078033963083908e+04 1.1885052899999999e+05 14000
 4.2458744164017495e+05 3.4510064318389304e+04 -4.3695948272751149e+04 -2.0979779999999999e+05 05000
 6.2478163693696885e+01 9.5546386647349957e-01 -1.9222186188806227e+00 3.0790796100000000e+00 40100
 -9.0641918101860688e+02 -1.7448901409719664e+02 4.1436190326772170e+01 -7.1757031799999993e+01 31100
 2.6008765354399355e+02 3.8384621859468407e+03 -2.7675036643485817e+02 1.7523077900000001e+02 22100
 3.7415302401877583e+04 -2.5710463504743617e+04 -3.2690359688469420e+02 3.6607079199999998e+03 13100
 -9.7233708500249675e+04 5.4296033554351372e+04 5.7833557795972501e+03 -1.8679771700000001e+04 04100
 2.8769624632695631e+01 -1.3546206063210068e+01 2.9199442441159853e+01 -9.8292970799999999e+00 30200
 -2.5882730158865598e+02 1.8944497249437165e+02 -1.8587784340394208e+02 2.2322339500000001e+02 21200
 1.1403149989576842e+02 -2.4103977412095055e+03 -1.3650792570538258e+03 -1.9345593400000000e+03 12200
 -6.2245573690091749e+02 8.3791316939183307e+03 1.0370593099926022e+04 6.2959604900000004e+03 03200
 1.5541498808900030e+02 -5.3804815667297863e+00 -3.8799510523383709e+01 7.5324127100000000e+00 20300
 -7.6938609065573598e+02 2.2686626241492939e+02 6.8471616321468986e+01 -1.7311873199999999e+02 11300
 -1.7710495442571514e+03 5.8853984047729409e+03 -1.9980732752018804e+02 1.0774482200000000e+03 02300
 4.1448414742480807e+01 1.0689555669532301e+02 -6.3225568626597735e+01 -1.1124031400000001e+00 10400
 -8.0012514041937334e+02 1.5507415777581204e+02 5.2137959418796861e+01 -1.0768688200000000e+02 01400
 3.5429287978053492e+00 1.6753665072794965e+02 -1.1349800801158830e+02 -1.3675491200000001e+00 00500
 -1.1357329833222138e+03 1.6298770193085690e+02 8.9792973278953205e+00 -4.8581986499999999e+01 40010
 2.2626962546772455e+04 -1.0209195724206589e+03 -5.8663760227325133e+02 1.9529719100000000e+03 31010
 -1.4566615596165834e+05 -2.6664560006088701e+04 1.0882212217749884e+04 -2.0776508900000001e+04 22010
 2.8050646479343355e+05 2.7485086551562021e+05 -6.7137509075141395e+04 7.9440774900000004e+04 13010
 5.9709671855986358e+04 -7.1125405289453210e+05 1.1326293131106989e+05 -7.1841567599999995e+04 04010
 1.3010676431427103e+03 -1.4261118065133567e+03 -2.9105475942552084e+02 6.3779292800000000e+01 30110
 -3.0013891693642505e+04 2.4169951679422538e+04 1.5804807793442551e+03 -1.7658266000000001e+03 21110
 2.3185537419186177e+05 -1.0075280820596276e+05 1.4999942549984909e+04 1.1961652899999999e+04 12110
 -5.2648133342814806e+05 8.3606704248026304e+04 -9.6526557837154091e+04 -3.6062570899999999e+04 03110
 -3.1071749690506381e+03 1.3061917455706343e+03 7.4696000774941842e+02 -8.6987571199999998e+00 20210
 1.0176546850650979e+04 -3.8384211318066249e+04 3.2443587873265942e+03 1.6077307200000000e+03 11210
 6.5991631088461771e+04 1.7584183432867987e+04 -3.2781765224968920e+04 -1.1675984399999999e+04 02210
 3.8348364306692974e+02 -1.6458473122529208e+03 5.8396320697922818e+02 1.6598224700000000e+02 10310
 1.1356527349238844e+04 4.4741576642311520e+03 -5.6622537273623057e+03 9.4686973100000000e+02 01310
 -2.1716133265007484e+03 2.7878991211144935e+03 -1.2619367421023608e+03 1.6439557600000001e+02 00410
 -1.3174356141095897e+04 1.2374757747230968e+04 5.1242229232569412e+02 -2.4076491099999998e+03 30020
 2.8849884176333313e+05 -1.7445226392120204e+05 -6.5711979736410403e+03 5.5520991600000001e+04 21020
 -2.1919916542360401e+06 5.3424228499888931e+05 2.9965130621209653e+04 -4.1814969699999999e+05 12020
 5.7356997944355849e+06 -2.3390502363127601e+05 -1.4436197480618415e+04 1.1185970900000001e+06 03020
 2.8807568242598067e+04 -1.5667286287538531e+04 -4.7767509713011477e+03 3.3250162999999998e+02 20120
 -1.7453002162974409e+05 3.9372120085864782e+05 -2.6036852663542293e+04 -1.4254245100000000e+04 11120
 -1.0115662812306004e+05 -7.3950539021566487e+05 2.9426497093219851e+05 5.2657758800000003e+04 02120
 -3.2117154613595914e+04 5.2206235017531162e+03 1.1128771531789802e+04 -3.9989584300000001e+03 10220
 1.8143335380736600e+04 -8.7287527057000363e+04 5.9769347553620799e+04 2.5102144300000000e+04 01220
 4.8263743938106563e+04 -5.6880144118204546e+04 4.8167217543470993e+04 9.0266857599999994e+01 00320
 -1.0487126781648798e+05 5.0051305284287562e+04 3.6252135066746632e+04 -9.3089900000000000e+02 20030
 7.4738863533803727e+05 -1.0627541680632972e+06 1.7273957152333716e+05 3.9788767800000001e+04 11030
 7.6550831658047988e+04 3.3715829181263112e+06 -1.3245078921036564e+06 -1.1875274700000000e+05 02030
 2.1339523875197666e+05 5.2697406415913683e+04 -1.0496950330807928e+05 2.9493169800000000e+04 10130
 -6.7873593999102095e+05 2.2309794744606577e+04 -2.5370588598676087e+05 -2.5987719800000000e+05 01130
 -4.3467714689439681e+05 1.2650992987877557e+05 -3.5521613303301937e+05 1.1004152400000000e+03 00230
 -3.1374035702502093e+05 -7.3158278011251517e+04 1.5920515284650723e+05 -1.3196676600000001e+04 10040
 2.9547298387704720e+06 5.4215619592233654e+05 6.3027914493769477e+05 3.0309427799999999e+05 01040
 1.9085819136360504e+06 9.6986881729296874e+05 9.4341795670647116e+05 -1.7333469400000002e+04 00140
 -3.4471915128423362e+06 -3.3649180662594712e+06 -4.6934455505496176e+05 3.0963153100000000e+04 00050
 -2.6839770219369310e+01 2.2243670145778644e+01 -7.1904381645815851e+00 0.0000000000000000e+00 60000
 5.1254339631112350e+02 -9.1627406469602340e+02 3.1160394440646962e+02 0.0000000000000000e+00 51000
 -1.5266243973301787e+03 1.7308181374902262e+04 -6.0857811626254015e+03 0.0000000000000000e+00 42000
 -1.0160688465704714e+04 -1.8179864346217568e+05 6.5308690830302374e+04 0.0000000000000000e+00 33000
 -1.1683317943295321e+05 1.0941490684722334e+06 -3.9957018640206888e+05 0.0000000000000000e+00 24000
 1.7531606135374866e+06 -3.6186842812589942e+06 1.3381812250401985e+06 0.0000000000000000e+00 15000
 -4.9461121451049726e+06 5.2378349963106140e+06 -1.9381014793324424e+06 0.0000000000000000e+00 06000
 -1.8332280256773622e+01 -2.5380634697101065e+01 1.2112690643397482e+01 0.0000000000000000e+00 50100
 -5.0721166169648819e+02 5.1577496940788694e+02 -3.0472050018003404e+02 0.0000000000000000e+00 41100
 1.5570920002866598e+04 -3.8727532903010533e+03 3.7740993504701501e+03 0.0000000000000000e+00 32100
 -6.9716761156873705e+04 -9.3408614065625588e+03 -2.7245735467351995e+04 0.0000000000000000e+00 23100
 -1.8945544818265698e+05 2.2110200042194990e+05 1.2103124249106695e+05 0.0000000000000000e+00 14100
 6.0746363714393543e+05 -6.3293612620203767e+05 -2.1371388420814136e+05 0.0000000000000000e+00 05100
 -1.1894087279969065e+02 3.6432118699550969e+01 -7.8084684130453283e+01 0.0000000000000000e+00 40200
 2.8074484973852973e+03 -1.2461385209773471e+02 1.2455660591151684e+03 0.0000000000000000e+00 31200
 -2.5827916948005335e+04 -2.2997772919535391e+03 -1.1490246758626081e+04 0.0000000000000000e+00 22200
 1.1269908748904396e+05 3.8822020301202559e+04 8.9532699226389494e+04 0.0000000000000000e+00 13200
 -1.9633735943115779e+05 -1.1447924848910743e+05 -3.0243208024815988e+05 0.0000000000000000e+00 04200
 -1.9498858988305352e+02 1.5248563961299599e+01 4.2571669948223118e+01 0.0000000000000000e+00 30300
 1.1096316893267533e+03 5.9058198338826264e+02 -1.9025423173545175e+02 0.0000000000000000e+00 21300
 -4.3950113116197854e+03 -7.8819084318429559e+03 -2.0207009234764332e+03 0.0000000000000000e+00 12300
 4.3854377443612146e+04 -3.9555133172553615e+04 7.7176025420858568e+03 0.0000000000000000e+00 03300
 -1.9467098105443634e+02 -1.7268458508809073e+02 6.3547288004630545e+01 0.0000000000000000e+00 20400
 2.2929059721461635e+03 -2.9427154234946642e+01 5.0428539075367513e+02 0.0000000000000000e+00 11400
 2.4347919952646453e+03 -2.4241749599604518e+03 -4.3751725434717919e+03 0.0000000000000000e+00 02400
 5.4530001284255043e+01 -3.8590727860268555e+02 1.9218963959298452e+02 0.0000000000000000e+00 10500
 -2.6956890669176141e+02 -1.5285229042120272e+03 1.4556256310631552e+03 0.0000000000000000e+00 01500
 -1.9463069175811347e+02 -9.2467683938547253e+01 7.1118988398800758e+00 0.0000000000000000e+00 00600
 2.2954222090684489e+03 2.1081314661233631e+02 -2.1764358053874378e+01 0.0000000000000000e+00 50010
 -5.5497305253321960e+04 -1.0085469814066146e+04 -2.1848041720000519e+03 0.0000000000000000e+00 41010
 4.5508156691105239e+05 1.6573978045399522e+05 7.8118446458502862e+04 0.0000000000000000e+00 32010
 -1.8445565758793445e+06 -8.3870139983291586e+05 -9.2831441415344819e+05 0.0000000000000000e+00 23010
 5.5569352212098371e+06 -3.9061750469524314e+05 4.5175047779130274e+06 0.0000000000000000e+00 14010
 -6.1969785916673634e+06 8.1872671801722497e+06 -8.0219785324327201e+06 0.0000000000000000e+00 05010
 -3.2699917489666545e+03 2.0585591740158484e+03 4.8292139225049249e+02 0.0000000000000000e+00 40110
 8.1261542402865831e+04 -4.2299331355589231e+04 3.6675505481445493e+03 0.0000000000000000e+00 31110
 -6.3026281884892134e+05 1.7991378513196128e+05 -1.0644247277996867e+05 0.0000000000000000e+00 22110
 1.3711921343257802e+06 -1.0040793908883791e+05 2.5066258026611857e+05 0.0000000000000000e+00 13110
 9.2457964977145998e+05 6.1591896110041016e+04 1.0500151545991166e+06 0.0000000000000000e+00 04110
 7.0907379738972650e+03 -1.2772215947441769e+03 -1.3571355161681670e+03 0.0000000000000000e+00 30210
 -8.6703156326813070e+04 1.6107325388370482e+04 -1.0833049872765021e+04 0.0000000000000000e+00 21210
 6.3461035712914227e+05 5.3435436471587268e+05 1.2573476834107142e+05 0.0000000000000000e+00 12210
 -2.3727411335961455e+06 -1.0061158521337172e+06 -2.7426787895802432e+05 0.0000000000000000e+00 03210
 -1.1799954281628504e+03 5.6806470363332091e+03 -7.9468563690385395e+02 0.0000000000000000e+00 20310
 -4.0891319065094503e+04 -2.8834145895483689e+04 -1.6424270615896399e+04 0.0000000000000000e+00 11310
 -7.9072544407181340e+04 1.4902025418176310e+05 1.2152452731851210e+05 0.0000000000000000e+00 02310
 8.2533918424079420e+03 -1.5034520878762967e+02 -4.3191640537160843e+01 0.0000000000000000e+00 10410
 -1.8863092821753005e+04 -4.9180701515597015e+04 2.5420435527110872e+04 0.0000000000000000e+00 01410
 1.2799273527672571e+04 1.6842574184807420e+03 7.8118209082572048e+02 0.0000000000000000e+00 00510
 2.7201044508607196e+04 -3.6585549247419614e+04 -5.6187923811613773e+03 0.0000000000000000e+00 40020
 -5.3457664760715095e+05 7.0811527750740130e+05 1.0861259330205181e+05 0.0000000000000000e+00 31020
 2.2090704033954833e+06 -3.5879171754907458e+06 -1.0936537988556752e+06 0.0000000000000000e+00 22020
 1.1718510961901346e+07 1.0231506966008414e+06 7.7357001712108357e+06 0.0000000000000000e+00 13020
 -6.6246587980175041e+07 1.5254187394527625e+07 -2.3848616949158143e+07 0.0000000000000000e+00 04020
 -6.0092442159403327e+04 3.2378025963064432e+04 2.3800689564094053e+04 0.0000000000000000e+00 30120
 6.9900477300653618e+05 -8.4945334922693681e+05 3.1728989844773223e+04 0.0000000000000000e+00 21120
 -3.9193213735176334e+06 -4.5114248836998632e+06 -1.3849877381230139e+06 0.0000000000000000e+00 12120
 9.3970243906847704e+06 2.0563213557750762e+07 4.2858444319297206e+06 0.0000000000000000e+00 03120
 7.1811092782883105e+04 -5.3666485059815022e+04 -1.4978345320697879e+04 0.0000000000000000e+00 20220
 8.5001967642275698e+05 9.4017638015511690e+05 -1.9615905142594591e+04 0.0000000000000000e+00 11220
 -2.9009579989863671e+06 -1.9795063796005817e+06 -9.8746122843841335e+05 0.0000000000000000e+00 02220
 -1.9657685430955770e+05 1.9243868363112822e+05 -1.6348866828930186e+05 0.0000000000000000e+00 10320
 -2.2417991803114681e+05 8.8814371696687909e+05 -6.2344010383016011e+05 0.0000000000000000e+00 01320
 -1.8071138939625508e+05 -1.6924050433081732e+05 7.8309829596665601e+04 0.0000000000000000e+00 00420
 1.9053550703426311e+05 5.1941629342314969e+04 -1.8409336677753174e+05 0.0000000000000000e+00 30030
 -1.9247195320458754e+06 2.6380981500119757e+05 2.2028460943123456e+06 0.0000000000000000e+00 21030
 -3.3476310374972476e+06 4.1875198950536177e+07 -3.8027409316090099e+06 0.0000000000000000e+00 12030
 7.1551002566270217e+07 -1.6116602287223417e+08 -1.5023545859810099e+07 0.0000000000000000e+00 03030
 -4.1611845849967573e+05 -2.2886992296900720e+05 7.4640753402853012e+05 0.0000000000000000e+00 20130
 -1.3968021462155137e+07 -4.3652540534496214e+06 -4.4156805896081813e+06 0.0000000000000000e+00 11130
 6.9882441333700255e+07 -1.1221202702105848e+07 2.8337686592339452e+07 0.0000000000000000e+00 02130
 1.9889622862777491e+06 -4.0591976844271610e+05 1.9780915759470002e+06 0.0000000000000000e+00 10230
 6.3930349047396686e+06 -2.2195868201641268e+06 2.8935016835946306e+06 0.0000000000000000e+00 01230
 1.1813746596197484e+06 4.3705206488866759e+06 -2.5549874695435190e+06 0.0000000000000000e+00 00330
 -1.1552590912086174e+06 5.3068439882193096e+06 -5.4262709358599763e+06 0.0000000000000000e+00 20040
 8.1069024667949080e+07 -3.3515261782447904e+07 5.1196361731425703e+07 0.0000000000000000e+00 11040
 -3.6960616160202760e+08 2.1143800154143402e+08 -2.4316426496857280e+08 0.0000000000000000e+00 02040
 -1.1756448545833638e+07 -2.0533582028571285e+07 -4.3519493695672983e+06 0.0000000000000000e+00 10140
 -2.2751327056355506e+07 2.6366280307240915e+06 -1.4162581510836232e+07 0.0000000000000000e+00 01140
 -1.9363126810161442e+07 -3.7090577292391792e+07 2.2565394573235609e+07 0.0000000000000000e+00 00240
 2.9848162693385758e+07 1.1023072399240495e+08 -1.5252919704256546e+07 0.0000000000000000e+00 10050
 -1.0727317107672330e+07 -9.2987901066288620e+07 9.5290975363492563e+07 0.0000000000000000e+00 01050
 2.1803271228375500e+08 9.7173502503242463e+07 -5.1179409056578159e+07 0.0000000000000000e+00 00150
 -7.3622542269633627e+08 4.2321229973906733e+07 -8.8362755312717602e+07 0.0000000000000000e+00 00060
 1.1258424199999999e+00 0.0000000000000000e+00 0.0000000000000000e+00 7.6817769999999996e-01 00001
 -3.3092960599999999e+00 0.0000000000000000e+00 0.0000000000000000e+00 -1.2482495400000000e+00 10001
 9.5582156000000005e+00 0.0000000000000000e+00 0.0000000000000000e+00 7.1898036500000000e+00 01001
 -1.2807550800000000e+01 0.0000000000000000e+00 0.0000000000000000e+00 -1.7948002400000000e+00 00002
 3.1328287000000000e+01 0.0000000000000000e+00 0.0000000000000000e+00 4.3097902599999998e+00 20001
 -3.6635859399999998e+02 0.0000000000000000e+00 0.0000000000000000e+00 -4.7514103499999997e+01 11001
 1.2812726399999999e+03 0.0000000000000000e+00 0.0000000000000000e+00 1.2740499699999999e+02 02001
 8.4649294600000005e+00 0.0000000000000000e+00 0.0000000000000000e+00 1.5213236200000000e+00 00201
 -2.1218133200000000e+02 0.0000000000000000e+00 0.0000000000000000e+00 -4.4842024199999997e+01 00111
 8.6216804499999995e+01 0.0000000000000000e+00 0.0000000000000000e+00 1.3903586900000001e+01 10002
 -2.0237557699999999e+02 0.0000000000000000e+00 0.0000000000000000e+00 -7.5177002500000000e+01 01002
 1.2924057499999999e+03 0.0000000000000000e+00 0.0000000000000000e+00 3.3294530099999997e+02 00021
 1.5246574300000000e+02 4.1239841799999999e+02 -1.1855168000000000e+02 0.0000000000000000e+00 00012
 5.6814234300000003e+01 0.0000000000000000e+00 0.0000000000000000e+00 1.5595186500000001e+01 00003
 -1.1109064100000001e+02 0.0000000000000000e+00 0.0000000000000000e+00 -1.5717735800000000e+01 30001
 1.3012309000000000e+03 0.0000000000000000e+00 0.0000000000000000e+00 2.4992499500000000e+02 21001
 -3.3776413699999998e+03 0.0000000000000000e+00 0.0000000000000000e+00 -1.2056100300000001e+03 12001
 -1.0805725299999999e+03 0.0000000000000000e+00 0.0000000000000000e+00 1.6507063800000001e+03 03001
 -2.0675836699999999e+02 0.0000000000000000e+00 0.0000000000000000e+00 -8.6394541199999999e+00 10201
 1.2861228000000001e+03 0.0000000000000000e+00 0.0000000000000000e+00 5.1734533999999996e+01 01201
 4.5738898999999998e+02 0.0000000000000000e+00 0.0000000000000000e+00 2.4632876999999999e+02 10111
 3.1552100700000000e+02 0.0000000000000000e+00 0.0000000000000000e+00 -1.4688802499999999e+03 01111
 -2.8637608399999999e+00 0.0000000000000000e+00 0.0000000000000000e+00 -7.7696205800000001e+01 20002
 -2.8453250400000002e+02 0.0000000000000000e+00 0.0000000000000000e+00 8.0826721799999996e+02 11002
 -5.4968678599999997e+01 0.0000000000000000e+00 0.0000000000000000e+00 -1.8872739300000001e+03 02002
 -8.9490322900000001e+02 0.0000000000000000e+00 0.0000000000000000e+00 -1.3172162699999999e+01 00202
 -5.8186814800000001e+01 0.0000000000000000e+00 0.0000000000000000e+00 -1.7587238100000000e+03 10021
 2.8100110300000001e+01 0.0000000000000000e+00 0.0000000000000000e+00 1.0443614200000000e+04 01021
 2.4986902400000002e+01 0.0000000000000000e+00 0.0000000000000000e+00 3.7717688900000002e+02 00112
 -4.7104892700000001e+00 0.0000000000000000e+00 0.0000000000000000e+00 -1.7433297400000001e+02 10003
 -9.4935661400000004e-01 0.0000000000000000e+00 0.0000000000000000e+00 8.9351807699999995e+02 01003
 5.9109615599999996e+00 0.0000000000000000e+00 0.0000000000000000e+00 -2.7085707800000000e+03 00022
 1.0590745000000000e-01 0.0000000000000000e+00 0.0000000000000000e+00 -1.4915634900000001e+02 00004
 7.4420433400000000e-02 0.0000000000000000e+00 0.0000000000000000e+00 0.0000000000000000e+00 00101
 -9.3204445700000005e-01 0.0000000000000000e+00 0.0000000000000000e+00 0.0000000000000000e+00 00011
 2.8452158100000000e+00 0.0000000000000000e+00 0.0000000000000000e+00 0.0000000000000000e+00 10101
 -2.5439373000000000e+01 0.0000000000000000e+00 0.0000000000000000e+00 0.0000000000000000e+00 01101
 1.3705155500000000e+01 0.0000000000000000e+00 0.0000000000000000e+00 0.0000000000000000e+00 10011
 -7.2542508699999999e+01 0.0000000000000000e+00 0.0000000000000000e+00 0.0000000000000000e+00 01011
 1.1188551900000000e+01 0.0000000000000000e+00 0.0000000000000000e+00 0.0000000000000000e+00 00102
 -2.9857603999999998e+01 0.0000000000000000e+00 0.0000000000000000e+00 0.0000000000000000e+00 20101
 2.5760759400000001e+02 0.0000000000000000e+00 0.0000000000000000e+00 0.0000000000000000e+00 11101
 2.2280062200000000e+02 0.0000000000000000e+00 0.0000000000000000e+00 0.0000000000000000e+00 02101
 -5.7470399800000003e+00 0.0000000000000000e+00 0.0000000000000000e+00 0.0000000000000000e+00 00301
 -5.8377417100000002e+01 0.0000000000000000e+00 0.0000000000000000e+00 0.0000000000000000e+00 20011
 -7.5798640700000007e+01 0.0000000000000000e+00 0.0000000000000000e+00 0.0000000000000000e+00 11011
 -2.0030666900000000e+01 0.0000000000000000e+00 0.0000000000000000e+00 0.0000000000000000e+00 02011
 8.1569985000000003e+01 0.0000000000000000e+00 0.0000000000000000e+00 0.0000000000000000e+00 00211
 3.9907235700000001e+01 0.0000000000000000e+00 0.0000000000000000e+00 0.0000000000000000e+00 10102
 2.6133789799999999e+01 0.0000000000000000e+00 0.0000000000000000e+00 0.0000000000000000e+00 01102
 1.1102801200000000e+01 0.0000000000000000e+00 0.0000000000000000e+00 0.0000000000000000e+00 00121
 1.5806418400000000e+01 0.0000000000000000e+00 0.0000000000000000e+00 0.0000000000000000e+00 10012
 2.5233279000000000e+00 0.0000000000000000e+00 0.0000000000000000e+00 0.0000000000000000e+00 01012
 1.4961163900000001e+00 0.0000000000000000e+00 0.0000000000000000e+00 0.0000000000000000e+00 00103
 2.9442717200000001e+00 0.0000000000000000e+00 0.0000000000000000e+00 0.0000000000000000e+00 00031
 1.9644430600000001e-01 0.0000000000000000e+00 0.0000000000000000e+00 0.0000000000000000e+00 00013
 1.6957368000000000e+02 0.0000000000000000e+00 0.0000000000000000e+00 0.0000000000000000e+00 40001
 -1.1884030900000000e+03 0.0000000000000000e+00 0.0000000000000000e+00 0.0000000000000000e+00 31001
 -2.5640085899999999e+03 0.0000000000000000e+00 0.0000000000000000e+00 0.0000000000000000e+00 22001
 -7.9612626599999999e+02 0.0000000000000000e+00 0.0000000000000000e+00 0.0000000000000000e+00 13001
 -1.7013585599999999e+02 0.0000000000000000e+00 0.0000000000000000e+00 0.0000000000000000e+00 04001
 2.5273732400000000e+01 0.0000000000000000e+00 0.0000000000000000e+00 0.0000000000000000e+00 30101
 -3.0211779799999999e+02 0.0000000000000000e+00 0.0000000000000000e+00 0.0000000000000000e+00 21101
 1.0508874799999999e+01 0.0000000000000000e+00 0.0000000000000000e+00 0.0000000000000000e+00 12101
 1.7954560900000001e+01 0.0000000000000000e+00 0.0000000000000000e+00 0.0000000000000000e+00 03101
 3.9304286900000000e+02 0.0000000000000000e+00 0.0000000000000000e+00 0.0000000000000000e+00 20201
 -2.6547935800000000e+03 0.0000000000000000e+00 0.0000000000000000e+00 0.0000000000000000e+00 11201
 -6.7520795899999996e+02 0.0000000000000000e+00 0.0000000000000000e+00 0.0000000000000000e+00 02201
 3.1537455800000000e+01 0.0000000000000000e+00 0.0000000000000000e+00 0.0000000000000000e+00 10301
 -6.6287274900000000e+01 0.0000000000000000e+00 0.0000000000000000e+00 0.0000000000000000e+00 01301
 1.1048366800000000e+01 0.0000000000000000e+00 0.0000000000000000e+00 0.0000000000000000e+00 00401
 5.3995273300000001e+01 0.0000000000000000e+00 0.0000000000000000e+00 0.0000000000000000e+00 30011
 1.9851422299999999e+01 0.0000000000000000e+00 0.0000000000000000e+00 0.0000000000000000e+00 21011
 6.9951277899999997e+00 0.0000000000000000e+00 0.0000000000000000e+00 0.0000000000000000e+00 12011
 2.0305896899999998e+00 0.0000000000000000e+00 0.0000000000000000e+00 0.0000000000000000e+00 03011
 -4.1475572199999999e+02 0.0000000000000000e+00 0.0000000000000000e+00 0.0000000000000000e+00 20111
 -2.4292429500000000e+02 0.0000000000000000e+00 0.0000000000000000e+00 0.0000000000000000e+00 11111
 -5.3283176900000001e+01 0.0000000000000000e+00 0.0000000000000000e+00 0.0000000000000000e+00 02111
 1.4085442600000000e+01 0.0000000000000000e+00 0.0000000000000000e+00 0.0000000000000000e+00 10211
 -7.1897002499999996e+00 0.0000000000000000e+00 0.0000000000000000e+00 0.0000000000000000e+00 01211
 4.6617528200000002e+01 0.0000000000000000e+00 0.0000000000000000e+00 0.0000000000000000e+00 00311
 3.2702350999999999e+02 0.0000000000000000e+00 0.0000000000000000e+00 0.0000000000000000e+00 30002
 -4.6760376399999998e+01 0.0000000000000000e+00 0.0000000000000000e+00 0.0000000000000000e+00 21002
 -1.3113077600000000e+01 0.0000000000000000e+00 0.0000000000000000e+00 0.0000000000000000e+00 12002
 -2.1460877500000000e+00 0.0000000000000000e+00 0.0000000000000000e+00 0.0000000000000000e+00 03002
 -4.0516263400000003e+02 0.0000000000000000e+00 0.0000000000000000e+00 0.0000000000000000e+00 20102
 -3.7832739400000001e+01 0.0000000000000000e+00 0.0000000000000000e+00 0.0000000000000000e+00 11102
 -3.2861643300000001e+00 0.0000000000000000e+00 0.0000000000000000e+00 0.0000000000000000e+00 02102
 -7.9775662299999999e+02 0.0000000000000000e+00 0.0000000000000000e+00 0.0000000000000000e+00 10202
 -1.0025346300000000e+02 0.0000000000000000e+00 0.0000000000000000e+00 0.0000000000000000e+00 01202
 -5.8149400000000000e+01 0.0000000000000000e+00 0.0000000000000000e+00 0.0000000000000000e+00 00302
 -4.9721882500000000e+01 0.0000000000000000e+00 0.0000000000000000e+00 0.0000000000000000e+00 20021
 -2.3494000000000000e+01 0.0000000000000000e+00 0.0000000000000000e+00 0.0000000000000000e+00 11021
 -4.6306529500000000e+00 0.0000000000000000e+00 0.0000000000000000e+00 0.0000000000000000e+00 02021
 -7.0125265800000003e+00 0.0000000000000000e+00 0.0000000000000000e+00 0.0000000000000000e+00 10121
 -1.6612841400000000e+00 0.0000000000000000e+00 0.0000000000000000e+00 0.0000000000000000e+00 01121
 8.9976115900000000e+00 0.0000000000000000e+00 0.0000000000000000e+00 0.0000000000000000e+00 00221
 -2.6915856399999999e+01 0.0000000000000000e+00 0.0000000000000000e+00 0.0000000000000000e+00 20012
 -2.9374057699999998e+00 0.0000000000000000e+00 0.0000000000000000e+00 0.0000000000000000e+00 11012
 -2.8169995599999997e-01 0.0000000000000000e+00 0.0000000000000000e+00 0.0000000000000000e+00 02012
 -4.4261380600000003e+01 0.0000000000000000e+00 0.0000000000000000e+00 0.0000000000000000e+00 10112
 -5.1887392600000002e+00 0.0000000000000000e+00 0.0000000000000000e+00 0.0000000000000000e+00 01112
 -2.3091301500000001e+00 0.0000000000000000e+00 0.0000000000000000e+00 0.0000000000000000e+00 00212
 1.2974281100000001e+01 0.0000000000000000e+00 0.0000000000000000e+00 0.0000000000000000e+00 20003
 1.2986379400000001e+00 0.0000000000000000e+00 0.0000000000000000e+00 0.0000000000000000e+00 11003
 1.7931982099999999e-01 0.0000000000000000e+00 0.0000000000000000e+00 0.0000000000000000e+00 02003
 3.5963604300000002e-01 0.0000000000000000e+00 0.0000000000000000e+00 0.0000000000000000e+00 10103
 -6.8600012500000002e-02 0.0000000000000000e+00 0.0000000000000000e+00 0.0000000000000000e+00 01103
 4.7989772600000002e-01 0.0000000000000000e+00 0.0000000000000000e+00 0.0000000000000000e+00 00203
 -1.5183764099999999e+00 0.0000000000000000e+00 0.0000000000000000e+00 0.0000000000000000e+00 10031
 -2.5950537600000001e-01 0.0000000000000000e+00 0.0000000000000000e+00 0.0000000000000000e+00 01031
 1.2137887100000000e+00 0.0000000000000000e+00 0.0000000000000000e+00 0.0000000000000000e+00 00131
 -3.8339448699999998e+00 0.0000000000000000e+00 0.0000000000000000e+00 0.0000000000000000e+00 10022
 -4.4880310099999998e-01 0.0000000000000000e+00 0.0000000000000000e+00 0.0000000000000000e+00 01022
 4.3274224600000001e-02 0.0000000000000000e+00 0.0000000000000000e+00 0.0000000000000000e+00 00122
 4.3379578000000002e-02 0.0000000000000000e+00 0.0000000000000000e+00 0.0000000000000000e+00 10013
 3.8101713399999999e-04 0.0000000000000000e+00 0.0000000000000000e+00 0.0000000000000000e+00 01013
 7.1732702300000006e-02 0.0000000000000000e+00 0.0000000000000000e+00 0.0000000000000000e+00 00113
 4.0493515200000002e-03 0.0000000000000000e+00 0.0000000000000000e+00 0.0000000000000000e+00 10004
 -7.0401424799999997e-04 0.0000000000000000e+00 0.0000000000000000e+00 0.0000000000000000e+00 01004
 4.1771769200000001e-03 0.0000000000000000e+00 0.0000000000000000e+00 0.0000000000000000e+00 00104
 2.6521246799999998e-01 0.0000000000000000e+00 0.0000000000000000e+00 0.0000000000000000e+00 00041
 3.4293861799999999e-02 0.0000000000000000e+00 0.0000000000000000e+00 0.0000000000000000e+00 00032
 2.7421903000000001e-02 0.0000000000000000e+00 0.0000000000000000e+00 0.0000000000000000e+00 00023
 3.8234677400000002e-03 0.0000000000000000e+00 0.0000000000000000e+00 0.0000000000000000e+00 00014
 1.4659581000000001e-03 0.0000000000000000e+00 0.0000000000000000e+00 0.0000000000000000e+00 00005
 -2.2197897499999999e+02 0.0000000000000000e+00 0.0000000000000000e+00 0.0000000000000000e+00 50001
 2.0814843300000002e+03 0.0000000000000000e+00 0.0000000000000000e+00 0.0000000000000000e+00 41001
 -4.3056093600000003e+02 0.0000000000000000e+00 0.0000000000000000e+00 0.0000000000000000e+00 32001
 -2.1805028799999999e+02 0.0000000000000000e+00 0.0000000000000000e+00 0.0000000000000000e+00 23001
 -5.5584450099999998e+01 0.0000000000000000e+00 0.0000000000000000e+00 0.0000000000000000e+00 14001
 -1.1364256800000000e+01 0.0000000000000000e+00 0.0000000000000000e+00 0.0000000000000000e+00 05001
 1.0843246300000000e+02 0.0000000000000000e+00 0.0000000000000000e+00 0.0000000000000000e+00 40101
 -9.3186493399999995e+02 0.0000000000000000e+00 0.0000000000000000e+00 0.0000000000000000e+00 31101
 -1.9297715800000000e+02 0.0000000000000000e+00 0.0000000000000000e+00 0.0000000000000000e+00 22101
 -2.8647338300000001e+01 0.0000000000000000e+00 0.0000000000000000e+00 0.0000000000000000e+00 13101
 -3.4101753399999999e+00 0.0000000000000000e+00 0.0000000000000000e+00 0.0000000000000000e+00 04101
 6.1327849800000003e+01 0.0000000000000000e+00 0.0000000000000000e+00 0.0000000000000000e+00 30201
 -4.3628918599999999e+01 0.0000000000000000e+00 0.0000000000000000e+00 0.0000000000000000e+00 21201
 -4.7152181900000002e+01 0.0000000000000000e+00 0.0000000000000000e+00 0.0000000000000000e+00 12201
 -1.4919883000000000e+01 0.0000000000000000e+00 0.0000000000000000e+00 0.0000000000000000e+00 03201
 5.8831090099999997e+01 0.0000000000000000e+00 0.0000000000000000e+00 0.0000000000000000e+00 20301
 -3.6337865000000001e+01 0.0000000000000000e+00 0.0000000000000000e+00 0.0000000000000000e+00 11301
 -8.0151232799999992e+00 0.0000000000000000e+00 0.0000000000000000e+00 0.0000000000000000e+00 02301
 -1.0494428700000000e+02 0.0000000000000000e+00 0.0000000000000000e+00 0.0000000000000000e+00 10401
 3.4771335299999997e+01 0.0000000000000000e+00 0.0000000000000000e+00 0.0000000000000000e+00 01401
 -1.2228812499999999e+02 0.0000000000000000e+00 0.0000000000000000e+00 0.0000000000000000e+00 00501
 -7.7545342300000002e+01 0.0000000000000000e+00 0.0000000000000000e+00 0.0000000000000000e+00 40011
 -6.4131444900000005e+01 0.0000000000000000e+00 0.0000000000000000e+00 0.0000000000000000e+00 31011
 -1.3985750500000000e+01 0.0000000000000000e+00 0.0000000000000000e+00 0.0000000000000000e+00 22011
 -2.3365408200000002e+00 0.0000000000000000e+00 0.0000000000000000e+00 0.0000000000000000e+00 13011
 -3.4059649100000000e-01 0.0000000000000000e+00 0.0000000000000000e+00 0.0000000000000000e+00 04011
 2.9339419400000001e+01 0.0000000000000000e+00 0.0000000000000000e+00 0.0000000000000000e+00 30111
 4.8114933100000002e+01 0.0000000000000000e+00 0.0000000000000000e+00 0.0000000000000000e+00 21111
 9.5017492400000005e+00 0.0000000000000000e+00 0.0000000000000000e+00 0.0000000000000000e+00 12111
 1.3883754100000001e+00 0.0000000000000000e+00 0.0000000000000000e+00 0.0000000000000000e+00 03111
 5.2479251499999997e+01 0.0000000000000000e+00 0.0000000000000000e+00 0.0000000000000000e+00 20211
 3.8005874199999998e+00 0.0000000000000000e+00 0.0000000000000000e+00 0.0000000000000000e+00 11211
 2.3455513600000000e-01 0.0000000000000000e+00 0.0000000000000000e+00 0.0000000000000000e+00 02211
 3.9580808500000003e+01 0.0000000000000000e+00 0.0000000000000000e+00 0.0000000000000000e+00 10311
 1.5256354200000001e+01 0.0000000000000000e+00 0.0000000000000000e+00 0.0000000000000000e+00 01311
 -7.2808032699999998e+00 0.0000000000000000e+00 0.0000000000000000e+00 0.0000000000000000e+00 00411
 -5.9749734599999999e+02 0.0000000000000000e+00 0.0000000000000000e+00 0.0000000000000000e+00 40002
 -1.0272174900000000e+02 0.0000000000000000e+00 0.0000000000000000e+00 0.0000000000000000e+00 31002
 -1.5368110700000001e+01 0.0000000000000000e+00 0.0000000000000000e+00 0.0000000000000000e+00 22002
 -2.1720831600000001e+00 0.0000000000000000e+00 0.0000000000000000e+00 0.0000000000000000e+00 13002
 -2.7460926400000002e-01 0.0000000000000000e+00 0.0000000000000000e+00 0.0000000000000000e+00 04002
 1.0683798299999999e+02 0.0000000000000000e+00 0.0000000000000000e+00 0.0000000000000000e+00 30102
 1.2376615800000000e+01 0.0000000000000000e+00 0.0000000000000000e+00 0.0000000000000000e+00 21102
 1.4653033000000000e+00 0.0000000000000000e+00 0.0000000000000000e+00 0.0000000000000000e+00 12102
 1.8539329299999999e-01 0.0000000000000000e+00 0.0000000000000000e+00 0.0000000000000000e+00 03102
 1.1888713100000000e+01 0.0000000000000000e+00 0.0000000000000000e+00 0.0000000000000000e+00 20202
 -2.5566998800000000e+00 0.0000000000000000e+00 0.0000000000000000e+00 0.0000000000000000e+00 11202
 -8.6380901700000001e-01 0.0000000000000000e+00 0.0000000000000000e+00 0.0000000000000000e+00 02202
 1.8804701399999999e+01 0.0000000000000000e+00 0.0000000000000000e+00 0.0000000000000000e+00 10302
 2.4966757999999998e+00 0.0000000000000000e+00 0.0000000000000000e+00 0.0000000000000000e+00 01302
 -3.9308849700000001e+00 0.0000000000000000e+00 0.0000000000000000e+00 0.0000000000000000e+00 00402
 1.2703465100000001e+01 0.0000000000000000e+00 0.0000000000000000e+00 0.0000000000000000e+00 30021
 7.9618751600000000e+00 0.0000000000000000e+00 0.0000000000000000e+00 0.0000000000000000e+00 21021
 1.6098250700000001e+00 0.0000000000000000e+00 0.0000000000000000e+00 0.0000000000000000e+00 12021
 2.5756567499999999e-01 0.0000000000000000e+00 0.0000000000000000e+00 0.0000000000000000e+00 03021
 5.9357450700000003e+00 0.0000000000000000e+00 0.0000000000000000e+00 0.0000000000000000e+00 20121
 6.7934845300000002e-01 0.0000000000000000e+00 0.0000000000000000e+00 0.0000000000000000e+00 11121
 7.5755015100000003e-02 0.0000000000000000e+00 0.0000000000000000e+00 0.0000000000000000e+00 02121
 7.3629458100000003e+00 0.0000000000000000e+00 0.0000000000000000e+00 0.0000000000000000e+00 10221
 2.3008013500000000e+00 0.0000000000000000e+00 0.0000000000000000e+00 0.0000000000000000e+00 01221
 -1.1838300700000000e-01 0.0000000000000000e+00 0.0000000000000000e+00 0.0000000000000000e+00 00321
 1.4425814500000000e+01 0.0000000000000000e+00 0.0000000000000000e+00 0.0000000000000000e+00 30012
 1.5265816299999999e+00 0.0000000000000000e+00 0.0000000000000000e+00 0.0000000000000000e+00 21012
 1.6302881699999999e-01 0.0000000000000000e+00 0.0000000000000000e+00 0.0000000000000000e+00 12012
 1.7168950900000000e-02 0.0000000000000000e+00 0.0000000000000000e+00 0.0000000000000000e+00 03012
 1.5074373400000001e+01 0.0000000000000000e+00 0.0000000000000000e+00 0.0000000000000000e+00 20112
 1.6070658300000000e+00 0.0000000000000000e+00 0.0000000000000000e+00 0.0000000000000000e+00 11112
 1.6646502299999999e-01 0.0000000000000000e+00 0.0000000000000000e+00 0.0000000000000000e+00 02112
 2.2880329700000002e+00 0.0000000000000000e+00 0.0000000000000000e+00 0.0000000000000000e+00 10212
 2.6541344900000002e-01 0.0000000000000000e+00 0.0000000000000000e+00 0.0000000000000000e+00 01212
 3.2668393000000000e+00 0.0000000000000000e+00 0.0000000000000000e+00 0.0000000000000000e+00 00312
 -1.4469480500000000e+00 0.0000000000000000e+00 0.0000000000000000e+00 0.0000000000000000e+00 30003
 -3.0155182100000000e-01 0.0000000000000000e+00 0.0000000000000000e+00 0.0000000000000000e+00 21003
 -9.7940595800000002e-02 0.0000000000000000e+00 0.0000000000000000e+00 0.0000000000000000e+00 12003
 -2.1887463300000000e-02 0.0000000000000000e+00 0.0000000000000000e+00 0.0000000000000000e+00 03003
 2.1373127700000000e-01 0.0000000000000000e+00 0.0000000000000000e+00 0.0000000000000000e+00 20103
 -4.2487175700000003e-03 0.0000000000000000e+00 0.0000000000000000e+00 0.0000000000000000e+00 11103
 -2.6398123599999999e-03 0.0000000000000000e+00 0.0000000000000000e+00 0.0000000000000000e+00 02103
 -3.9033618199999998e-01 0.0000000000000000e+00 0.0000000000000000e+00 0.0000000000000000e+00 10203
 -2.2056344900000000e-02 0.0000000000000000e+00 0.0000000000000000e+00 0.0000000000000000e+00 01203
 -2.5206106999999998e-02 0.0000000000000000e+00 0.0000000000000000e+00 0.0000000000000000e+00 00303
 8.3539572600000001e-01 0.0000000000000000e+00 0.0000000000000000e+00 0.0000000000000000e+00 20031
 1.0108242400000000e-01 0.0000000000000000e+00 0.0000000000000000e+00 0.0000000000000000e+00 11031
 1.1382651500000000e-02 0.0000000000000000e+00 0.0000000000000000e+00 0.0000000000000000e+00 02031
 9.6753924199999997e-01 0.0000000000000000e+00 0.0000000000000000e+00 0.0000000000000000e+00 10131
 2.8394057299999997e-01 0.0000000000000000e+00 0.0000000000000000e+00 0.0000000000000000e+00 01131
 7.0409468399999994e-02 0.0000000000000000e+00 0.0000000000000000e+00 0.0000000000000000e+00 00231
 1.9662115200000001e+00 0.0000000000000000e+00 0.0000000000000000e+00 0.0000000000000000e+00 20022
 2.1192966199999999e-01 0.0000000000000000e+00 0.0000000000000000e+00 0.0000000000000000e+00 11022
 2.2229702000000000e-02 0.0000000000000000e+00 0.0000000000000000e+00 0.0000000000000000e+00 02022
 1.9217672799999999e-01 0.0000000000000000e+00 0.0000000000000000e+00 0.0000000000000000e+00 10122
 2.0842935900000002e-02 0.0000000000000000e+00 0.0000000000000000e+00 0.0000000000000000e+00 01122
 4.0919772199999999e-01 0.0000000000000000e+00 0.0000000000000000e+00 0.0000000000000000e+00 00222
 1.1620879799999999e-02 0.0000000000000000e+00 0.0000000000000000e+00 0.0000000000000000e+00 20013
 -8.6175197900000000e-04 0.0000000000000000e+00 0.0000000000000000e+00 0.0000000000000000e+00 11013
 -3.6803400800000002e-04 0.0000000000000000e+00 0.0000000000000000e+00 0.0000000000000000e+00 02013
 -3.0559588299999999e-02 0.0000000000000000e+00 0.0000000000000000e+00 0.0000000000000000e+00 10113
 7.9282077300000002e-04 0.0000000000000000e+00 0.0000000000000000e+00 0.0000000000000000e+00 01113
 -1.0358131200000000e-03 0.0000000000000000e+00 0.0000000000000000e+00 0.0000000000000000e+00 00213
 -3.1766529600000003e-02 0.0000000000000000e+00 0.0000000000000000e+00 0.0000000000000000e+00 20004
 -8.6869289399999997e-03 0.0000000000000000e+00 0.0000000000000000e+00 0.0000000000000000e+00 11004
 -1.3033663300000000e-03 0.0000000000000000e+00 0.0000000000000000e+00 0.0000000000000000e+00 02004
 -4.8593005899999998e-03 0.0000000000000000e+00 0.0000000000000000e+00 0.0000000000000000e+00 10104
 -1.8132267699999999e-04 0.0000000000000000e+00 0.0000000000000000e+00 0.0000000000000000e+00 01104
 -2.2531301500000000e-02 0.0000000000000000e+00 0.0000000000000000e+00 0.0000000000000000e+00 00204
 1.0273608300000001e-01 0.0000000000000000e+00 0.0000000000000000e+00 0.0000000000000000e+00 10041
 3.1679181700000003e-02 0.0000000000000000e+00 0.0000000000000000e+00 0.0000000000000000e+00 01041
 1.7740698900000001e-02 0.0000000000000000e+00 0.0000000000000000e+00 0.0000000000000000e+00 00141
 1.2813031600000000e-02 0.0000000000000000e+00 0.0000000000000000e+00 0.0000000000000000e+00 10032
 1.3430987299999999e-03 0.0000000000000000e+00 0.0000000000000000e+00 0.0000000000000000e+00 01032
 4.4265491599999998e-02 0.0000000000000000e+00 0.0000000000000000e+00 0.0000000000000000e+00 00132
 -5.0074566800000003e-03 0.0000000000000000e+00 0.0000000000000000e+00 0.0000000000000000e+00 10023
 -3.6226490100000000e-05 0.0000000000000000e+00 0.0000000000000000e+00 0.0000000000000000e+00 01023
 -1.0084677400000000e-04 0.0000000000000000e+00 0.0000000000000000e+00 0.0000000000000000e+00 00123
 -2.5991156500000000e-04 0.0000000000000000e+00 0.0000000000000000e+00 0.0000000000000000e+00 10014
 -8.6598892899999998e-06 0.0000000000000000e+00 0.0000000000000000e+00 0.0000000000000000e+00 01014
 1.2643326200000000e-04 0.0000000000000000e+00 0.0000000000000000e+00 0.0000000000000000e+00 00114
 -3.7640531699999999e-04 0.0000000000000000e+00 0.0000000000000000e+00 0.0000000000000000e+00 10005
 -4.9526213000000003e-05 0.0000000000000000e+00 0.0000000000000000e+00 0.0000000000000000e+00 01005
 5.0543502499999998e-05 0.0000000000000000e+00 0.0000000000000000e+00 0.0000000000000000e+00 00105
 3.1877867700000001e-03 0.0000000000000000e+00 0.0000000000000000e+00 0.0000000000000000e+00 00051
 4.7427681699999998e-03 0.0000000000000000e+00 0.0000000000000000e+00 0.0000000000000000e+00 00042
 1.0854985800000000e-05 0.0000000000000000e+00 0.0000000000000000e+00 0.0000000000000000e+00 00033
 9.0835490000000001e-05 0.0000000000000000e+00 0.0000000000000000e+00 0.0000000000000000e+00 00024
 3.1187906300000002e-06 0.0000000000000000e+00 0.0000000000000000e+00 0.0000000000000000e+00 00015
 2.3269827100000001e-06 0.0000000000000000e+00 0.0000000000000000e+00 0.0000000000000000e+00 00006
 --------------------------------------------
