! Candidate angular fit; delta and xtar-dependent terms retained from frozen seed.
 --------------------------------------------
 1.3155361741534724e-03 1.1209288480209080e-04 5.1909832074086264e-04 0.0000000000000000e+00 00000
 3.3808014791957031e-01 1.7120102933720738e-02 -5.7188917301128663e-03 2.4527718100000001e-01 10000
 -3.0762160891901384e+00 -1.4171009034961626e-01 3.4992301885091129e-02 1.7923725400000001e-01 01000
 -2.3111797609213819e-03 -4.5855459392726494e-01 2.8112885814898886e-01 1.5762221900000001e-02 00100
 1.3975679971250307e-01 6.2950980127563880e-02 -2.3598556189134299e+00 -2.7748113599999999e-02 00010
 -3.7156775889485938e-01 -2.7406616976977900e-02 4.8016352881199544e-03 -3.1763193899999997e-01 20000
 2.8505675573034299e+00 2.6548226659673782e-02 2.0029307554333242e-02 3.2294487900000002e+00 11000
 5.2505489162612413e+00 8.7347252288671251e-01 -2.1118522234058471e-01 9.9624983800000000e-01 02000
 -5.2247735662455164e-01 1.5081554288187160e+00 -4.0535236742108677e-01 -6.9868989000000006e-02 10100
 3.9889294958355235e+00 3.6207948525548439e-01 5.4671701082875543e-02 -2.7273720299999998e-01 01100
 -1.1706431654532319e-01 9.9233203259172259e-02 -3.7093172193834942e-02 -1.7795864400000000e-02 00200
 1.2774185431803291e+00 -2.0233154593385400e+01 5.5460274249969679e+00 -1.7964206399999999e-01 10010
 -8.4778737156571395e+00 -1.5944517489268520e+01 2.7590160288069554e+00 5.1434082800000001e+00 01010
 0.0000000000000000e+00 0.0000000000000000e+00 4.2357689674857879e-01 4.5628469799999999e-01 00110
 0.0000000000000000e+00 -4.0393203918442220e+00 4.4938155398173363e-01 -6.4079203600000003e+00 00020
 8.5319632712821969e-01 9.4745744225486789e-02 0.0000000000000000e+00 9.3683431900000003e-01 30000
 -1.3651666292132992e+01 -1.8478653585999278e-02 -5.0350955527708047e-02 -1.3540589900000001e+01 21000
 5.4242430727762532e+01 -1.0392383036363276e+01 0.0000000000000000e+00 5.1879764199999997e+01 12000
 0.0000000000000000e+00 5.6801683728377206e+01 4.7130341449402415e+00 -2.0498985000000001e+01 03000
 3.9254638453493875e+00 -4.6051690143407633e+00 6.7512633757473173e-01 -3.1254219399999998e-02 20100
 -3.3069520643709701e+01 5.0809600326777193e+01 -5.2482138072609974e+00 2.8400841199999999e-01 11100
 1.1553994580779165e+01 -1.1431824770887077e+02 5.3312989057140747e+00 3.9556433100000001e+00 02100
 4.4304518534452331e-01 -6.8428131086111033e-01 2.4718627738826196e-01 9.5431561099999995e-01 10200
 0.0000000000000000e+00 -4.0007005800521735e+00 0.0000000000000000e+00 -7.0688381700000003e+00 01200
 1.3330456984732435e+00 -2.7561295549551743e+00 3.0967727700281511e-01 -3.5820566700000001e-01 00300
 -3.1811800827560386e+01 6.0862839652439561e+01 -1.2549994115726602e+01 -2.7448817499999998e+00 20010
 2.5676075578860252e+02 -6.7611875332759348e+02 1.3865607301501109e+02 1.0681983600000001e+01 11010
 -6.4878911744738929e+01 1.5488942331794540e+03 -2.7263620764010335e+02 -4.6776265000000002e+01 02010
 -9.1539596050376044e+00 -2.8779195760894474e+01 0.0000000000000000e+00 4.3468718099999998e-01 10110
 0.0000000000000000e+00 2.9946222600471668e+02 -5.0082918682994567e+01 2.5692412099999999e+01 01110
 -6.9260284897780988e-01 7.4261761927752275e+01 -1.5870725051424040e+01 -3.1559352000000001e+00 00210
 4.9614474729799888e+01 7.6184253515430909e+00 2.4605010868587588e+01 3.1907757499999999e+01 10020
 -3.7533987884125827e+02 -1.0606706782273447e+01 -2.9206066035398969e+01 -4.6789810199999999e+02 01020
 0.0000000000000000e+00 -1.0071309044318208e+03 2.5021886858735616e+02 3.4179037000000001e+01 00120
 0.0000000000000000e+00 5.1851888086538320e+03 -1.2184051269884312e+03 -7.1508536199999995e+01 00030
 -2.7539460991139459e+00 -1.6203528859591337e-01 0.0000000000000000e+00 -2.3027877499999998e+00 40000
 3.4661271257644550e+01 0.0000000000000000e+00 1.5669957278994823e-01 5.8024830899999998e+01 31000
 0.0000000000000000e+00 1.0686692950296043e+01 0.0000000000000000e+00 -4.9156237399999998e+02 22000
 -7.9734558437511589e+02 0.0000000000000000e+00 0.0000000000000000e+00 1.7182972100000000e+03 13000
 0.0000000000000000e+00 0.0000000000000000e+00 -1.4239103280431340e+02 -1.9501040300000000e+03 04000
 -7.4196062087910626e+00 5.0279422633456896e+00 0.0000000000000000e+00 -1.4621283800000000e+00 30100
 6.5494802642952592e+01 -3.5683480019512459e+01 -3.2014112144372819e+00 4.7295753499999996e+01 21100
 1.4095590129492811e+02 -2.9690534332484856e+02 0.0000000000000000e+00 -4.3237295599999999e+02 12100
 -1.6058205533679034e+03 2.0402129746685860e+03 5.1857236978643527e+01 1.3233994800000000e+03 03100
 0.0000000000000000e+00 6.7415143859724127e+00 -2.9680407497665234e-01 -1.0047251200000000e+00 20200
 0.0000000000000000e+00 0.0000000000000000e+00 0.0000000000000000e+00 1.6743462399999999e+01 11200
 0.0000000000000000e+00 -2.0899373608975770e+02 -3.6324843250383760e+00 -6.7273158699999996e+01 02200
 -4.1332370151587359e+00 1.5232602967034051e-01 0.0000000000000000e+00 4.9815545700000001e+00 10300
 0.0000000000000000e+00 -1.1083553195655858e+01 0.0000000000000000e+00 -3.7436718100000000e+01 01300
 0.0000000000000000e+00 -1.2082006139728658e+00 0.0000000000000000e+00 3.8352631700000002e+00 00400
 1.1218285495567947e+02 -1.2169270643604374e+02 4.2024201548262701e+00 2.0406354700000001e+01 30010
 -1.2201954178435640e+03 1.4686927971670600e+03 0.0000000000000000e+00 -5.2187064599999997e+02 21010
 2.3396734408302586e+03 -2.9213719288006450e+03 0.0000000000000000e+00 4.0218560800000000e+03 12010
 0.0000000000000000e+00 -9.8575696594250803e+03 0.0000000000000000e+00 -1.1081659400000000e+04 03010
 0.0000000000000000e+00 0.0000000000000000e+00 0.0000000000000000e+00 -2.6109065900000001e+01 20110
 2.1747825201124581e+02 -5.9812862490207715e+02 0.0000000000000000e+00 3.4366059500000000e+02 11110
 0.0000000000000000e+00 -1.3952618880810790e+03 1.2517947206026399e+03 -9.7405222100000003e+02 02110
 0.0000000000000000e+00 0.0000000000000000e+00 0.0000000000000000e+00 -3.6510193000000001e+01 10210
 2.2682636610404620e+02 3.7075461765471766e+02 -1.5019499355288326e+02 2.9243684000000002e+02 01210
 0.0000000000000000e+00 0.0000000000000000e+00 0.0000000000000000e+00 -8.4939199799999997e+01 00310
 0.0000000000000000e+00 -7.7514370490243778e+02 0.0000000000000000e+00 4.0636932100000001e+02 20020
 0.0000000000000000e+00 4.9138289972271632e+03 0.0000000000000000e+00 -4.5869649099999997e+03 11020
 -1.0251129027709601e+04 3.5585140772829902e+04 -1.2943986385466502e+04 9.3584628599999996e+03 02020
 3.2907306692218339e+02 4.7671914331371244e+02 2.8618384540925268e+02 6.0264629700000000e+01 10120
 0.0000000000000000e+00 -6.5459993779677498e+03 0.0000000000000000e+00 -6.9720597099999998e+02 01120
 2.7562879882490549e+01 -9.7628715743798409e+02 2.0116279530070759e+02 7.2697501299999999e+02 00220
 0.0000000000000000e+00 -7.5386513312170237e+03 -4.9285336340307992e+02 5.3606629499999997e+02 10030
 1.3026900946364074e+03 3.0837954201112141e+04 0.0000000000000000e+00 -2.3364836399999999e+03 01030
 0.0000000000000000e+00 2.3176420401661567e+03 0.0000000000000000e+00 -1.6674671400000000e+03 00130
 -4.1816550307917248e+02 0.0000000000000000e+00 0.0000000000000000e+00 3.9121164899999999e+03 00040
 1.3388959185887392e+01 -8.3583959806016184e-01 0.0000000000000000e+00 4.9678190300000002e+00 50000
 -1.8296452628017275e+02 7.1368355091324682e+00 0.0000000000000000e+00 -2.1463550799999999e+02 41000
 0.0000000000000000e+00 0.0000000000000000e+00 0.0000000000000000e+00 3.4385126599999999e+03 32000
 6.0114118482814420e+03 0.0000000000000000e+00 0.0000000000000000e+00 -2.7888407800000001e+04 23000
 9.5904549831216937e+03 -2.3012146871660075e+03 0.0000000000000000e+00 1.1885052899999999e+05 14000
 -1.6601061852189736e+05 2.7734599492380294e+03 0.0000000000000000e+00 -2.0979779999999999e+05 05000
 0.0000000000000000e+00 -3.7989175994426603e+00 -1.9902915174397182e-01 3.0790796100000000e+00 40100
 0.0000000000000000e+00 1.8426135737406753e+01 0.0000000000000000e+00 -7.1757031799999993e+01 31100
 -9.8069252415178005e+02 0.0000000000000000e+00 0.0000000000000000e+00 1.7523077900000001e+02 22100
 0.0000000000000000e+00 4.6193282930544510e+03 0.0000000000000000e+00 3.6607079199999998e+03 13100
 6.5990214400689161e+04 -2.8810420197370102e+04 -4.1188849379743160e+03 -1.8679771700000001e+04 04100
 6.6408979656207734e+00 -1.2285913082219215e+01 1.1302973137610444e+00 -9.8292970799999999e+00 30200
 -1.6300044697021758e+02 9.2004690793660089e+01 0.0000000000000000e+00 2.2322339500000001e+02 21200
 0.0000000000000000e+00 2.9445891068882935e+02 0.0000000000000000e+00 -1.9345593400000000e+03 12200
 5.9957008523342229e+03 -3.0922705463024736e+03 0.0000000000000000e+00 6.2959604900000004e+03 03200
 0.0000000000000000e+00 0.0000000000000000e+00 0.0000000000000000e+00 7.5324127100000000e+00 20300
 0.0000000000000000e+00 0.0000000000000000e+00 0.0000000000000000e+00 -1.7311873199999999e+02 11300
 1.9296447825620220e+02 5.5055549833599336e+01 3.0514664261247941e+02 1.0774482200000000e+03 02300
 9.0520802584376874e+00 0.0000000000000000e+00 0.0000000000000000e+00 -1.1124031400000001e+00 10400
 -8.4261031682975627e+01 1.9433652054765409e+02 0.0000000000000000e+00 -1.0768688200000000e+02 01400
 -4.0935552028386155e+00 1.5167967468879021e+02 -2.7570615915977484e+01 -1.3675491200000001e+00 00500
 0.0000000000000000e+00 1.5064516827939283e+02 -3.6679299501211649e+00 -4.8581986499999999e+01 40010
 -1.5260162156639854e+01 -2.0056190952657344e+03 0.0000000000000000e+00 1.9529719100000000e+03 31010
 6.2309505134272749e+03 4.8921187200419672e+03 0.0000000000000000e+00 -2.0776508900000001e+04 22010
 0.0000000000000000e+00 0.0000000000000000e+00 0.0000000000000000e+00 7.9440774900000004e+04 13010
 -4.2162424930674024e+05 9.9745693878862992e+04 0.0000000000000000e+00 -7.1841567599999995e+04 04010
 0.0000000000000000e+00 2.0758512547283883e+02 0.0000000000000000e+00 6.3779292800000000e+01 30110
 5.2753207009503365e+02 0.0000000000000000e+00 0.0000000000000000e+00 -1.7658266000000001e+03 21110
 0.0000000000000000e+00 -5.8904707741461380e+03 0.0000000000000000e+00 1.1961652899999999e+04 12110
 9.5665370972891851e+03 2.0022063738774523e+04 0.0000000000000000e+00 -3.6062570899999999e+04 03110
 0.0000000000000000e+00 -3.8450022371379532e+01 0.0000000000000000e+00 -8.6987571199999998e+00 20210
 2.6115392768083339e+03 0.0000000000000000e+00 0.0000000000000000e+00 1.6077307200000000e+03 11210
 -2.0565956199961482e+04 -1.1408418784209327e+04 0.0000000000000000e+00 -1.1675984399999999e+04 02210
 0.0000000000000000e+00 0.0000000000000000e+00 0.0000000000000000e+00 1.6598224700000000e+02 10310
 4.3738297557122667e+00 -8.9993936223233140e+02 -5.0673394655120228e+02 9.4686973100000000e+02 01310
 0.0000000000000000e+00 0.0000000000000000e+00 0.0000000000000000e+00 1.6439557600000001e+02 00410
 5.9649356171984273e+01 0.0000000000000000e+00 0.0000000000000000e+00 -2.4076491099999998e+03 30020
 0.0000000000000000e+00 -1.5653881612813875e+04 0.0000000000000000e+00 5.5520991600000001e+04 21020
 0.0000000000000000e+00 7.3626658683889455e+03 0.0000000000000000e+00 -4.1814969699999999e+05 12020
 0.0000000000000000e+00 0.0000000000000000e+00 0.0000000000000000e+00 1.1185970900000001e+06 03020
 -2.4149495462694517e+03 0.0000000000000000e+00 0.0000000000000000e+00 3.3250162999999998e+02 20120
 0.0000000000000000e+00 0.0000000000000000e+00 0.0000000000000000e+00 -1.4254245100000000e+04 11120
 0.0000000000000000e+00 0.0000000000000000e+00 0.0000000000000000e+00 5.2657758800000003e+04 02120
 0.0000000000000000e+00 0.0000000000000000e+00 0.0000000000000000e+00 -3.9989584300000001e+03 10220
 0.0000000000000000e+00 0.0000000000000000e+00 0.0000000000000000e+00 2.5102144300000000e+04 01220
 0.0000000000000000e+00 0.0000000000000000e+00 0.0000000000000000e+00 9.0266857599999994e+01 00320
 0.0000000000000000e+00 0.0000000000000000e+00 0.0000000000000000e+00 -9.3089900000000000e+02 20030
 1.1211974318017282e+05 -2.1432158927552158e+05 0.0000000000000000e+00 3.9788767800000001e+04 11030
 0.0000000000000000e+00 1.0289179439313516e+06 0.0000000000000000e+00 -1.1875274700000000e+05 02030
 0.0000000000000000e+00 0.0000000000000000e+00 0.0000000000000000e+00 2.9493169800000000e+04 10130
 0.0000000000000000e+00 0.0000000000000000e+00 0.0000000000000000e+00 -2.5987719800000000e+05 01130
 5.9580853709931398e+03 0.0000000000000000e+00 0.0000000000000000e+00 1.1004152400000000e+03 00230
 0.0000000000000000e+00 -5.1522821691898782e+04 0.0000000000000000e+00 -1.3196676600000001e+04 10040
 0.0000000000000000e+00 0.0000000000000000e+00 0.0000000000000000e+00 3.0309427799999999e+05 01040
 0.0000000000000000e+00 -5.4148545484864304e+05 7.7164487249884638e+04 -1.7333469400000002e+04 00140
 0.0000000000000000e+00 9.7300514169011149e+04 0.0000000000000000e+00 3.0963153100000000e+04 00050
 -2.0164861853409381e+01 2.1014942616242789e+00 -1.1099091930963487e-01 0.0000000000000000e+00 60000
 2.7814917940032632e+02 0.0000000000000000e+00 0.0000000000000000e+00 0.0000000000000000e+00 51000
 0.0000000000000000e+00 -2.7683886419977819e+02 0.0000000000000000e+00 0.0000000000000000e+00 42000
 0.0000000000000000e+00 1.1379683269832965e+03 0.0000000000000000e+00 0.0000000000000000e+00 33000
 -1.0735749376776061e+05 0.0000000000000000e+00 4.5720799007041217e+02 0.0000000000000000e+00 24000
 0.0000000000000000e+00 0.0000000000000000e+00 0.0000000000000000e+00 0.0000000000000000e+00 15000
 2.8534719304209296e+06 -8.7326633191104382e+04 0.0000000000000000e+00 0.0000000000000000e+00 06000
 3.5728564025753955e+00 0.0000000000000000e+00 7.1863609987894650e-01 0.0000000000000000e+00 50100
 0.0000000000000000e+00 -7.5329849079879354e+00 0.0000000000000000e+00 0.0000000000000000e+00 41100
 1.2395738163837543e+03 0.0000000000000000e+00 0.0000000000000000e+00 0.0000000000000000e+00 32100
 0.0000000000000000e+00 1.1040235494264558e+04 0.0000000000000000e+00 0.0000000000000000e+00 23100
 0.0000000000000000e+00 -1.8415066074531112e+05 0.0000000000000000e+00 0.0000000000000000e+00 14100
 -7.0234452187981794e+05 6.5579300326292601e+05 5.6641306457516330e+04 0.0000000000000000e+00 05100
 -1.4164158127946775e+01 -1.0564691726652752e+01 -4.0565177031195008e+00 0.0000000000000000e+00 40200
 3.0344681821277430e+02 0.0000000000000000e+00 0.0000000000000000e+00 0.0000000000000000e+00 31200
 0.0000000000000000e+00 0.0000000000000000e+00 0.0000000000000000e+00 0.0000000000000000e+00 22200
 0.0000000000000000e+00 0.0000000000000000e+00 0.0000000000000000e+00 0.0000000000000000e+00 13200
 -7.4193120965148191e+04 9.9823733317549762e+04 0.0000000000000000e+00 0.0000000000000000e+00 04200
 0.0000000000000000e+00 4.5632790457679484e+01 0.0000000000000000e+00 0.0000000000000000e+00 30300
 0.0000000000000000e+00 0.0000000000000000e+00 0.0000000000000000e+00 0.0000000000000000e+00 21300
 0.0000000000000000e+00 4.4723218524456291e+02 0.0000000000000000e+00 0.0000000000000000e+00 12300
 -9.1179010843723461e+02 0.0000000000000000e+00 -6.7489555292079683e+02 0.0000000000000000e+00 03300
 0.0000000000000000e+00 -2.2967201700924718e+01 0.0000000000000000e+00 0.0000000000000000e+00 20400
 0.0000000000000000e+00 -4.8821486235103794e+02 0.0000000000000000e+00 0.0000000000000000e+00 11400
 0.0000000000000000e+00 0.0000000000000000e+00 1.4511250323072534e+02 0.0000000000000000e+00 02400
 0.0000000000000000e+00 -3.1422979727987678e+02 6.5462470725012963e+01 0.0000000000000000e+00 10500
 0.0000000000000000e+00 -1.6210370214051238e+03 0.0000000000000000e+00 0.0000000000000000e+00 01500
 -1.9207945253500068e+01 -3.2551327722936705e+01 0.0000000000000000e+00 0.0000000000000000e+00 00600
 0.0000000000000000e+00 -3.0463926558969483e+01 0.0000000000000000e+00 0.0000000000000000e+00 50010
 -1.7126609629120194e+03 0.0000000000000000e+00 0.0000000000000000e+00 0.0000000000000000e+00 41010
 0.0000000000000000e+00 8.7529803682368929e+03 0.0000000000000000e+00 0.0000000000000000e+00 32010
 0.0000000000000000e+00 0.0000000000000000e+00 -2.5956132512769051e+04 0.0000000000000000e+00 23010
 0.0000000000000000e+00 0.0000000000000000e+00 0.0000000000000000e+00 0.0000000000000000e+00 14010
 7.1388784536216427e+06 -1.0879769910063201e+06 0.0000000000000000e+00 0.0000000000000000e+00 05010
 -2.4007842759305510e+02 2.4575224091200121e+02 0.0000000000000000e+00 0.0000000000000000e+00 40110
 7.5496461646231944e+02 0.0000000000000000e+00 0.0000000000000000e+00 0.0000000000000000e+00 31110
 0.0000000000000000e+00 0.0000000000000000e+00 0.0000000000000000e+00 0.0000000000000000e+00 22110
 0.0000000000000000e+00 -3.3998273620176333e+04 0.0000000000000000e+00 0.0000000000000000e+00 13110
 0.0000000000000000e+00 -8.7575276584144600e+05 0.0000000000000000e+00 0.0000000000000000e+00 04110
 0.0000000000000000e+00 -1.2873885061298254e+03 -3.3241014891567580e+01 0.0000000000000000e+00 30210
 0.0000000000000000e+00 3.3971201747715982e+03 5.3156470429047283e+02 0.0000000000000000e+00 21210
 0.0000000000000000e+00 0.0000000000000000e+00 0.0000000000000000e+00 0.0000000000000000e+00 12210
 0.0000000000000000e+00 3.2600504514588491e+05 0.0000000000000000e+00 0.0000000000000000e+00 03210
 0.0000000000000000e+00 1.6803743442262250e+03 0.0000000000000000e+00 0.0000000000000000e+00 20310
 6.5035168656322253e+02 0.0000000000000000e+00 0.0000000000000000e+00 0.0000000000000000e+00 11310
 0.0000000000000000e+00 0.0000000000000000e+00 0.0000000000000000e+00 0.0000000000000000e+00 02310
 0.0000000000000000e+00 0.0000000000000000e+00 0.0000000000000000e+00 0.0000000000000000e+00 10410
 0.0000000000000000e+00 4.5007666632429600e+03 0.0000000000000000e+00 0.0000000000000000e+00 01410
 0.0000000000000000e+00 0.0000000000000000e+00 4.4981921436737326e+02 0.0000000000000000e+00 00510
 1.8964343285559147e+02 -1.7607246261765949e+03 1.1285697312146030e+02 0.0000000000000000e+00 40020
 0.0000000000000000e+00 0.0000000000000000e+00 6.5740577836172688e+03 0.0000000000000000e+00 31020
 0.0000000000000000e+00 0.0000000000000000e+00 0.0000000000000000e+00 0.0000000000000000e+00 22020
 0.0000000000000000e+00 0.0000000000000000e+00 0.0000000000000000e+00 0.0000000000000000e+00 13020
 5.7618603706309395e+06 0.0000000000000000e+00 -1.0696687417757299e+06 0.0000000000000000e+00 04020
 0.0000000000000000e+00 0.0000000000000000e+00 0.0000000000000000e+00 0.0000000000000000e+00 30120
 0.0000000000000000e+00 0.0000000000000000e+00 0.0000000000000000e+00 0.0000000000000000e+00 21120
 0.0000000000000000e+00 -8.6386569326146797e+05 0.0000000000000000e+00 0.0000000000000000e+00 12120
 0.0000000000000000e+00 0.0000000000000000e+00 0.0000000000000000e+00 0.0000000000000000e+00 03120
 0.0000000000000000e+00 -4.5536082977876467e+03 0.0000000000000000e+00 0.0000000000000000e+00 20220
 0.0000000000000000e+00 0.0000000000000000e+00 0.0000000000000000e+00 0.0000000000000000e+00 11220
 0.0000000000000000e+00 0.0000000000000000e+00 0.0000000000000000e+00 0.0000000000000000e+00 02220
 0.0000000000000000e+00 1.8691307602156926e+05 0.0000000000000000e+00 0.0000000000000000e+00 10320
 9.1400012848754632e+03 0.0000000000000000e+00 0.0000000000000000e+00 0.0000000000000000e+00 01320
 0.0000000000000000e+00 -2.2159099044521445e+03 -6.2481157496502128e+03 0.0000000000000000e+00 00420
 0.0000000000000000e+00 4.4885318778434077e+04 0.0000000000000000e+00 0.0000000000000000e+00 30030
 -1.1807837211007036e+05 0.0000000000000000e+00 0.0000000000000000e+00 0.0000000000000000e+00 21030
 0.0000000000000000e+00 0.0000000000000000e+00 0.0000000000000000e+00 0.0000000000000000e+00 12030
 0.0000000000000000e+00 2.5999657777002356e+06 2.7937483817787529e+06 0.0000000000000000e+00 03030
 0.0000000000000000e+00 0.0000000000000000e+00 0.0000000000000000e+00 0.0000000000000000e+00 20130
 0.0000000000000000e+00 0.0000000000000000e+00 0.0000000000000000e+00 0.0000000000000000e+00 11130
 0.0000000000000000e+00 0.0000000000000000e+00 0.0000000000000000e+00 0.0000000000000000e+00 02130
 0.0000000000000000e+00 -1.2439341985157556e+06 -2.6558925657598738e+05 0.0000000000000000e+00 10230
 0.0000000000000000e+00 0.0000000000000000e+00 2.2800101255400988e+05 0.0000000000000000e+00 01230
 0.0000000000000000e+00 8.3192941929922556e+04 0.0000000000000000e+00 0.0000000000000000e+00 00330
 -1.8922178677950142e+04 0.0000000000000000e+00 -1.1916775364165506e+05 0.0000000000000000e+00 20040
 0.0000000000000000e+00 6.8547416676666145e+05 0.0000000000000000e+00 0.0000000000000000e+00 11040
 0.0000000000000000e+00 0.0000000000000000e+00 -3.1981189449655269e+06 0.0000000000000000e+00 02040
 0.0000000000000000e+00 0.0000000000000000e+00 1.3866250853046104e+06 0.0000000000000000e+00 10140
 0.0000000000000000e+00 0.0000000000000000e+00 0.0000000000000000e+00 0.0000000000000000e+00 01140
 0.0000000000000000e+00 0.0000000000000000e+00 0.0000000000000000e+00 0.0000000000000000e+00 00240
 0.0000000000000000e+00 0.0000000000000000e+00 0.0000000000000000e+00 0.0000000000000000e+00 10050
 3.9078525937671121e+06 2.7491359422541942e+07 0.0000000000000000e+00 0.0000000000000000e+00 01050
 0.0000000000000000e+00 0.0000000000000000e+00 0.0000000000000000e+00 0.0000000000000000e+00 00150
 0.0000000000000000e+00 0.0000000000000000e+00 -3.7785575135512399e+06 0.0000000000000000e+00 00060
 1.1258424199999999e+00 0.0000000000000000e+00 0.0000000000000000e+00 7.6817769999999996e-01 00001
 -3.3092960599999999e+00 0.0000000000000000e+00 0.0000000000000000e+00 -1.2482495400000000e+00 10001
 9.5582156000000005e+00 0.0000000000000000e+00 0.0000000000000000e+00 7.1898036500000000e+00 01001
 -1.2807550800000000e+01 0.0000000000000000e+00 0.0000000000000000e+00 -1.7948002400000000e+00 00002
 3.1328287000000000e+01 0.0000000000000000e+00 0.0000000000000000e+00 4.3097902599999998e+00 20001
 -3.6635859399999998e+02 0.0000000000000000e+00 0.0000000000000000e+00 -4.7514103499999997e+01 11001
 1.2812726399999999e+03 0.0000000000000000e+00 0.0000000000000000e+00 1.2740499699999999e+02 02001
 8.4649294600000005e+00 0.0000000000000000e+00 0.0000000000000000e+00 1.5213236200000000e+00 00201
 -2.1218133200000000e+02 0.0000000000000000e+00 0.0000000000000000e+00 -4.4842024199999997e+01 00111
 8.6216804499999995e+01 0.0000000000000000e+00 0.0000000000000000e+00 1.3903586900000001e+01 10002
 -2.0237557699999999e+02 0.0000000000000000e+00 0.0000000000000000e+00 -7.5177002500000000e+01 01002
 1.2924057499999999e+03 0.0000000000000000e+00 0.0000000000000000e+00 3.3294530099999997e+02 00021
 1.5246574300000000e+02 4.1239841799999999e+02 -1.1855168000000000e+02 0.0000000000000000e+00 00012
 5.6814234300000003e+01 0.0000000000000000e+00 0.0000000000000000e+00 1.5595186500000001e+01 00003
 -1.1109064100000001e+02 0.0000000000000000e+00 0.0000000000000000e+00 -1.5717735800000000e+01 30001
 1.3012309000000000e+03 0.0000000000000000e+00 0.0000000000000000e+00 2.4992499500000000e+02 21001
 -3.3776413699999998e+03 0.0000000000000000e+00 0.0000000000000000e+00 -1.2056100300000001e+03 12001
 -1.0805725299999999e+03 0.0000000000000000e+00 0.0000000000000000e+00 1.6507063800000001e+03 03001
 -2.0675836699999999e+02 0.0000000000000000e+00 0.0000000000000000e+00 -8.6394541199999999e+00 10201
 1.2861228000000001e+03 0.0000000000000000e+00 0.0000000000000000e+00 5.1734533999999996e+01 01201
 4.5738898999999998e+02 0.0000000000000000e+00 0.0000000000000000e+00 2.4632876999999999e+02 10111
 3.1552100700000000e+02 0.0000000000000000e+00 0.0000000000000000e+00 -1.4688802499999999e+03 01111
 -2.8637608399999999e+00 0.0000000000000000e+00 0.0000000000000000e+00 -7.7696205800000001e+01 20002
 -2.8453250400000002e+02 0.0000000000000000e+00 0.0000000000000000e+00 8.0826721799999996e+02 11002
 -5.4968678599999997e+01 0.0000000000000000e+00 0.0000000000000000e+00 -1.8872739300000001e+03 02002
 -8.9490322900000001e+02 0.0000000000000000e+00 0.0000000000000000e+00 -1.3172162699999999e+01 00202
 -5.8186814800000001e+01 0.0000000000000000e+00 0.0000000000000000e+00 -1.7587238100000000e+03 10021
 2.8100110300000001e+01 0.0000000000000000e+00 0.0000000000000000e+00 1.0443614200000000e+04 01021
 2.4986902400000002e+01 0.0000000000000000e+00 0.0000000000000000e+00 3.7717688900000002e+02 00112
 -4.7104892700000001e+00 0.0000000000000000e+00 0.0000000000000000e+00 -1.7433297400000001e+02 10003
 -9.4935661400000004e-01 0.0000000000000000e+00 0.0000000000000000e+00 8.9351807699999995e+02 01003
 5.9109615599999996e+00 0.0000000000000000e+00 0.0000000000000000e+00 -2.7085707800000000e+03 00022
 1.0590745000000000e-01 0.0000000000000000e+00 0.0000000000000000e+00 -1.4915634900000001e+02 00004
 7.4420433400000000e-02 0.0000000000000000e+00 0.0000000000000000e+00 0.0000000000000000e+00 00101
 -9.3204445700000005e-01 0.0000000000000000e+00 0.0000000000000000e+00 0.0000000000000000e+00 00011
 2.8452158100000000e+00 0.0000000000000000e+00 0.0000000000000000e+00 0.0000000000000000e+00 10101
 -2.5439373000000000e+01 0.0000000000000000e+00 0.0000000000000000e+00 0.0000000000000000e+00 01101
 1.3705155500000000e+01 0.0000000000000000e+00 0.0000000000000000e+00 0.0000000000000000e+00 10011
 -7.2542508699999999e+01 0.0000000000000000e+00 0.0000000000000000e+00 0.0000000000000000e+00 01011
 1.1188551900000000e+01 0.0000000000000000e+00 0.0000000000000000e+00 0.0000000000000000e+00 00102
 -2.9857603999999998e+01 0.0000000000000000e+00 0.0000000000000000e+00 0.0000000000000000e+00 20101
 2.5760759400000001e+02 0.0000000000000000e+00 0.0000000000000000e+00 0.0000000000000000e+00 11101
 2.2280062200000000e+02 0.0000000000000000e+00 0.0000000000000000e+00 0.0000000000000000e+00 02101
 -5.7470399800000003e+00 0.0000000000000000e+00 0.0000000000000000e+00 0.0000000000000000e+00 00301
 -5.8377417100000002e+01 0.0000000000000000e+00 0.0000000000000000e+00 0.0000000000000000e+00 20011
 -7.5798640700000007e+01 0.0000000000000000e+00 0.0000000000000000e+00 0.0000000000000000e+00 11011
 -2.0030666900000000e+01 0.0000000000000000e+00 0.0000000000000000e+00 0.0000000000000000e+00 02011
 8.1569985000000003e+01 0.0000000000000000e+00 0.0000000000000000e+00 0.0000000000000000e+00 00211
 3.9907235700000001e+01 0.0000000000000000e+00 0.0000000000000000e+00 0.0000000000000000e+00 10102
 2.6133789799999999e+01 0.0000000000000000e+00 0.0000000000000000e+00 0.0000000000000000e+00 01102
 1.1102801200000000e+01 0.0000000000000000e+00 0.0000000000000000e+00 0.0000000000000000e+00 00121
 1.5806418400000000e+01 0.0000000000000000e+00 0.0000000000000000e+00 0.0000000000000000e+00 10012
 2.5233279000000000e+00 0.0000000000000000e+00 0.0000000000000000e+00 0.0000000000000000e+00 01012
 1.4961163900000001e+00 0.0000000000000000e+00 0.0000000000000000e+00 0.0000000000000000e+00 00103
 2.9442717200000001e+00 0.0000000000000000e+00 0.0000000000000000e+00 0.0000000000000000e+00 00031
 1.9644430600000001e-01 0.0000000000000000e+00 0.0000000000000000e+00 0.0000000000000000e+00 00013
 1.6957368000000000e+02 0.0000000000000000e+00 0.0000000000000000e+00 0.0000000000000000e+00 40001
 -1.1884030900000000e+03 0.0000000000000000e+00 0.0000000000000000e+00 0.0000000000000000e+00 31001
 -2.5640085899999999e+03 0.0000000000000000e+00 0.0000000000000000e+00 0.0000000000000000e+00 22001
 -7.9612626599999999e+02 0.0000000000000000e+00 0.0000000000000000e+00 0.0000000000000000e+00 13001
 -1.7013585599999999e+02 0.0000000000000000e+00 0.0000000000000000e+00 0.0000000000000000e+00 04001
 2.5273732400000000e+01 0.0000000000000000e+00 0.0000000000000000e+00 0.0000000000000000e+00 30101
 -3.0211779799999999e+02 0.0000000000000000e+00 0.0000000000000000e+00 0.0000000000000000e+00 21101
 1.0508874799999999e+01 0.0000000000000000e+00 0.0000000000000000e+00 0.0000000000000000e+00 12101
 1.7954560900000001e+01 0.0000000000000000e+00 0.0000000000000000e+00 0.0000000000000000e+00 03101
 3.9304286900000000e+02 0.0000000000000000e+00 0.0000000000000000e+00 0.0000000000000000e+00 20201
 -2.6547935800000000e+03 0.0000000000000000e+00 0.0000000000000000e+00 0.0000000000000000e+00 11201
 -6.7520795899999996e+02 0.0000000000000000e+00 0.0000000000000000e+00 0.0000000000000000e+00 02201
 3.1537455800000000e+01 0.0000000000000000e+00 0.0000000000000000e+00 0.0000000000000000e+00 10301
 -6.6287274900000000e+01 0.0000000000000000e+00 0.0000000000000000e+00 0.0000000000000000e+00 01301
 1.1048366800000000e+01 0.0000000000000000e+00 0.0000000000000000e+00 0.0000000000000000e+00 00401
 5.3995273300000001e+01 0.0000000000000000e+00 0.0000000000000000e+00 0.0000000000000000e+00 30011
 1.9851422299999999e+01 0.0000000000000000e+00 0.0000000000000000e+00 0.0000000000000000e+00 21011
 6.9951277899999997e+00 0.0000000000000000e+00 0.0000000000000000e+00 0.0000000000000000e+00 12011
 2.0305896899999998e+00 0.0000000000000000e+00 0.0000000000000000e+00 0.0000000000000000e+00 03011
 -4.1475572199999999e+02 0.0000000000000000e+00 0.0000000000000000e+00 0.0000000000000000e+00 20111
 -2.4292429500000000e+02 0.0000000000000000e+00 0.0000000000000000e+00 0.0000000000000000e+00 11111
 -5.3283176900000001e+01 0.0000000000000000e+00 0.0000000000000000e+00 0.0000000000000000e+00 02111
 1.4085442600000000e+01 0.0000000000000000e+00 0.0000000000000000e+00 0.0000000000000000e+00 10211
 -7.1897002499999996e+00 0.0000000000000000e+00 0.0000000000000000e+00 0.0000000000000000e+00 01211
 4.6617528200000002e+01 0.0000000000000000e+00 0.0000000000000000e+00 0.0000000000000000e+00 00311
 3.2702350999999999e+02 0.0000000000000000e+00 0.0000000000000000e+00 0.0000000000000000e+00 30002
 -4.6760376399999998e+01 0.0000000000000000e+00 0.0000000000000000e+00 0.0000000000000000e+00 21002
 -1.3113077600000000e+01 0.0000000000000000e+00 0.0000000000000000e+00 0.0000000000000000e+00 12002
 -2.1460877500000000e+00 0.0000000000000000e+00 0.0000000000000000e+00 0.0000000000000000e+00 03002
 -4.0516263400000003e+02 0.0000000000000000e+00 0.0000000000000000e+00 0.0000000000000000e+00 20102
 -3.7832739400000001e+01 0.0000000000000000e+00 0.0000000000000000e+00 0.0000000000000000e+00 11102
 -3.2861643300000001e+00 0.0000000000000000e+00 0.0000000000000000e+00 0.0000000000000000e+00 02102
 -7.9775662299999999e+02 0.0000000000000000e+00 0.0000000000000000e+00 0.0000000000000000e+00 10202
 -1.0025346300000000e+02 0.0000000000000000e+00 0.0000000000000000e+00 0.0000000000000000e+00 01202
 -5.8149400000000000e+01 0.0000000000000000e+00 0.0000000000000000e+00 0.0000000000000000e+00 00302
 -4.9721882500000000e+01 0.0000000000000000e+00 0.0000000000000000e+00 0.0000000000000000e+00 20021
 -2.3494000000000000e+01 0.0000000000000000e+00 0.0000000000000000e+00 0.0000000000000000e+00 11021
 -4.6306529500000000e+00 0.0000000000000000e+00 0.0000000000000000e+00 0.0000000000000000e+00 02021
 -7.0125265800000003e+00 0.0000000000000000e+00 0.0000000000000000e+00 0.0000000000000000e+00 10121
 -1.6612841400000000e+00 0.0000000000000000e+00 0.0000000000000000e+00 0.0000000000000000e+00 01121
 8.9976115900000000e+00 0.0000000000000000e+00 0.0000000000000000e+00 0.0000000000000000e+00 00221
 -2.6915856399999999e+01 0.0000000000000000e+00 0.0000000000000000e+00 0.0000000000000000e+00 20012
 -2.9374057699999998e+00 0.0000000000000000e+00 0.0000000000000000e+00 0.0000000000000000e+00 11012
 -2.8169995599999997e-01 0.0000000000000000e+00 0.0000000000000000e+00 0.0000000000000000e+00 02012
 -4.4261380600000003e+01 0.0000000000000000e+00 0.0000000000000000e+00 0.0000000000000000e+00 10112
 -5.1887392600000002e+00 0.0000000000000000e+00 0.0000000000000000e+00 0.0000000000000000e+00 01112
 -2.3091301500000001e+00 0.0000000000000000e+00 0.0000000000000000e+00 0.0000000000000000e+00 00212
 1.2974281100000001e+01 0.0000000000000000e+00 0.0000000000000000e+00 0.0000000000000000e+00 20003
 1.2986379400000001e+00 0.0000000000000000e+00 0.0000000000000000e+00 0.0000000000000000e+00 11003
 1.7931982099999999e-01 0.0000000000000000e+00 0.0000000000000000e+00 0.0000000000000000e+00 02003
 3.5963604300000002e-01 0.0000000000000000e+00 0.0000000000000000e+00 0.0000000000000000e+00 10103
 -6.8600012500000002e-02 0.0000000000000000e+00 0.0000000000000000e+00 0.0000000000000000e+00 01103
 4.7989772600000002e-01 0.0000000000000000e+00 0.0000000000000000e+00 0.0000000000000000e+00 00203
 -1.5183764099999999e+00 0.0000000000000000e+00 0.0000000000000000e+00 0.0000000000000000e+00 10031
 -2.5950537600000001e-01 0.0000000000000000e+00 0.0000000000000000e+00 0.0000000000000000e+00 01031
 1.2137887100000000e+00 0.0000000000000000e+00 0.0000000000000000e+00 0.0000000000000000e+00 00131
 -3.8339448699999998e+00 0.0000000000000000e+00 0.0000000000000000e+00 0.0000000000000000e+00 10022
 -4.4880310099999998e-01 0.0000000000000000e+00 0.0000000000000000e+00 0.0000000000000000e+00 01022
 4.3274224600000001e-02 0.0000000000000000e+00 0.0000000000000000e+00 0.0000000000000000e+00 00122
 4.3379578000000002e-02 0.0000000000000000e+00 0.0000000000000000e+00 0.0000000000000000e+00 10013
 3.8101713399999999e-04 0.0000000000000000e+00 0.0000000000000000e+00 0.0000000000000000e+00 01013
 7.1732702300000006e-02 0.0000000000000000e+00 0.0000000000000000e+00 0.0000000000000000e+00 00113
 4.0493515200000002e-03 0.0000000000000000e+00 0.0000000000000000e+00 0.0000000000000000e+00 10004
 -7.0401424799999997e-04 0.0000000000000000e+00 0.0000000000000000e+00 0.0000000000000000e+00 01004
 4.1771769200000001e-03 0.0000000000000000e+00 0.0000000000000000e+00 0.0000000000000000e+00 00104
 2.6521246799999998e-01 0.0000000000000000e+00 0.0000000000000000e+00 0.0000000000000000e+00 00041
 3.4293861799999999e-02 0.0000000000000000e+00 0.0000000000000000e+00 0.0000000000000000e+00 00032
 2.7421903000000001e-02 0.0000000000000000e+00 0.0000000000000000e+00 0.0000000000000000e+00 00023
 3.8234677400000002e-03 0.0000000000000000e+00 0.0000000000000000e+00 0.0000000000000000e+00 00014
 1.4659581000000001e-03 0.0000000000000000e+00 0.0000000000000000e+00 0.0000000000000000e+00 00005
 -2.2197897499999999e+02 0.0000000000000000e+00 0.0000000000000000e+00 0.0000000000000000e+00 50001
 2.0814843300000002e+03 0.0000000000000000e+00 0.0000000000000000e+00 0.0000000000000000e+00 41001
 -4.3056093600000003e+02 0.0000000000000000e+00 0.0000000000000000e+00 0.0000000000000000e+00 32001
 -2.1805028799999999e+02 0.0000000000000000e+00 0.0000000000000000e+00 0.0000000000000000e+00 23001
 -5.5584450099999998e+01 0.0000000000000000e+00 0.0000000000000000e+00 0.0000000000000000e+00 14001
 -1.1364256800000000e+01 0.0000000000000000e+00 0.0000000000000000e+00 0.0000000000000000e+00 05001
 1.0843246300000000e+02 0.0000000000000000e+00 0.0000000000000000e+00 0.0000000000000000e+00 40101
 -9.3186493399999995e+02 0.0000000000000000e+00 0.0000000000000000e+00 0.0000000000000000e+00 31101
 -1.9297715800000000e+02 0.0000000000000000e+00 0.0000000000000000e+00 0.0000000000000000e+00 22101
 -2.8647338300000001e+01 0.0000000000000000e+00 0.0000000000000000e+00 0.0000000000000000e+00 13101
 -3.4101753399999999e+00 0.0000000000000000e+00 0.0000000000000000e+00 0.0000000000000000e+00 04101
 6.1327849800000003e+01 0.0000000000000000e+00 0.0000000000000000e+00 0.0000000000000000e+00 30201
 -4.3628918599999999e+01 0.0000000000000000e+00 0.0000000000000000e+00 0.0000000000000000e+00 21201
 -4.7152181900000002e+01 0.0000000000000000e+00 0.0000000000000000e+00 0.0000000000000000e+00 12201
 -1.4919883000000000e+01 0.0000000000000000e+00 0.0000000000000000e+00 0.0000000000000000e+00 03201
 5.8831090099999997e+01 0.0000000000000000e+00 0.0000000000000000e+00 0.0000000000000000e+00 20301
 -3.6337865000000001e+01 0.0000000000000000e+00 0.0000000000000000e+00 0.0000000000000000e+00 11301
 -8.0151232799999992e+00 0.0000000000000000e+00 0.0000000000000000e+00 0.0000000000000000e+00 02301
 -1.0494428700000000e+02 0.0000000000000000e+00 0.0000000000000000e+00 0.0000000000000000e+00 10401
 3.4771335299999997e+01 0.0000000000000000e+00 0.0000000000000000e+00 0.0000000000000000e+00 01401
 -1.2228812499999999e+02 0.0000000000000000e+00 0.0000000000000000e+00 0.0000000000000000e+00 00501
 -7.7545342300000002e+01 0.0000000000000000e+00 0.0000000000000000e+00 0.0000000000000000e+00 40011
 -6.4131444900000005e+01 0.0000000000000000e+00 0.0000000000000000e+00 0.0000000000000000e+00 31011
 -1.3985750500000000e+01 0.0000000000000000e+00 0.0000000000000000e+00 0.0000000000000000e+00 22011
 -2.3365408200000002e+00 0.0000000000000000e+00 0.0000000000000000e+00 0.0000000000000000e+00 13011
 -3.4059649100000000e-01 0.0000000000000000e+00 0.0000000000000000e+00 0.0000000000000000e+00 04011
 2.9339419400000001e+01 0.0000000000000000e+00 0.0000000000000000e+00 0.0000000000000000e+00 30111
 4.8114933100000002e+01 0.0000000000000000e+00 0.0000000000000000e+00 0.0000000000000000e+00 21111
 9.5017492400000005e+00 0.0000000000000000e+00 0.0000000000000000e+00 0.0000000000000000e+00 12111
 1.3883754100000001e+00 0.0000000000000000e+00 0.0000000000000000e+00 0.0000000000000000e+00 03111
 5.2479251499999997e+01 0.0000000000000000e+00 0.0000000000000000e+00 0.0000000000000000e+00 20211
 3.8005874199999998e+00 0.0000000000000000e+00 0.0000000000000000e+00 0.0000000000000000e+00 11211
 2.3455513600000000e-01 0.0000000000000000e+00 0.0000000000000000e+00 0.0000000000000000e+00 02211
 3.9580808500000003e+01 0.0000000000000000e+00 0.0000000000000000e+00 0.0000000000000000e+00 10311
 1.5256354200000001e+01 0.0000000000000000e+00 0.0000000000000000e+00 0.0000000000000000e+00 01311
 -7.2808032699999998e+00 0.0000000000000000e+00 0.0000000000000000e+00 0.0000000000000000e+00 00411
 -5.9749734599999999e+02 0.0000000000000000e+00 0.0000000000000000e+00 0.0000000000000000e+00 40002
 -1.0272174900000000e+02 0.0000000000000000e+00 0.0000000000000000e+00 0.0000000000000000e+00 31002
 -1.5368110700000001e+01 0.0000000000000000e+00 0.0000000000000000e+00 0.0000000000000000e+00 22002
 -2.1720831600000001e+00 0.0000000000000000e+00 0.0000000000000000e+00 0.0000000000000000e+00 13002
 -2.7460926400000002e-01 0.0000000000000000e+00 0.0000000000000000e+00 0.0000000000000000e+00 04002
 1.0683798299999999e+02 0.0000000000000000e+00 0.0000000000000000e+00 0.0000000000000000e+00 30102
 1.2376615800000000e+01 0.0000000000000000e+00 0.0000000000000000e+00 0.0000000000000000e+00 21102
 1.4653033000000000e+00 0.0000000000000000e+00 0.0000000000000000e+00 0.0000000000000000e+00 12102
 1.8539329299999999e-01 0.0000000000000000e+00 0.0000000000000000e+00 0.0000000000000000e+00 03102
 1.1888713100000000e+01 0.0000000000000000e+00 0.0000000000000000e+00 0.0000000000000000e+00 20202
 -2.5566998800000000e+00 0.0000000000000000e+00 0.0000000000000000e+00 0.0000000000000000e+00 11202
 -8.6380901700000001e-01 0.0000000000000000e+00 0.0000000000000000e+00 0.0000000000000000e+00 02202
 1.8804701399999999e+01 0.0000000000000000e+00 0.0000000000000000e+00 0.0000000000000000e+00 10302
 2.4966757999999998e+00 0.0000000000000000e+00 0.0000000000000000e+00 0.0000000000000000e+00 01302
 -3.9308849700000001e+00 0.0000000000000000e+00 0.0000000000000000e+00 0.0000000000000000e+00 00402
 1.2703465100000001e+01 0.0000000000000000e+00 0.0000000000000000e+00 0.0000000000000000e+00 30021
 7.9618751600000000e+00 0.0000000000000000e+00 0.0000000000000000e+00 0.0000000000000000e+00 21021
 1.6098250700000001e+00 0.0000000000000000e+00 0.0000000000000000e+00 0.0000000000000000e+00 12021
 2.5756567499999999e-01 0.0000000000000000e+00 0.0000000000000000e+00 0.0000000000000000e+00 03021
 5.9357450700000003e+00 0.0000000000000000e+00 0.0000000000000000e+00 0.0000000000000000e+00 20121
 6.7934845300000002e-01 0.0000000000000000e+00 0.0000000000000000e+00 0.0000000000000000e+00 11121
 7.5755015100000003e-02 0.0000000000000000e+00 0.0000000000000000e+00 0.0000000000000000e+00 02121
 7.3629458100000003e+00 0.0000000000000000e+00 0.0000000000000000e+00 0.0000000000000000e+00 10221
 2.3008013500000000e+00 0.0000000000000000e+00 0.0000000000000000e+00 0.0000000000000000e+00 01221
 -1.1838300700000000e-01 0.0000000000000000e+00 0.0000000000000000e+00 0.0000000000000000e+00 00321
 1.4425814500000000e+01 0.0000000000000000e+00 0.0000000000000000e+00 0.0000000000000000e+00 30012
 1.5265816299999999e+00 0.0000000000000000e+00 0.0000000000000000e+00 0.0000000000000000e+00 21012
 1.6302881699999999e-01 0.0000000000000000e+00 0.0000000000000000e+00 0.0000000000000000e+00 12012
 1.7168950900000000e-02 0.0000000000000000e+00 0.0000000000000000e+00 0.0000000000000000e+00 03012
 1.5074373400000001e+01 0.0000000000000000e+00 0.0000000000000000e+00 0.0000000000000000e+00 20112
 1.6070658300000000e+00 0.0000000000000000e+00 0.0000000000000000e+00 0.0000000000000000e+00 11112
 1.6646502299999999e-01 0.0000000000000000e+00 0.0000000000000000e+00 0.0000000000000000e+00 02112
 2.2880329700000002e+00 0.0000000000000000e+00 0.0000000000000000e+00 0.0000000000000000e+00 10212
 2.6541344900000002e-01 0.0000000000000000e+00 0.0000000000000000e+00 0.0000000000000000e+00 01212
 3.2668393000000000e+00 0.0000000000000000e+00 0.0000000000000000e+00 0.0000000000000000e+00 00312
 -1.4469480500000000e+00 0.0000000000000000e+00 0.0000000000000000e+00 0.0000000000000000e+00 30003
 -3.0155182100000000e-01 0.0000000000000000e+00 0.0000000000000000e+00 0.0000000000000000e+00 21003
 -9.7940595800000002e-02 0.0000000000000000e+00 0.0000000000000000e+00 0.0000000000000000e+00 12003
 -2.1887463300000000e-02 0.0000000000000000e+00 0.0000000000000000e+00 0.0000000000000000e+00 03003
 2.1373127700000000e-01 0.0000000000000000e+00 0.0000000000000000e+00 0.0000000000000000e+00 20103
 -4.2487175700000003e-03 0.0000000000000000e+00 0.0000000000000000e+00 0.0000000000000000e+00 11103
 -2.6398123599999999e-03 0.0000000000000000e+00 0.0000000000000000e+00 0.0000000000000000e+00 02103
 -3.9033618199999998e-01 0.0000000000000000e+00 0.0000000000000000e+00 0.0000000000000000e+00 10203
 -2.2056344900000000e-02 0.0000000000000000e+00 0.0000000000000000e+00 0.0000000000000000e+00 01203
 -2.5206106999999998e-02 0.0000000000000000e+00 0.0000000000000000e+00 0.0000000000000000e+00 00303
 8.3539572600000001e-01 0.0000000000000000e+00 0.0000000000000000e+00 0.0000000000000000e+00 20031
 1.0108242400000000e-01 0.0000000000000000e+00 0.0000000000000000e+00 0.0000000000000000e+00 11031
 1.1382651500000000e-02 0.0000000000000000e+00 0.0000000000000000e+00 0.0000000000000000e+00 02031
 9.6753924199999997e-01 0.0000000000000000e+00 0.0000000000000000e+00 0.0000000000000000e+00 10131
 2.8394057299999997e-01 0.0000000000000000e+00 0.0000000000000000e+00 0.0000000000000000e+00 01131
 7.0409468399999994e-02 0.0000000000000000e+00 0.0000000000000000e+00 0.0000000000000000e+00 00231
 1.9662115200000001e+00 0.0000000000000000e+00 0.0000000000000000e+00 0.0000000000000000e+00 20022
 2.1192966199999999e-01 0.0000000000000000e+00 0.0000000000000000e+00 0.0000000000000000e+00 11022
 2.2229702000000000e-02 0.0000000000000000e+00 0.0000000000000000e+00 0.0000000000000000e+00 02022
 1.9217672799999999e-01 0.0000000000000000e+00 0.0000000000000000e+00 0.0000000000000000e+00 10122
 2.0842935900000002e-02 0.0000000000000000e+00 0.0000000000000000e+00 0.0000000000000000e+00 01122
 4.0919772199999999e-01 0.0000000000000000e+00 0.0000000000000000e+00 0.0000000000000000e+00 00222
 1.1620879799999999e-02 0.0000000000000000e+00 0.0000000000000000e+00 0.0000000000000000e+00 20013
 -8.6175197900000000e-04 0.0000000000000000e+00 0.0000000000000000e+00 0.0000000000000000e+00 11013
 -3.6803400800000002e-04 0.0000000000000000e+00 0.0000000000000000e+00 0.0000000000000000e+00 02013
 -3.0559588299999999e-02 0.0000000000000000e+00 0.0000000000000000e+00 0.0000000000000000e+00 10113
 7.9282077300000002e-04 0.0000000000000000e+00 0.0000000000000000e+00 0.0000000000000000e+00 01113
 -1.0358131200000000e-03 0.0000000000000000e+00 0.0000000000000000e+00 0.0000000000000000e+00 00213
 -3.1766529600000003e-02 0.0000000000000000e+00 0.0000000000000000e+00 0.0000000000000000e+00 20004
 -8.6869289399999997e-03 0.0000000000000000e+00 0.0000000000000000e+00 0.0000000000000000e+00 11004
 -1.3033663300000000e-03 0.0000000000000000e+00 0.0000000000000000e+00 0.0000000000000000e+00 02004
 -4.8593005899999998e-03 0.0000000000000000e+00 0.0000000000000000e+00 0.0000000000000000e+00 10104
 -1.8132267699999999e-04 0.0000000000000000e+00 0.0000000000000000e+00 0.0000000000000000e+00 01104
 -2.2531301500000000e-02 0.0000000000000000e+00 0.0000000000000000e+00 0.0000000000000000e+00 00204
 1.0273608300000001e-01 0.0000000000000000e+00 0.0000000000000000e+00 0.0000000000000000e+00 10041
 3.1679181700000003e-02 0.0000000000000000e+00 0.0000000000000000e+00 0.0000000000000000e+00 01041
 1.7740698900000001e-02 0.0000000000000000e+00 0.0000000000000000e+00 0.0000000000000000e+00 00141
 1.2813031600000000e-02 0.0000000000000000e+00 0.0000000000000000e+00 0.0000000000000000e+00 10032
 1.3430987299999999e-03 0.0000000000000000e+00 0.0000000000000000e+00 0.0000000000000000e+00 01032
 4.4265491599999998e-02 0.0000000000000000e+00 0.0000000000000000e+00 0.0000000000000000e+00 00132
 -5.0074566800000003e-03 0.0000000000000000e+00 0.0000000000000000e+00 0.0000000000000000e+00 10023
 -3.6226490100000000e-05 0.0000000000000000e+00 0.0000000000000000e+00 0.0000000000000000e+00 01023
 -1.0084677400000000e-04 0.0000000000000000e+00 0.0000000000000000e+00 0.0000000000000000e+00 00123
 -2.5991156500000000e-04 0.0000000000000000e+00 0.0000000000000000e+00 0.0000000000000000e+00 10014
 -8.6598892899999998e-06 0.0000000000000000e+00 0.0000000000000000e+00 0.0000000000000000e+00 01014
 1.2643326200000000e-04 0.0000000000000000e+00 0.0000000000000000e+00 0.0000000000000000e+00 00114
 -3.7640531699999999e-04 0.0000000000000000e+00 0.0000000000000000e+00 0.0000000000000000e+00 10005
 -4.9526213000000003e-05 0.0000000000000000e+00 0.0000000000000000e+00 0.0000000000000000e+00 01005
 5.0543502499999998e-05 0.0000000000000000e+00 0.0000000000000000e+00 0.0000000000000000e+00 00105
 3.1877867700000001e-03 0.0000000000000000e+00 0.0000000000000000e+00 0.0000000000000000e+00 00051
 4.7427681699999998e-03 0.0000000000000000e+00 0.0000000000000000e+00 0.0000000000000000e+00 00042
 1.0854985800000000e-05 0.0000000000000000e+00 0.0000000000000000e+00 0.0000000000000000e+00 00033
 9.0835490000000001e-05 0.0000000000000000e+00 0.0000000000000000e+00 0.0000000000000000e+00 00024
 3.1187906300000002e-06 0.0000000000000000e+00 0.0000000000000000e+00 0.0000000000000000e+00 00015
 2.3269827100000001e-06 0.0000000000000000e+00 0.0000000000000000e+00 0.0000000000000000e+00 00006
 --------------------------------------------
