! Candidate angular fit; delta and xtar-dependent terms retained from frozen seed.
 --------------------------------------------
 7.5209177970021659e-04 -6.5146507315556185e-05 5.4226217917219613e-04 0.0000000000000000e+00 00000
 3.2758942044047168e-01 1.5832913069497644e-02 -5.3520672506952955e-03 2.4527718100000001e-01 10000
 -2.9710186458926811e+00 -1.3347233073187925e-01 4.0319329320524858e-02 1.7923725400000001e-01 01000
 -5.0608272608055251e-03 -4.5430861506874837e-01 2.7181803129323845e-01 1.5762221900000001e-02 00100
 1.3146312754000622e-01 3.1677583757927438e-02 -2.3083867682552781e+00 -2.7748113599999999e-02 00010
 -2.9460378492878658e-01 -3.5295207664043392e-02 1.5251278106209498e-02 -3.1763193899999997e-01 20000
 1.9925524512035091e+00 1.9584792992307248e-01 -1.1574833366349672e-01 3.2294487900000002e+00 11000
 6.8288509264841428e+00 2.6632814749108824e-01 2.4528271227230553e-01 9.9624983800000000e-01 02000
 -4.2863033137169430e-02 1.4187862654728884e+00 -4.3676307144498333e-01 -6.9868989000000006e-02 10100
 6.5243905749020492e-01 8.9480756306353326e-01 2.5005003517560959e-01 -2.7273720299999998e-01 01100
 1.5049199490897378e-01 2.8232402292394061e-02 1.9884008441715985e-02 -1.7795864400000000e-02 00200
 -1.6015998206777557e-01 -1.9493561586020174e+01 5.2248233141657465e+00 -1.7964206399999999e-01 10010
 1.2684627062952430e-01 -2.0281715999843549e+01 3.1007397180144896e+00 5.1434082800000001e+00 01010
 -2.4356648413286194e-01 -3.8767146614827480e-01 6.0336086956463149e-02 4.5628469799999999e-01 00110
 -1.9943523098977365e+00 9.6535423530298303e-01 5.3388473145590365e-01 -6.4079203600000003e+00 00020
 1.5746488313312617e+00 8.3676380947346668e-02 -4.3223867215790891e-02 9.3683431900000003e-01 30000
 -3.2811863642848479e+01 4.6964028825076504e-01 -2.7020111134359925e-01 -1.3540589900000001e+01 21000
 2.3798341556209036e+02 -1.6769222551806710e+01 8.9373796892353408e+00 5.1879764199999997e+01 12000
 -6.4157816050246993e+02 7.8034472017195952e+01 -3.9666237059758885e+01 -2.0498985000000001e+01 03000
 2.5290666516961582e+00 -4.6716752024175747e+00 1.4673390818121215e+00 -3.1254219399999998e-02 20100
 -2.5812564138545934e+01 5.1741656105622191e+01 -1.4721187678936756e+01 2.8400841199999999e-01 11100
 3.4620401256549890e+01 -1.2656465780062533e+02 3.3325093234643703e+01 3.9556433100000001e+00 02100
 -1.4757876913093910e+00 3.4082250846168214e+00 -1.0633615910430236e+00 9.5431561099999995e-01 10200
 -2.8981422605426854e-01 -2.8643839142910171e+01 6.7689514745854895e+00 -7.0688381700000003e+00 01200
 1.0747838821652453e+00 -5.1410272554374856e+00 4.5367739201909734e+00 -3.5820566700000001e-01 00300
 -5.8495808138692107e+00 6.1457614661704156e+01 -1.9470280444787523e+01 -2.7448817499999998e+00 20010
 7.7419014594254008e+01 -6.9475393585225936e+02 1.9750101211508709e+02 1.0681983600000001e+01 11010
 -1.5017225549080916e+02 1.7764350568929483e+03 -4.2730081378962939e+02 -4.6776265000000002e+01 02010
 -9.8036682260636834e+00 -5.5826124019183681e+01 1.6923172893266951e+01 4.3468718099999998e-01 10110
 2.1879904321835537e+02 4.3714763943036252e+02 -1.0142654753624268e+02 2.5692412099999999e+01 01110
 -9.7914870048018798e+00 1.1195002517213514e+02 -6.3143896102313846e+01 -3.1559352000000001e+00 00210
 2.2961038663274780e+02 4.7983208982599152e+01 -1.1034297999681590e+01 3.1907757499999999e+01 10020
 -1.9783237466587118e+03 -1.2040658057322494e+02 4.0404622928537490e+00 -4.6789810199999999e+02 01020
 2.9704330716698475e+01 -1.3453048984617310e+03 5.9909671060677579e+02 3.4179037000000001e+01 00120
 1.6075581575251471e+02 5.8994121791968118e+03 -2.0538182295717843e+03 -7.1508536199999995e+01 00030
 -7.4765132452983254e+00 6.2495110777392027e-01 -4.7776269244204345e-01 -2.3027877499999998e+00 40000
 1.6685231189957585e+02 -2.4079733657637146e+01 1.5535263525027746e+01 5.8024830899999998e+01 31000
 -1.2765085162357514e+03 2.8901926052659763e+02 -1.7650341360153939e+02 -4.9156237399999998e+02 22000
 3.6137485909856746e+03 -1.3714152473424163e+03 8.3516429878837687e+02 1.7182972100000000e+03 13000
 -1.8224913185656646e+03 2.1239764748595690e+03 -1.4645072402936464e+03 -1.9501040300000000e+03 04000
 -3.0748465458071323e+01 9.2004041018255585e+00 -2.1888725040838377e+00 -1.4621283800000000e+00 30100
 5.4047312918307398e+02 -1.1097827687447470e+02 3.2487179019050636e+01 4.7295753499999996e+01 21100
 -3.2591194586619727e+03 1.6954515967556006e+02 -6.2381283564761063e+01 -4.3237295599999999e+02 12100
 7.1868404305656950e+03 8.9232293722805582e+02 -2.9542901436257779e+02 1.3233994800000000e+03 03100
 1.0772456625468330e+01 -1.6250878243798645e+01 5.7328292102653711e-01 -1.0047251200000000e+00 20200
 -1.0747483955025230e+02 1.2989379617067468e+02 5.0950374966357321e+00 1.6743462399999999e+01 11200
 3.8141636555909031e+02 1.0643628157947414e+02 -2.2128908534846980e+02 -6.7273158699999996e+01 02200
 -3.5469818842030882e+01 2.3830250416020178e+01 -7.6800011128735797e+00 4.9815545700000001e+00 10300
 1.8977441581426203e+02 4.3117100220788110e+01 -1.5050813837074483e+02 -3.7436718100000000e+01 01300
 4.9308410521568398e+00 2.1483043050367638e+00 4.1428334787280219e-01 3.8352631700000002e+00 00400
 1.5628418611900165e+02 -1.5420380502826302e+02 3.6760693002727812e+01 2.0406354700000001e+01 30010
 -2.0919386479313666e+03 2.1637173677947130e+03 -5.9564005383228005e+02 -5.2187064599999997e+02 21010
 8.9653487126171167e+03 -7.3934160282450666e+03 2.4607818051034187e+03 4.0218560800000000e+03 12010
 -1.8197640081283142e+04 5.1140761217902985e+02 -1.3448530074405469e+03 -1.1081659400000000e+04 03010
 -2.1062648689356774e+02 4.8073878525695511e+02 -8.0333051191668801e+01 -2.6109065900000001e+01 20110
 1.6544179677553086e+03 -4.1792424097268586e+03 5.0644802135029408e+02 3.4366059500000000e+02 11110
 -5.4003780259426167e+03 1.0374934820716783e+03 2.2908159062336499e+03 -9.7405222100000003e+02 02110
 5.3309073019329810e+02 -8.0712730344323143e+02 3.6335881083845601e+02 -3.6510193000000001e+01 10210
 -2.6117380922075804e+03 1.2935848914660737e+03 8.1232797634952965e+02 2.9243684000000002e+02 01210
 -5.1695943729472681e+01 -2.0435710237148785e+02 3.0641218198050757e+02 -8.4939199799999997e+01 00310
 5.0708215185856614e+02 -2.1345368925858675e+03 5.4649395952281156e+02 4.0636932100000001e+02 20020
 -1.6063338795772127e+03 1.5335383461634430e+04 -3.8370788003194111e+03 -4.5869649099999997e+03 11020
 1.4249236448711716e+04 1.9662350143387655e+04 -7.5638159602972728e+03 9.3584628599999996e+03 02020
 -2.9209350164379139e+03 5.5832371387472340e+03 -8.4090601777865595e+02 6.0264629700000000e+01 10120
 1.2209939203974875e+04 -1.3065519789090820e+04 -4.2339795207838995e+02 -6.9720597099999998e+02 01120
 -1.5283217918131623e+02 -6.6932633285630743e+02 -2.1459571427549504e+03 7.2697501299999999e+02 00220
 3.1456450804553137e+03 -2.5940324663605687e+04 4.4263275939703044e+03 5.3606629499999997e+02 10030
 7.1820141772438001e+03 7.2425375537723186e+04 3.6142287507064379e+03 -2.3364836399999999e+03 01030
 -6.9418734078894522e+03 1.8635971482992780e+04 -7.7097943843886117e+02 -1.6674671400000000e+03 00130
 5.1254873897674202e+04 -6.5287241601110036e+04 2.1069788936313431e+04 3.9121164899999999e+03 00040
 1.2805962850522651e+01 -5.3546116886243960e+00 2.7131501899139594e+00 4.9678190300000002e+00 50000
 -6.3878892250619202e+01 1.5213667097770295e+02 -7.1424547690788927e+01 -2.1463550799999999e+02 41000
 -4.2039069343070623e+03 -1.6135525910990127e+03 6.9252195451964917e+02 3.4385126599999999e+03 32000
 6.3400337652667811e+04 6.4925838576232600e+03 -2.1761036608493487e+03 -2.7888407800000001e+04 23000
 -3.3983179957963701e+05 2.0914757010578739e+02 -5.5363258837362773e+03 1.1885052899999999e+05 14000
 6.5351483957421698e+05 -4.9482734247986686e+04 3.5649811505231926e+04 -2.0979779999999999e+05 05000
 9.8443030593903771e+01 -1.5723111659994416e+01 -1.8861519291696420e+00 3.0790796100000000e+00 40100
 -1.7670162930560691e+03 2.5556851319144920e+02 9.0895607401543932e-01 -7.1757031799999993e+01 31100
 7.4265346340232636e+03 -1.8630478118965877e+02 2.3211849786301835e+02 1.7523077900000001e+02 22100
 1.4674797842008198e+04 -9.9972068710478270e+03 -2.1413532446434933e+03 3.6607079199999998e+03 13100
 -8.4713769784222095e+04 3.5110642714003938e+04 4.9567991346466069e+03 -1.8679771700000001e+04 04100
 -6.2845285701181687e+01 3.3314720689881312e+01 9.5177699842442465e+00 -9.8292970799999999e+00 30200
 1.2463197992863568e+03 -4.2292544077312721e+02 2.5404047962882085e+01 2.2322339500000001e+02 21200
 -8.4108164421964120e+03 6.3258019506166841e+02 -2.0471022072244143e+03 -1.9345593400000000e+03 12200
 2.2419841162650420e+04 4.0630550338432204e+02 1.2163715319544410e+04 6.2959604900000004e+03 03200
 2.0093529453185332e+02 -7.9092823063992469e+01 -1.3719678400169519e+01 7.5324127100000000e+00 20300
 -1.7316493500001970e+03 1.5592284108483250e+02 1.4542905713851258e+02 -1.7311873199999999e+02 11300
 2.9696975727028303e+03 -1.4464792283382644e+03 3.5507637555058291e+03 1.0774482200000000e+03 02300
 9.5975907052505192e+01 4.4565064643690036e+01 5.1507686926249917e+01 -1.1124031400000001e+00 10400
 -9.5959575603503436e+02 -3.4407254997489071e+02 1.6908561086941361e+02 -1.0768688200000000e+02 01400
 2.2839012602467097e+01 5.5894267128365222e+01 -1.0067136836870534e+02 -1.3675491200000001e+00 00500
 -1.3863742846818275e+03 2.7863442387822863e+02 1.7231266528672702e+01 -4.8581986499999999e+01 40010
 2.7955542412952589e+04 -3.7829661266010867e+03 -5.2258143650275440e+02 1.9529719100000000e+03 31010
 -1.8345337265321775e+05 -5.6344313951886024e+03 9.2856416807327605e+03 -2.0776508900000001e+04 22010
 3.6506078839308670e+05 2.3199062848169851e+05 -6.0763005717389133e+04 7.9440774900000004e+04 13010
 1.4954692556974880e+05 -7.6427806508788455e+05 1.1167957731338691e+05 -7.1841567599999995e+04 04010
 2.4417444996968998e+03 -1.8223302847556756e+03 -1.1147539938032018e+02 6.3779292800000000e+01 30110
 -4.5459158486221575e+04 2.7424522766615155e+04 5.2203046190063969e+02 -1.7658266000000001e+03 21110
 2.9765179899263714e+05 -1.0681434819691145e+05 8.1869982439003434e+03 1.1961652899999999e+04 12110
 -7.2225683262479468e+05 1.3376761657253274e+05 -8.6404353942173824e+04 -3.6062570899999999e+04 03110
 -3.3311161183258582e+03 3.2845519013803000e+03 1.2996674265445606e+03 -8.6987571199999998e+00 20210
 1.5425179557198717e+04 -2.2543370022578078e+04 -2.3053529801182882e+04 1.6077307200000000e+03 11210
 3.7825302485365079e+04 9.4984680297054219e+04 -4.2753510711420877e+03 -1.1675984399999999e+04 02210
 5.5898713120691843e+02 4.2587681198023989e+02 -2.7109848612931996e+03 1.6598224700000000e+02 10310
 9.9097884730667863e+02 1.1223526556077684e+04 -8.2322331089854251e+03 9.4686973100000000e+02 01310
 -1.4056535681589089e+03 1.5261062506179965e+03 2.7951124892078910e+03 1.6439557600000001e+02 00410
 -1.7982833620640431e+04 1.3561968997815233e+04 -5.5335558692138727e+02 -2.4076491099999998e+03 30020
 3.3715103777489421e+05 -1.9102923965659767e+05 7.1504699130171366e+03 5.5520991600000001e+04 21020
 -2.3054749598911293e+06 6.6067379068888538e+05 -2.2646048962643676e+04 -4.1814969699999999e+05 12020
 5.8991090017598700e+06 -7.2911780943474954e+05 1.3350058431257319e+05 1.1185970900000001e+06 03020
 2.8648436253144460e+04 -3.4721342365232740e+04 -1.2869067285136600e+04 3.3250162999999998e+02 20120
 -1.6512547857987898e+05 2.5940950249746637e+05 2.3338344944622769e+05 -1.4254245100000000e+04 11120
 -1.6084790670572431e+05 -8.2376914383359486e+05 -2.9703516291674675e+05 5.2657758800000003e+04 02120
 -4.1391046932214209e+04 -3.0149035895630284e+04 5.3141804234375908e+04 -3.9989584300000001e+03 10220
 2.2869792177667565e+05 -3.7338741536917216e+04 2.6767889318455440e+04 2.5102144300000000e+04 01220
 2.9854290255575430e+04 1.3455368577621899e+04 -6.7376062630393004e+04 9.0266857599999994e+01 00320
 -1.0551177893292319e+05 6.7124733445015896e+04 8.3563178156310634e+04 -9.3089900000000000e+02 20030
 6.6906262324642390e+05 -1.0166466760225960e+06 -4.6070985421813320e+05 3.9788767800000001e+04 11030
 5.5970433900019038e+05 3.6411271314364620e+06 3.3179945781289588e+05 -1.1875274700000000e+05 02030
 2.9544571751039894e+05 2.8011271000426303e+05 -3.1341586970724433e+05 2.9493169800000000e+04 10130
 -1.7757156163550564e+06 -4.6904525150379993e+05 2.2276496279614500e+05 -2.5987719800000000e+05 01130
 -2.9705699729171721e+05 -5.1196385315355018e+05 7.0139884441755828e+05 1.1004152400000000e+03 00230
 -6.6850320220337610e+05 -6.9865804583749629e+05 4.5132805969069246e+05 -1.3196676600000001e+04 10040
 4.0554507994913729e+06 1.0693941944655965e+06 -6.1222886067530629e+05 3.0309427799999999e+05 01040
 1.5488547558966216e+06 2.8671616719833454e+06 -2.7576896287209652e+06 -1.7333469400000002e+04 00140
 -3.9144207323920736e+06 -5.5220107781629348e+06 3.8253760115015162e+06 3.0963153100000000e+04 00050
 5.3817469838273713e-01 1.3189880304437439e+01 -2.6812011386653944e+00 0.0000000000000000e+00 60000
 -7.6699016292240367e+02 -4.5981545384663229e+02 4.3806337160127192e+01 0.0000000000000000e+00 51000
 2.2734353188377201e+04 7.1163343347024838e+03 1.1034933998355933e+02 0.0000000000000000e+00 42000
 -2.5178089561986073e+05 -6.1141805224495329e+04 -6.7376015543356334e+03 0.0000000000000000e+00 33000
 1.2129863669635514e+06 3.1757570079560933e+05 4.7562198223308122e+04 0.0000000000000000e+00 24000
 -2.0179529302578638e+06 -1.0553810757487845e+06 -7.6851187277824210e+04 0.0000000000000000e+00 15000
 -7.7142666332802258e+05 1.8469982877311807e+06 -1.5275031769414962e+05 0.0000000000000000e+00 06000
 -7.9383825398169080e+01 7.0889040362108418e+00 9.5656024134094739e+00 0.0000000000000000e+00 50100
 1.2131140686521996e+03 -3.1751482744316337e+02 -2.2276553833631974e+02 0.0000000000000000e+00 41100
 -2.4887900731403879e+03 3.9840520194128908e+03 3.3500068923363378e+03 0.0000000000000000e+00 32100
 1.3601921330615358e+04 -3.6911838380229325e+04 -3.6412562626575032e+04 0.0000000000000000e+00 23100
 -3.6938674450305558e+05 2.5163366731422651e+05 1.9492289361300855e+05 0.0000000000000000e+00 14100
 9.5819994160302123e+05 -6.8962719807438168e+05 -3.2276103963529936e+05 0.0000000000000000e+00 05100
 7.2908876372036559e+01 -4.6781811516329810e+01 -4.0863184819194402e+01 0.0000000000000000e+00 40200
 -1.3512663869987348e+03 1.3858774706703844e+03 8.8745654356407351e+02 0.0000000000000000e+00 31200
 7.1270182866152227e+03 -1.5661020419848559e+04 -1.1059706240524672e+04 0.0000000000000000e+00 22200
 -5.7216731406931385e+03 9.7160210444320124e+04 9.1639996510383193e+04 0.0000000000000000e+00 13200
 -1.2071464585017713e+05 -2.1698535124552905e+05 -2.9935385066582740e+05 0.0000000000000000e+00 04200
 -3.0485310290983080e+02 1.4203725088033516e+02 4.9460911171080909e+01 0.0000000000000000e+00 30300
 3.1687819449867952e+03 -4.5555586242920612e+02 -7.6080268092316953e+02 0.0000000000000000e+00 21300
 -7.8419679991426174e+03 -2.0241177737805222e+03 4.6046294466099052e+03 0.0000000000000000e+00 12300
 2.5114420271016857e+03 8.8011120122547418e+03 -4.9448262734719647e+04 0.0000000000000000e+00 03300
 -2.2768598407952086e+02 -1.4190492135065801e+02 -8.1030484577724607e+01 0.0000000000000000e+00 20400
 1.3983468553616281e+03 1.6077898997980328e+03 2.0191849826567733e+02 0.0000000000000000e+00 11400
 9.8033826062174448e+03 -2.7203019629316991e+03 -3.6458695726844685e+03 0.0000000000000000e+00 02400
 1.5080708312812114e+01 -2.4164247303419410e+02 2.3597571293268510e+02 0.0000000000000000e+00 10500
 -4.4874169194957159e+02 7.0751055221255945e+02 1.0367755422647076e+03 0.0000000000000000e+00 01500
 -1.7585140291341142e+02 -1.6177323695650841e+02 -3.1836007877957786e+02 0.0000000000000000e+00 00600
 3.1031055786816719e+03 -1.8035916345451565e+02 1.2688258115674866e+01 0.0000000000000000e+00 50010
 -7.6328804699116910e+04 1.4015826365573123e+03 -1.7852630825580436e+03 0.0000000000000000e+00 41010
 6.3614776692847803e+05 3.6849272641241310e+04 3.2987396581820249e+04 0.0000000000000000e+00 32010
 -2.3797329257245180e+06 -1.8896620671184288e+05 -1.7930849665398546e+05 0.0000000000000000e+00 23010
 5.6251929151286827e+06 -1.9437778284876484e+06 -7.2260804903745433e+04 0.0000000000000000e+00 14010
 -6.7239414488353860e+06 1.0313463896916009e+07 1.3866268648270748e+06 0.0000000000000000e+00 05010
 -5.8187259292569015e+03 3.5149183837843661e+03 3.0349663138964917e+02 0.0000000000000000e+00 40110
 1.4113850991377165e+05 -7.2308427038032518e+04 -2.5358303533422020e+02 0.0000000000000000e+00 31110
 -1.1559474795145022e+06 4.7282693376834091e+05 -2.1710991059837233e+04 0.0000000000000000e+00 22110
 3.7517208412555163e+06 -1.4353632575143944e+06 -1.3970323715563753e+05 0.0000000000000000e+00 13110
 -2.2170712020487227e+06 2.2702927171579334e+06 1.4838552237016936e+06 0.0000000000000000e+00 04110
 9.6802106543840473e+03 -6.3808689118857501e+03 -4.3267755496785840e+03 0.0000000000000000e+00 30210
 -1.4728572600536604e+05 6.6834200155835730e+04 6.2532415183216130e+04 0.0000000000000000e+00 21210
 9.9045607370105572e+05 -1.6267763747937337e+05 -1.2492566735154895e+05 0.0000000000000000e+00 12210
 -3.0084521767755174e+06 -4.5360574664631486e+05 7.3263360424600972e+05 0.0000000000000000e+00 03210
 -4.7781947572901054e+03 2.8712152797274798e+03 5.7212611679619667e+03 0.0000000000000000e+00 20310
 3.7926681617922179e+04 -5.1818635428281974e+04 -2.7927212789909139e+04 0.0000000000000000e+00 11310
 -2.4299081043131449e+05 2.4056455022944181e+04 2.0494221972010954e+05 0.0000000000000000e+00 02310
 7.4781480173584505e+03 -2.3018557280937125e+03 -1.3112282736336501e+04 0.0000000000000000e+00 10410
 -3.1754400943337816e+04 -1.8040440460590948e+04 2.5145580549523625e+03 0.0000000000000000e+00 01410
 7.9073843349875988e+03 3.0976307739223057e+03 1.4421727963401485e+04 0.0000000000000000e+00 00510
 4.5744588064637501e+04 -4.3231874133790036e+04 -9.6333379932258492e+02 0.0000000000000000e+00 40020
 -1.0292955311701918e+06 9.1452162142377219e+05 -3.0194243518217048e+04 0.0000000000000000e+00 31020
 7.1984205073205661e+06 -6.4887903007980688e+06 7.0953872210226499e+05 0.0000000000000000e+00 22020
 -1.4248009878951931e+07 1.9257886995709430e+07 -4.2689916801257385e+06 0.0000000000000000e+00 13020
 -1.8308436870255169e+07 -2.5488818239395753e+07 6.6136305398793370e+06 0.0000000000000000e+00 04020
 -8.2504749610225525e+04 8.3301604597870435e+04 7.6260768986458337e+04 0.0000000000000000e+00 30120
 1.4519048424279334e+06 -1.0390122046664986e+06 -1.3495486964777103e+06 0.0000000000000000e+00 21120
 -1.1519781869988313e+07 3.4157351963325250e+06 3.1656591527745598e+06 0.0000000000000000e+00 12120
 3.6574625546687305e+07 4.0372572340667504e+06 -2.3016469847408463e+06 0.0000000000000000e+00 03120
 1.4860166562468855e+05 5.6737305859226086e+04 -1.4579228667361039e+05 0.0000000000000000e+00 20220
 -7.8776938243277115e+05 3.4774458947179717e+05 4.0120848314374429e+05 0.0000000000000000e+00 11220
 -1.4341912221193727e+05 8.7919834920407773e+05 -2.4862087658719453e+06 0.0000000000000000e+00 02220
 -1.5715641707628753e+05 4.8653867912333902e+04 3.3836933800849412e+05 0.0000000000000000e+00 10320
 5.5427082691344398e+05 -4.4371719224771590e+05 -5.5516593315691105e+05 0.0000000000000000e+00 01320
 -6.3246454174684062e+04 4.4563476356359379e+03 -1.8360066346497013e+05 0.0000000000000000e+00 00420
 3.4437351355836511e+05 -1.0540512745254968e+05 -3.3748451562195970e+05 0.0000000000000000e+00 30030
 -6.4142589562280271e+06 -2.0028005176656989e+06 7.9487470210993756e+06 0.0000000000000000e+00 21030
 4.1727984956619635e+07 2.9263376645526022e+07 -2.3697759996419739e+07 0.0000000000000000e+00 12030
 -8.6390158497749433e+07 -1.1019898790375362e+08 -3.6305832747474703e+05 0.0000000000000000e+00 03030
 -1.2525581345296011e+06 -1.2264106396957953e+06 1.7274767407285499e+06 0.0000000000000000e+00 20130
 6.0644632359949453e+06 3.0077080598226469e+06 -5.4243313155975938e+06 0.0000000000000000e+00 11130
 1.5862829474397091e+07 -1.7565052227867302e+07 2.0613893771642443e+07 0.0000000000000000e+00 02130
 1.6480262482096511e+06 2.2248410296345730e+06 -4.5021772984770089e+06 0.0000000000000000e+00 10230
 -5.8820313829453653e+06 9.4762959690446761e+06 7.8989025265021715e+06 0.0000000000000000e+00 01230
 -3.7325975287172536e+05 -1.7224360339120107e+06 1.0791551436594385e+06 0.0000000000000000e+00 00330
 2.4911038372407504e+06 6.6770281409860561e+06 -7.0672169039840112e+06 0.0000000000000000e+00 20040
 -6.8453811987841772e+06 -4.3404046529854223e+07 3.2562539233102821e+07 0.0000000000000000e+00 11040
 -8.9362764373315111e+07 1.3821778360892963e+08 -1.0804119260348314e+08 0.0000000000000000e+00 02040
 -1.2538333515089137e+07 -3.1450986493449081e+07 2.5273301358534843e+07 0.0000000000000000e+00 10140
 7.0192548881729335e+07 -4.3520060030015483e+07 -3.4367928396407090e+07 0.0000000000000000e+00 01140
 9.9924663366595469e+05 3.0125111399726514e+07 -8.4351553996695559e+06 0.0000000000000000e+00 00240
 4.0782925617394142e+07 1.0278518556847125e+08 -4.0943428372723982e+07 0.0000000000000000e+00 10050
 -3.0098086080276620e+08 2.4663823445849091e+07 1.7626442057240629e+06 0.0000000000000000e+00 01050
 4.8796552839694791e+07 -1.7474349729192153e+08 6.1502263901539251e+07 0.0000000000000000e+00 00150
 -2.1732514017255706e+08 3.0465915524982327e+08 -1.5806475084970999e+08 0.0000000000000000e+00 00060
 1.1258424199999999e+00 0.0000000000000000e+00 0.0000000000000000e+00 7.6817769999999996e-01 00001
 -3.3092960599999999e+00 0.0000000000000000e+00 0.0000000000000000e+00 -1.2482495400000000e+00 10001
 9.5582156000000005e+00 0.0000000000000000e+00 0.0000000000000000e+00 7.1898036500000000e+00 01001
 -1.2807550800000000e+01 0.0000000000000000e+00 0.0000000000000000e+00 -1.7948002400000000e+00 00002
 3.1328287000000000e+01 0.0000000000000000e+00 0.0000000000000000e+00 4.3097902599999998e+00 20001
 -3.6635859399999998e+02 0.0000000000000000e+00 0.0000000000000000e+00 -4.7514103499999997e+01 11001
 1.2812726399999999e+03 0.0000000000000000e+00 0.0000000000000000e+00 1.2740499699999999e+02 02001
 8.4649294600000005e+00 0.0000000000000000e+00 0.0000000000000000e+00 1.5213236200000000e+00 00201
 -2.1218133200000000e+02 0.0000000000000000e+00 0.0000000000000000e+00 -4.4842024199999997e+01 00111
 8.6216804499999995e+01 0.0000000000000000e+00 0.0000000000000000e+00 1.3903586900000001e+01 10002
 -2.0237557699999999e+02 0.0000000000000000e+00 0.0000000000000000e+00 -7.5177002500000000e+01 01002
 1.2924057499999999e+03 0.0000000000000000e+00 0.0000000000000000e+00 3.3294530099999997e+02 00021
 1.5246574300000000e+02 4.1239841799999999e+02 -1.1855168000000000e+02 0.0000000000000000e+00 00012
 5.6814234300000003e+01 0.0000000000000000e+00 0.0000000000000000e+00 1.5595186500000001e+01 00003
 -1.1109064100000001e+02 0.0000000000000000e+00 0.0000000000000000e+00 -1.5717735800000000e+01 30001
 1.3012309000000000e+03 0.0000000000000000e+00 0.0000000000000000e+00 2.4992499500000000e+02 21001
 -3.3776413699999998e+03 0.0000000000000000e+00 0.0000000000000000e+00 -1.2056100300000001e+03 12001
 -1.0805725299999999e+03 0.0000000000000000e+00 0.0000000000000000e+00 1.6507063800000001e+03 03001
 -2.0675836699999999e+02 0.0000000000000000e+00 0.0000000000000000e+00 -8.6394541199999999e+00 10201
 1.2861228000000001e+03 0.0000000000000000e+00 0.0000000000000000e+00 5.1734533999999996e+01 01201
 4.5738898999999998e+02 0.0000000000000000e+00 0.0000000000000000e+00 2.4632876999999999e+02 10111
 3.1552100700000000e+02 0.0000000000000000e+00 0.0000000000000000e+00 -1.4688802499999999e+03 01111
 -2.8637608399999999e+00 0.0000000000000000e+00 0.0000000000000000e+00 -7.7696205800000001e+01 20002
 -2.8453250400000002e+02 0.0000000000000000e+00 0.0000000000000000e+00 8.0826721799999996e+02 11002
 -5.4968678599999997e+01 0.0000000000000000e+00 0.0000000000000000e+00 -1.8872739300000001e+03 02002
 -8.9490322900000001e+02 0.0000000000000000e+00 0.0000000000000000e+00 -1.3172162699999999e+01 00202
 -5.8186814800000001e+01 0.0000000000000000e+00 0.0000000000000000e+00 -1.7587238100000000e+03 10021
 2.8100110300000001e+01 0.0000000000000000e+00 0.0000000000000000e+00 1.0443614200000000e+04 01021
 2.4986902400000002e+01 0.0000000000000000e+00 0.0000000000000000e+00 3.7717688900000002e+02 00112
 -4.7104892700000001e+00 0.0000000000000000e+00 0.0000000000000000e+00 -1.7433297400000001e+02 10003
 -9.4935661400000004e-01 0.0000000000000000e+00 0.0000000000000000e+00 8.9351807699999995e+02 01003
 5.9109615599999996e+00 0.0000000000000000e+00 0.0000000000000000e+00 -2.7085707800000000e+03 00022
 1.0590745000000000e-01 0.0000000000000000e+00 0.0000000000000000e+00 -1.4915634900000001e+02 00004
 7.4420433400000000e-02 0.0000000000000000e+00 0.0000000000000000e+00 0.0000000000000000e+00 00101
 -9.3204445700000005e-01 0.0000000000000000e+00 0.0000000000000000e+00 0.0000000000000000e+00 00011
 2.8452158100000000e+00 0.0000000000000000e+00 0.0000000000000000e+00 0.0000000000000000e+00 10101
 -2.5439373000000000e+01 0.0000000000000000e+00 0.0000000000000000e+00 0.0000000000000000e+00 01101
 1.3705155500000000e+01 0.0000000000000000e+00 0.0000000000000000e+00 0.0000000000000000e+00 10011
 -7.2542508699999999e+01 0.0000000000000000e+00 0.0000000000000000e+00 0.0000000000000000e+00 01011
 1.1188551900000000e+01 0.0000000000000000e+00 0.0000000000000000e+00 0.0000000000000000e+00 00102
 -2.9857603999999998e+01 0.0000000000000000e+00 0.0000000000000000e+00 0.0000000000000000e+00 20101
 2.5760759400000001e+02 0.0000000000000000e+00 0.0000000000000000e+00 0.0000000000000000e+00 11101
 2.2280062200000000e+02 0.0000000000000000e+00 0.0000000000000000e+00 0.0000000000000000e+00 02101
 -5.7470399800000003e+00 0.0000000000000000e+00 0.0000000000000000e+00 0.0000000000000000e+00 00301
 -5.8377417100000002e+01 0.0000000000000000e+00 0.0000000000000000e+00 0.0000000000000000e+00 20011
 -7.5798640700000007e+01 0.0000000000000000e+00 0.0000000000000000e+00 0.0000000000000000e+00 11011
 -2.0030666900000000e+01 0.0000000000000000e+00 0.0000000000000000e+00 0.0000000000000000e+00 02011
 8.1569985000000003e+01 0.0000000000000000e+00 0.0000000000000000e+00 0.0000000000000000e+00 00211
 3.9907235700000001e+01 0.0000000000000000e+00 0.0000000000000000e+00 0.0000000000000000e+00 10102
 2.6133789799999999e+01 0.0000000000000000e+00 0.0000000000000000e+00 0.0000000000000000e+00 01102
 1.1102801200000000e+01 0.0000000000000000e+00 0.0000000000000000e+00 0.0000000000000000e+00 00121
 1.5806418400000000e+01 0.0000000000000000e+00 0.0000000000000000e+00 0.0000000000000000e+00 10012
 2.5233279000000000e+00 0.0000000000000000e+00 0.0000000000000000e+00 0.0000000000000000e+00 01012
 1.4961163900000001e+00 0.0000000000000000e+00 0.0000000000000000e+00 0.0000000000000000e+00 00103
 2.9442717200000001e+00 0.0000000000000000e+00 0.0000000000000000e+00 0.0000000000000000e+00 00031
 1.9644430600000001e-01 0.0000000000000000e+00 0.0000000000000000e+00 0.0000000000000000e+00 00013
 1.6957368000000000e+02 0.0000000000000000e+00 0.0000000000000000e+00 0.0000000000000000e+00 40001
 -1.1884030900000000e+03 0.0000000000000000e+00 0.0000000000000000e+00 0.0000000000000000e+00 31001
 -2.5640085899999999e+03 0.0000000000000000e+00 0.0000000000000000e+00 0.0000000000000000e+00 22001
 -7.9612626599999999e+02 0.0000000000000000e+00 0.0000000000000000e+00 0.0000000000000000e+00 13001
 -1.7013585599999999e+02 0.0000000000000000e+00 0.0000000000000000e+00 0.0000000000000000e+00 04001
 2.5273732400000000e+01 0.0000000000000000e+00 0.0000000000000000e+00 0.0000000000000000e+00 30101
 -3.0211779799999999e+02 0.0000000000000000e+00 0.0000000000000000e+00 0.0000000000000000e+00 21101
 1.0508874799999999e+01 0.0000000000000000e+00 0.0000000000000000e+00 0.0000000000000000e+00 12101
 1.7954560900000001e+01 0.0000000000000000e+00 0.0000000000000000e+00 0.0000000000000000e+00 03101
 3.9304286900000000e+02 0.0000000000000000e+00 0.0000000000000000e+00 0.0000000000000000e+00 20201
 -2.6547935800000000e+03 0.0000000000000000e+00 0.0000000000000000e+00 0.0000000000000000e+00 11201
 -6.7520795899999996e+02 0.0000000000000000e+00 0.0000000000000000e+00 0.0000000000000000e+00 02201
 3.1537455800000000e+01 0.0000000000000000e+00 0.0000000000000000e+00 0.0000000000000000e+00 10301
 -6.6287274900000000e+01 0.0000000000000000e+00 0.0000000000000000e+00 0.0000000000000000e+00 01301
 1.1048366800000000e+01 0.0000000000000000e+00 0.0000000000000000e+00 0.0000000000000000e+00 00401
 5.3995273300000001e+01 0.0000000000000000e+00 0.0000000000000000e+00 0.0000000000000000e+00 30011
 1.9851422299999999e+01 0.0000000000000000e+00 0.0000000000000000e+00 0.0000000000000000e+00 21011
 6.9951277899999997e+00 0.0000000000000000e+00 0.0000000000000000e+00 0.0000000000000000e+00 12011
 2.0305896899999998e+00 0.0000000000000000e+00 0.0000000000000000e+00 0.0000000000000000e+00 03011
 -4.1475572199999999e+02 0.0000000000000000e+00 0.0000000000000000e+00 0.0000000000000000e+00 20111
 -2.4292429500000000e+02 0.0000000000000000e+00 0.0000000000000000e+00 0.0000000000000000e+00 11111
 -5.3283176900000001e+01 0.0000000000000000e+00 0.0000000000000000e+00 0.0000000000000000e+00 02111
 1.4085442600000000e+01 0.0000000000000000e+00 0.0000000000000000e+00 0.0000000000000000e+00 10211
 -7.1897002499999996e+00 0.0000000000000000e+00 0.0000000000000000e+00 0.0000000000000000e+00 01211
 4.6617528200000002e+01 0.0000000000000000e+00 0.0000000000000000e+00 0.0000000000000000e+00 00311
 3.2702350999999999e+02 0.0000000000000000e+00 0.0000000000000000e+00 0.0000000000000000e+00 30002
 -4.6760376399999998e+01 0.0000000000000000e+00 0.0000000000000000e+00 0.0000000000000000e+00 21002
 -1.3113077600000000e+01 0.0000000000000000e+00 0.0000000000000000e+00 0.0000000000000000e+00 12002
 -2.1460877500000000e+00 0.0000000000000000e+00 0.0000000000000000e+00 0.0000000000000000e+00 03002
 -4.0516263400000003e+02 0.0000000000000000e+00 0.0000000000000000e+00 0.0000000000000000e+00 20102
 -3.7832739400000001e+01 0.0000000000000000e+00 0.0000000000000000e+00 0.0000000000000000e+00 11102
 -3.2861643300000001e+00 0.0000000000000000e+00 0.0000000000000000e+00 0.0000000000000000e+00 02102
 -7.9775662299999999e+02 0.0000000000000000e+00 0.0000000000000000e+00 0.0000000000000000e+00 10202
 -1.0025346300000000e+02 0.0000000000000000e+00 0.0000000000000000e+00 0.0000000000000000e+00 01202
 -5.8149400000000000e+01 0.0000000000000000e+00 0.0000000000000000e+00 0.0000000000000000e+00 00302
 -4.9721882500000000e+01 0.0000000000000000e+00 0.0000000000000000e+00 0.0000000000000000e+00 20021
 -2.3494000000000000e+01 0.0000000000000000e+00 0.0000000000000000e+00 0.0000000000000000e+00 11021
 -4.6306529500000000e+00 0.0000000000000000e+00 0.0000000000000000e+00 0.0000000000000000e+00 02021
 -7.0125265800000003e+00 0.0000000000000000e+00 0.0000000000000000e+00 0.0000000000000000e+00 10121
 -1.6612841400000000e+00 0.0000000000000000e+00 0.0000000000000000e+00 0.0000000000000000e+00 01121
 8.9976115900000000e+00 0.0000000000000000e+00 0.0000000000000000e+00 0.0000000000000000e+00 00221
 -2.6915856399999999e+01 0.0000000000000000e+00 0.0000000000000000e+00 0.0000000000000000e+00 20012
 -2.9374057699999998e+00 0.0000000000000000e+00 0.0000000000000000e+00 0.0000000000000000e+00 11012
 -2.8169995599999997e-01 0.0000000000000000e+00 0.0000000000000000e+00 0.0000000000000000e+00 02012
 -4.4261380600000003e+01 0.0000000000000000e+00 0.0000000000000000e+00 0.0000000000000000e+00 10112
 -5.1887392600000002e+00 0.0000000000000000e+00 0.0000000000000000e+00 0.0000000000000000e+00 01112
 -2.3091301500000001e+00 0.0000000000000000e+00 0.0000000000000000e+00 0.0000000000000000e+00 00212
 1.2974281100000001e+01 0.0000000000000000e+00 0.0000000000000000e+00 0.0000000000000000e+00 20003
 1.2986379400000001e+00 0.0000000000000000e+00 0.0000000000000000e+00 0.0000000000000000e+00 11003
 1.7931982099999999e-01 0.0000000000000000e+00 0.0000000000000000e+00 0.0000000000000000e+00 02003
 3.5963604300000002e-01 0.0000000000000000e+00 0.0000000000000000e+00 0.0000000000000000e+00 10103
 -6.8600012500000002e-02 0.0000000000000000e+00 0.0000000000000000e+00 0.0000000000000000e+00 01103
 4.7989772600000002e-01 0.0000000000000000e+00 0.0000000000000000e+00 0.0000000000000000e+00 00203
 -1.5183764099999999e+00 0.0000000000000000e+00 0.0000000000000000e+00 0.0000000000000000e+00 10031
 -2.5950537600000001e-01 0.0000000000000000e+00 0.0000000000000000e+00 0.0000000000000000e+00 01031
 1.2137887100000000e+00 0.0000000000000000e+00 0.0000000000000000e+00 0.0000000000000000e+00 00131
 -3.8339448699999998e+00 0.0000000000000000e+00 0.0000000000000000e+00 0.0000000000000000e+00 10022
 -4.4880310099999998e-01 0.0000000000000000e+00 0.0000000000000000e+00 0.0000000000000000e+00 01022
 4.3274224600000001e-02 0.0000000000000000e+00 0.0000000000000000e+00 0.0000000000000000e+00 00122
 4.3379578000000002e-02 0.0000000000000000e+00 0.0000000000000000e+00 0.0000000000000000e+00 10013
 3.8101713399999999e-04 0.0000000000000000e+00 0.0000000000000000e+00 0.0000000000000000e+00 01013
 7.1732702300000006e-02 0.0000000000000000e+00 0.0000000000000000e+00 0.0000000000000000e+00 00113
 4.0493515200000002e-03 0.0000000000000000e+00 0.0000000000000000e+00 0.0000000000000000e+00 10004
 -7.0401424799999997e-04 0.0000000000000000e+00 0.0000000000000000e+00 0.0000000000000000e+00 01004
 4.1771769200000001e-03 0.0000000000000000e+00 0.0000000000000000e+00 0.0000000000000000e+00 00104
 2.6521246799999998e-01 0.0000000000000000e+00 0.0000000000000000e+00 0.0000000000000000e+00 00041
 3.4293861799999999e-02 0.0000000000000000e+00 0.0000000000000000e+00 0.0000000000000000e+00 00032
 2.7421903000000001e-02 0.0000000000000000e+00 0.0000000000000000e+00 0.0000000000000000e+00 00023
 3.8234677400000002e-03 0.0000000000000000e+00 0.0000000000000000e+00 0.0000000000000000e+00 00014
 1.4659581000000001e-03 0.0000000000000000e+00 0.0000000000000000e+00 0.0000000000000000e+00 00005
 -2.2197897499999999e+02 0.0000000000000000e+00 0.0000000000000000e+00 0.0000000000000000e+00 50001
 2.0814843300000002e+03 0.0000000000000000e+00 0.0000000000000000e+00 0.0000000000000000e+00 41001
 -4.3056093600000003e+02 0.0000000000000000e+00 0.0000000000000000e+00 0.0000000000000000e+00 32001
 -2.1805028799999999e+02 0.0000000000000000e+00 0.0000000000000000e+00 0.0000000000000000e+00 23001
 -5.5584450099999998e+01 0.0000000000000000e+00 0.0000000000000000e+00 0.0000000000000000e+00 14001
 -1.1364256800000000e+01 0.0000000000000000e+00 0.0000000000000000e+00 0.0000000000000000e+00 05001
 1.0843246300000000e+02 0.0000000000000000e+00 0.0000000000000000e+00 0.0000000000000000e+00 40101
 -9.3186493399999995e+02 0.0000000000000000e+00 0.0000000000000000e+00 0.0000000000000000e+00 31101
 -1.9297715800000000e+02 0.0000000000000000e+00 0.0000000000000000e+00 0.0000000000000000e+00 22101
 -2.8647338300000001e+01 0.0000000000000000e+00 0.0000000000000000e+00 0.0000000000000000e+00 13101
 -3.4101753399999999e+00 0.0000000000000000e+00 0.0000000000000000e+00 0.0000000000000000e+00 04101
 6.1327849800000003e+01 0.0000000000000000e+00 0.0000000000000000e+00 0.0000000000000000e+00 30201
 -4.3628918599999999e+01 0.0000000000000000e+00 0.0000000000000000e+00 0.0000000000000000e+00 21201
 -4.7152181900000002e+01 0.0000000000000000e+00 0.0000000000000000e+00 0.0000000000000000e+00 12201
 -1.4919883000000000e+01 0.0000000000000000e+00 0.0000000000000000e+00 0.0000000000000000e+00 03201
 5.8831090099999997e+01 0.0000000000000000e+00 0.0000000000000000e+00 0.0000000000000000e+00 20301
 -3.6337865000000001e+01 0.0000000000000000e+00 0.0000000000000000e+00 0.0000000000000000e+00 11301
 -8.0151232799999992e+00 0.0000000000000000e+00 0.0000000000000000e+00 0.0000000000000000e+00 02301
 -1.0494428700000000e+02 0.0000000000000000e+00 0.0000000000000000e+00 0.0000000000000000e+00 10401
 3.4771335299999997e+01 0.0000000000000000e+00 0.0000000000000000e+00 0.0000000000000000e+00 01401
 -1.2228812499999999e+02 0.0000000000000000e+00 0.0000000000000000e+00 0.0000000000000000e+00 00501
 -7.7545342300000002e+01 0.0000000000000000e+00 0.0000000000000000e+00 0.0000000000000000e+00 40011
 -6.4131444900000005e+01 0.0000000000000000e+00 0.0000000000000000e+00 0.0000000000000000e+00 31011
 -1.3985750500000000e+01 0.0000000000000000e+00 0.0000000000000000e+00 0.0000000000000000e+00 22011
 -2.3365408200000002e+00 0.0000000000000000e+00 0.0000000000000000e+00 0.0000000000000000e+00 13011
 -3.4059649100000000e-01 0.0000000000000000e+00 0.0000000000000000e+00 0.0000000000000000e+00 04011
 2.9339419400000001e+01 0.0000000000000000e+00 0.0000000000000000e+00 0.0000000000000000e+00 30111
 4.8114933100000002e+01 0.0000000000000000e+00 0.0000000000000000e+00 0.0000000000000000e+00 21111
 9.5017492400000005e+00 0.0000000000000000e+00 0.0000000000000000e+00 0.0000000000000000e+00 12111
 1.3883754100000001e+00 0.0000000000000000e+00 0.0000000000000000e+00 0.0000000000000000e+00 03111
 5.2479251499999997e+01 0.0000000000000000e+00 0.0000000000000000e+00 0.0000000000000000e+00 20211
 3.8005874199999998e+00 0.0000000000000000e+00 0.0000000000000000e+00 0.0000000000000000e+00 11211
 2.3455513600000000e-01 0.0000000000000000e+00 0.0000000000000000e+00 0.0000000000000000e+00 02211
 3.9580808500000003e+01 0.0000000000000000e+00 0.0000000000000000e+00 0.0000000000000000e+00 10311
 1.5256354200000001e+01 0.0000000000000000e+00 0.0000000000000000e+00 0.0000000000000000e+00 01311
 -7.2808032699999998e+00 0.0000000000000000e+00 0.0000000000000000e+00 0.0000000000000000e+00 00411
 -5.9749734599999999e+02 0.0000000000000000e+00 0.0000000000000000e+00 0.0000000000000000e+00 40002
 -1.0272174900000000e+02 0.0000000000000000e+00 0.0000000000000000e+00 0.0000000000000000e+00 31002
 -1.5368110700000001e+01 0.0000000000000000e+00 0.0000000000000000e+00 0.0000000000000000e+00 22002
 -2.1720831600000001e+00 0.0000000000000000e+00 0.0000000000000000e+00 0.0000000000000000e+00 13002
 -2.7460926400000002e-01 0.0000000000000000e+00 0.0000000000000000e+00 0.0000000000000000e+00 04002
 1.0683798299999999e+02 0.0000000000000000e+00 0.0000000000000000e+00 0.0000000000000000e+00 30102
 1.2376615800000000e+01 0.0000000000000000e+00 0.0000000000000000e+00 0.0000000000000000e+00 21102
 1.4653033000000000e+00 0.0000000000000000e+00 0.0000000000000000e+00 0.0000000000000000e+00 12102
 1.8539329299999999e-01 0.0000000000000000e+00 0.0000000000000000e+00 0.0000000000000000e+00 03102
 1.1888713100000000e+01 0.0000000000000000e+00 0.0000000000000000e+00 0.0000000000000000e+00 20202
 -2.5566998800000000e+00 0.0000000000000000e+00 0.0000000000000000e+00 0.0000000000000000e+00 11202
 -8.6380901700000001e-01 0.0000000000000000e+00 0.0000000000000000e+00 0.0000000000000000e+00 02202
 1.8804701399999999e+01 0.0000000000000000e+00 0.0000000000000000e+00 0.0000000000000000e+00 10302
 2.4966757999999998e+00 0.0000000000000000e+00 0.0000000000000000e+00 0.0000000000000000e+00 01302
 -3.9308849700000001e+00 0.0000000000000000e+00 0.0000000000000000e+00 0.0000000000000000e+00 00402
 1.2703465100000001e+01 0.0000000000000000e+00 0.0000000000000000e+00 0.0000000000000000e+00 30021
 7.9618751600000000e+00 0.0000000000000000e+00 0.0000000000000000e+00 0.0000000000000000e+00 21021
 1.6098250700000001e+00 0.0000000000000000e+00 0.0000000000000000e+00 0.0000000000000000e+00 12021
 2.5756567499999999e-01 0.0000000000000000e+00 0.0000000000000000e+00 0.0000000000000000e+00 03021
 5.9357450700000003e+00 0.0000000000000000e+00 0.0000000000000000e+00 0.0000000000000000e+00 20121
 6.7934845300000002e-01 0.0000000000000000e+00 0.0000000000000000e+00 0.0000000000000000e+00 11121
 7.5755015100000003e-02 0.0000000000000000e+00 0.0000000000000000e+00 0.0000000000000000e+00 02121
 7.3629458100000003e+00 0.0000000000000000e+00 0.0000000000000000e+00 0.0000000000000000e+00 10221
 2.3008013500000000e+00 0.0000000000000000e+00 0.0000000000000000e+00 0.0000000000000000e+00 01221
 -1.1838300700000000e-01 0.0000000000000000e+00 0.0000000000000000e+00 0.0000000000000000e+00 00321
 1.4425814500000000e+01 0.0000000000000000e+00 0.0000000000000000e+00 0.0000000000000000e+00 30012
 1.5265816299999999e+00 0.0000000000000000e+00 0.0000000000000000e+00 0.0000000000000000e+00 21012
 1.6302881699999999e-01 0.0000000000000000e+00 0.0000000000000000e+00 0.0000000000000000e+00 12012
 1.7168950900000000e-02 0.0000000000000000e+00 0.0000000000000000e+00 0.0000000000000000e+00 03012
 1.5074373400000001e+01 0.0000000000000000e+00 0.0000000000000000e+00 0.0000000000000000e+00 20112
 1.6070658300000000e+00 0.0000000000000000e+00 0.0000000000000000e+00 0.0000000000000000e+00 11112
 1.6646502299999999e-01 0.0000000000000000e+00 0.0000000000000000e+00 0.0000000000000000e+00 02112
 2.2880329700000002e+00 0.0000000000000000e+00 0.0000000000000000e+00 0.0000000000000000e+00 10212
 2.6541344900000002e-01 0.0000000000000000e+00 0.0000000000000000e+00 0.0000000000000000e+00 01212
 3.2668393000000000e+00 0.0000000000000000e+00 0.0000000000000000e+00 0.0000000000000000e+00 00312
 -1.4469480500000000e+00 0.0000000000000000e+00 0.0000000000000000e+00 0.0000000000000000e+00 30003
 -3.0155182100000000e-01 0.0000000000000000e+00 0.0000000000000000e+00 0.0000000000000000e+00 21003
 -9.7940595800000002e-02 0.0000000000000000e+00 0.0000000000000000e+00 0.0000000000000000e+00 12003
 -2.1887463300000000e-02 0.0000000000000000e+00 0.0000000000000000e+00 0.0000000000000000e+00 03003
 2.1373127700000000e-01 0.0000000000000000e+00 0.0000000000000000e+00 0.0000000000000000e+00 20103
 -4.2487175700000003e-03 0.0000000000000000e+00 0.0000000000000000e+00 0.0000000000000000e+00 11103
 -2.6398123599999999e-03 0.0000000000000000e+00 0.0000000000000000e+00 0.0000000000000000e+00 02103
 -3.9033618199999998e-01 0.0000000000000000e+00 0.0000000000000000e+00 0.0000000000000000e+00 10203
 -2.2056344900000000e-02 0.0000000000000000e+00 0.0000000000000000e+00 0.0000000000000000e+00 01203
 -2.5206106999999998e-02 0.0000000000000000e+00 0.0000000000000000e+00 0.0000000000000000e+00 00303
 8.3539572600000001e-01 0.0000000000000000e+00 0.0000000000000000e+00 0.0000000000000000e+00 20031
 1.0108242400000000e-01 0.0000000000000000e+00 0.0000000000000000e+00 0.0000000000000000e+00 11031
 1.1382651500000000e-02 0.0000000000000000e+00 0.0000000000000000e+00 0.0000000000000000e+00 02031
 9.6753924199999997e-01 0.0000000000000000e+00 0.0000000000000000e+00 0.0000000000000000e+00 10131
 2.8394057299999997e-01 0.0000000000000000e+00 0.0000000000000000e+00 0.0000000000000000e+00 01131
 7.0409468399999994e-02 0.0000000000000000e+00 0.0000000000000000e+00 0.0000000000000000e+00 00231
 1.9662115200000001e+00 0.0000000000000000e+00 0.0000000000000000e+00 0.0000000000000000e+00 20022
 2.1192966199999999e-01 0.0000000000000000e+00 0.0000000000000000e+00 0.0000000000000000e+00 11022
 2.2229702000000000e-02 0.0000000000000000e+00 0.0000000000000000e+00 0.0000000000000000e+00 02022
 1.9217672799999999e-01 0.0000000000000000e+00 0.0000000000000000e+00 0.0000000000000000e+00 10122
 2.0842935900000002e-02 0.0000000000000000e+00 0.0000000000000000e+00 0.0000000000000000e+00 01122
 4.0919772199999999e-01 0.0000000000000000e+00 0.0000000000000000e+00 0.0000000000000000e+00 00222
 1.1620879799999999e-02 0.0000000000000000e+00 0.0000000000000000e+00 0.0000000000000000e+00 20013
 -8.6175197900000000e-04 0.0000000000000000e+00 0.0000000000000000e+00 0.0000000000000000e+00 11013
 -3.6803400800000002e-04 0.0000000000000000e+00 0.0000000000000000e+00 0.0000000000000000e+00 02013
 -3.0559588299999999e-02 0.0000000000000000e+00 0.0000000000000000e+00 0.0000000000000000e+00 10113
 7.9282077300000002e-04 0.0000000000000000e+00 0.0000000000000000e+00 0.0000000000000000e+00 01113
 -1.0358131200000000e-03 0.0000000000000000e+00 0.0000000000000000e+00 0.0000000000000000e+00 00213
 -3.1766529600000003e-02 0.0000000000000000e+00 0.0000000000000000e+00 0.0000000000000000e+00 20004
 -8.6869289399999997e-03 0.0000000000000000e+00 0.0000000000000000e+00 0.0000000000000000e+00 11004
 -1.3033663300000000e-03 0.0000000000000000e+00 0.0000000000000000e+00 0.0000000000000000e+00 02004
 -4.8593005899999998e-03 0.0000000000000000e+00 0.0000000000000000e+00 0.0000000000000000e+00 10104
 -1.8132267699999999e-04 0.0000000000000000e+00 0.0000000000000000e+00 0.0000000000000000e+00 01104
 -2.2531301500000000e-02 0.0000000000000000e+00 0.0000000000000000e+00 0.0000000000000000e+00 00204
 1.0273608300000001e-01 0.0000000000000000e+00 0.0000000000000000e+00 0.0000000000000000e+00 10041
 3.1679181700000003e-02 0.0000000000000000e+00 0.0000000000000000e+00 0.0000000000000000e+00 01041
 1.7740698900000001e-02 0.0000000000000000e+00 0.0000000000000000e+00 0.0000000000000000e+00 00141
 1.2813031600000000e-02 0.0000000000000000e+00 0.0000000000000000e+00 0.0000000000000000e+00 10032
 1.3430987299999999e-03 0.0000000000000000e+00 0.0000000000000000e+00 0.0000000000000000e+00 01032
 4.4265491599999998e-02 0.0000000000000000e+00 0.0000000000000000e+00 0.0000000000000000e+00 00132
 -5.0074566800000003e-03 0.0000000000000000e+00 0.0000000000000000e+00 0.0000000000000000e+00 10023
 -3.6226490100000000e-05 0.0000000000000000e+00 0.0000000000000000e+00 0.0000000000000000e+00 01023
 -1.0084677400000000e-04 0.0000000000000000e+00 0.0000000000000000e+00 0.0000000000000000e+00 00123
 -2.5991156500000000e-04 0.0000000000000000e+00 0.0000000000000000e+00 0.0000000000000000e+00 10014
 -8.6598892899999998e-06 0.0000000000000000e+00 0.0000000000000000e+00 0.0000000000000000e+00 01014
 1.2643326200000000e-04 0.0000000000000000e+00 0.0000000000000000e+00 0.0000000000000000e+00 00114
 -3.7640531699999999e-04 0.0000000000000000e+00 0.0000000000000000e+00 0.0000000000000000e+00 10005
 -4.9526213000000003e-05 0.0000000000000000e+00 0.0000000000000000e+00 0.0000000000000000e+00 01005
 5.0543502499999998e-05 0.0000000000000000e+00 0.0000000000000000e+00 0.0000000000000000e+00 00105
 3.1877867700000001e-03 0.0000000000000000e+00 0.0000000000000000e+00 0.0000000000000000e+00 00051
 4.7427681699999998e-03 0.0000000000000000e+00 0.0000000000000000e+00 0.0000000000000000e+00 00042
 1.0854985800000000e-05 0.0000000000000000e+00 0.0000000000000000e+00 0.0000000000000000e+00 00033
 9.0835490000000001e-05 0.0000000000000000e+00 0.0000000000000000e+00 0.0000000000000000e+00 00024
 3.1187906300000002e-06 0.0000000000000000e+00 0.0000000000000000e+00 0.0000000000000000e+00 00015
 2.3269827100000001e-06 0.0000000000000000e+00 0.0000000000000000e+00 0.0000000000000000e+00 00006
 --------------------------------------------
