! Candidate angular fit; delta and xtar-dependent terms retained from frozen seed.
 --------------------------------------------
 8.2010199344752146e-04 -4.8525008245550727e-05 5.1579825996363182e-04 0.0000000000000000e+00 00000
 3.2888485638868120e-01 1.5934566099652419e-02 -5.3836106515955410e-03 2.4527718100000001e-01 10000
 -2.9828156497829998e+00 -1.3305132968528874e-01 3.9805225325436747e-02 1.7923725400000001e-01 01000
 -5.2153387962620822e-03 -4.5700493354927080e-01 2.7723059571043279e-01 1.5762221900000001e-02 00100
 1.3693809561860176e-01 3.4773908824006314e-02 -2.3406743502157226e+00 -2.7748113599999999e-02 00010
 -2.7449313106386236e-01 -2.5431129438957423e-02 1.3016467729522092e-02 -3.1763193899999997e-01 20000
 1.7440143111021646e+00 2.5736344566496115e-02 -4.1890765973463293e-02 3.2294487900000002e+00 11000
 7.5114339071097245e+00 1.0773105733607693e+00 -1.2842300333642898e-01 9.9624983800000000e-01 02000
 -9.3598688650209053e-02 1.4126950265863123e+00 -4.2895666934594362e-01 -6.9868989000000006e-02 10100
 1.0171130220289990e+00 1.0225474041645839e+00 1.7593798541615024e-01 -2.7273720299999998e-01 01100
 9.3935549367112472e-02 3.5038802472802753e-03 3.3224889496850207e-02 -1.7795864400000000e-02 00200
 -7.2950150931137839e-02 -1.9509069673789483e+01 5.1088214885265621e+00 -1.7964206399999999e-01 10010
 1.0739177144225907e-01 -2.1466740905974529e+01 4.3982425198425750e+00 5.1434082800000001e+00 01010
 2.0744745059046046e-01 -3.7163684106324513e-01 -7.2155162082737423e-02 4.5628469799999999e-01 00110
 -5.8811621132396645e+00 1.5213692848776394e+00 -3.0843063565250473e-01 -6.4079203600000003e+00 00020
 1.2676830644026309e+00 1.4064319924413482e-01 -7.0404513213473879e-02 9.3683431900000003e-01 30000
 -2.5449613994224254e+01 -7.8181216307717727e-01 5.9389351992815842e-01 -1.3540589900000001e+01 21000
 1.7855547488249263e+02 -8.0770222101381997e+00 7.1351747191351023e-01 5.1879764199999997e+01 12000
 -4.7631403357424324e+02 5.8317485216365931e+01 -1.3815501386432663e+01 -2.0498985000000001e+01 03000
 2.7025427746456168e+00 -4.9234847464466007e+00 1.2133052800963837e+00 -3.1254219399999998e-02 20100
 -2.7215971587569200e+01 5.4442055237690930e+01 -1.2299298384868971e+01 2.8400841199999999e-01 11100
 3.2379009470734161e+01 -1.3595398363159509e+02 2.4649636855479642e+01 3.9556433100000001e+00 02100
 -1.5185666455512510e+00 3.3044015568342568e+00 -8.7153157623250355e-01 9.5431561099999995e-01 10200
 2.8906741619089784e+00 -2.4705321891911598e+01 3.9209284127145474e+00 -7.0688381700000003e+00 01200
 1.4730423459326405e+00 -2.0634637227654782e+00 1.8077311319649720e+00 -3.5820566700000001e-01 00300
 -7.2327252652495773e+00 6.2594862525243713e+01 -1.7439913095099982e+01 -2.7448817499999998e+00 20010
 8.6679620578609587e+01 -7.0676381130847085e+02 1.8042375257691083e+02 1.0681983600000001e+01 11010
 -1.1015230545326229e+02 1.8136057969062010e+03 -3.7649856208146576e+02 -4.6776265000000002e+01 02010
 -1.0640058624885526e+01 -5.1842330840515189e+01 1.4760821432128004e+01 4.3468718099999998e-01 10110
 1.7994436718647316e+02 4.2445443182197522e+02 -8.1909675615315919e+01 2.5692412099999999e+01 01110
 -1.1766361111793007e+01 1.0115208688300315e+02 -2.0221486319864315e+01 -3.1559352000000001e+00 00210
 2.1080574961188040e+02 -1.0167442393932593e+00 1.3722114102671528e+00 3.1907757499999999e+01 10020
 -1.8985215942409557e+03 -1.2465369179360459e+02 -7.1044301661062860e+01 -4.6789810199999999e+02 01020
 5.0245725908302163e+01 -1.3645133799280075e+03 2.6291769701036384e+02 3.4179037000000001e+01 00120
 4.0488912111375484e+01 5.9595016863526453e+03 -1.0414353127454999e+03 -7.1508536199999995e+01 00030
 -8.3839771301013464e+00 -1.1622528511370439e-01 -2.1787806494315942e-01 -2.3027877499999998e+00 40000
 1.8823899774909290e+02 9.8014462368479693e-01 5.3107373379420277e+00 5.8024830899999998e+01 31000
 -1.4689432244339905e+03 -3.7227435520184102e+01 -4.0494677241467656e+01 -4.9156237399999998e+02 22000
 4.4384370762967637e+03 5.1200164724726915e+02 5.3361913074634565e+01 1.7182972100000000e+03 13000
 -3.3042544784290285e+03 -1.9354854280761033e+03 1.7892066568414697e+02 -1.9501040300000000e+03 04000
 -2.4845944509302843e+01 9.7536664375084730e+00 -1.8704949584886628e+00 -1.4621283800000000e+00 30100
 4.2235252861828087e+02 -1.1238406054522908e+02 1.9890251653076508e+01 4.7295753499999996e+01 21100
 -2.4500126124236331e+03 1.5201983803836006e+02 3.7577249903275494e+01 -4.3237295599999999e+02 12100
 5.3414583945523909e+03 9.5054697098914801e+02 -5.5538811150419667e+02 1.3233994800000000e+03 03100
 5.3333899726783391e+00 -1.4248034409201008e+01 -8.3011458602584842e-01 -1.0047251200000000e+00 20200
 -5.2373041870645878e+01 1.2781676119390897e+02 1.2638983539612449e+01 1.6743462399999999e+01 11200
 2.3849278900178905e+02 -6.1131067957184065e+01 -1.4654333815907793e+02 -6.7273158699999996e+01 02200
 -2.8244792302148106e+01 1.3579944900012853e+01 2.4320872240082938e+00 4.9815545700000001e+00 10300
 1.2387678330148277e+02 -1.3262626337380760e+02 -6.0604479817302519e+01 -3.7436718100000000e+01 01300
 5.3347292181855028e+00 -1.4876224585235009e+01 3.8570482472941969e+00 3.8352631700000002e+00 00400
 1.3755220926880008e+02 -1.6740923333272437e+02 4.1954780494142128e+01 2.0406354700000001e+01 30010
 -1.7794907598497289e+03 2.3912410128208612e+03 -6.5513038398580807e+02 -5.2187064599999997e+02 21010
 7.2481541252782299e+03 -9.0128951712403614e+03 2.8582003804984129e+03 4.0218560800000000e+03 12010
 -1.6346143907521562e+04 4.6987400157968468e+03 -2.7102759635773646e+03 -1.1081659400000000e+04 03010
 -1.3464701023388793e+02 4.6599704293909548e+02 -4.4699817423154201e+01 -2.6109065900000001e+01 20110
 1.1335811540790826e+03 -4.0475793320567918e+03 1.5647338340025101e+02 3.4366059500000000e+02 11110
 -4.2287768113000502e+03 2.4701525602942443e+03 2.1690600377604378e+03 -9.7405222100000003e+02 02110
 4.3493463821496232e+02 -4.8805500825176256e+02 7.9704984983961239e+01 -3.6510193000000001e+01 10210
 -1.9993378182920617e+03 2.9300065028446502e+03 3.5782715798714560e+02 2.9243684000000002e+02 01210
 -1.7627688715404901e+02 -1.5871368973405481e+02 3.0968343961731586e+02 -8.4939199799999997e+01 00310
 2.3801039304064540e+02 -2.2852344547086491e+03 5.5101976736225129e+02 4.0636932100000001e+02 20020
 -1.0537126749080467e+03 1.7051693239769233e+04 -4.7536529422721487e+03 -4.5869649099999997e+03 11020
 1.5024125540943820e+04 6.6507171692839038e+03 1.5975459960843611e+03 9.3584628599999996e+03 02020
 -2.0001712947368160e+03 5.2210349769344302e+03 -4.9155659323363892e+01 6.0264629700000000e+01 10120
 1.0100821538534472e+04 -1.9907469362763422e+04 1.5488763932416643e+03 -6.9720597099999998e+02 01120
 1.8275364382225121e+03 1.9400004995669012e+03 -2.7745376134574881e+03 7.2697501299999999e+02 00220
 2.2650812411384259e+03 -2.7626904000324881e+04 6.7341274472780588e+03 5.3606629499999997e+02 10030
 -4.0555037684059116e+03 9.2327229652232054e+04 -2.6694016357477172e+04 -2.3364836399999999e+03 01030
 -2.6301390924631494e+04 3.2046188357413685e+03 -6.9712787390028893e+02 -1.6674671400000000e+03 00130
 1.3141947947702787e+05 -5.8371842277993645e+04 4.4223767311232230e+04 3.9121164899999999e+03 00040
 2.8684224924275981e+01 -6.4013913568120620e+00 3.2993919180614779e+00 4.9678190300000002e+00 50000
 -6.3741842162477883e+02 2.0085865237916690e+02 -1.0316220447324196e+02 -2.1463550799999999e+02 41000
 4.1103748792447686e+03 -2.4850127511369446e+03 1.3294598982189343e+03 3.4385126599999999e+03 32000
 2.0926021160915138e+03 1.3871514580153902e+04 -8.4507443380829864e+03 -2.7888407800000001e+04 23000
 -1.0609219999768955e+05 -2.9594154028566292e+04 2.5045506101290288e+04 1.1885052899999999e+05 14000
 2.7786911381934828e+05 -3.3880143621977386e+03 -2.3794406344320301e+04 -2.0979779999999999e+05 05000
 5.9203130925617494e+01 -8.6581226376554525e+00 1.8825659914202062e+00 3.0790796100000000e+00 40100
 -8.4167939821030893e+02 1.3766771853500016e+01 -5.1256184448715608e+01 -7.1757031799999993e+01 31100
 -2.1383529443413485e+02 2.8010206075846759e+03 5.3932861396343787e+02 1.7523077900000001e+02 22100
 3.8428840233281859e+04 -2.5714294114688018e+04 -3.4513187222354027e+03 3.6607079199999998e+03 13100
 -9.6738647994713174e+04 6.4722735200439769e+04 9.5706639071227728e+03 -1.8679771700000001e+04 04100
 2.6608194807850736e-02 1.0866454428857617e+01 1.8267654039650413e+01 -9.8292970799999999e+00 30200
 2.0986289477594482e+02 -9.0442834817209402e+01 -6.0625912283926844e+01 2.2322339500000001e+02 21200
 -2.4972199610049684e+03 -1.3644500096195620e+03 -1.8018572668437732e+03 -1.9345593400000000e+03 12200
 8.0330485273063314e+03 6.2191159718059225e+03 1.1685610563766924e+04 6.2959604900000004e+03 03200
 1.1564668822911568e+02 -5.5639644810667647e+01 -2.3864248051809476e+01 7.5324127100000000e+00 20300
 -8.2953093064844722e+02 3.5128123718704592e+02 1.3690780291092520e+02 -1.7311873199999999e+02 11300
 9.8277176627798394e+02 2.3470291427363009e+03 1.2447274124548135e+03 1.0774482200000000e+03 02300
 9.6396036153346657e+01 8.4288275261392542e+01 2.2427888452119607e+01 -1.1124031400000001e+00 10400
 -8.5576035996561654e+02 9.4122386667938116e+01 6.5012236724261740e+01 -1.0768688200000000e+02 01400
 1.1095847791050293e+01 9.2354577237999067e+01 -1.0021987252563420e+02 -1.3675491200000001e+00 00500
 -1.1333721409758537e+03 2.4185167738303156e+02 1.2339370037964106e+00 -4.8581986499999999e+01 40010
 2.2742238203742902e+04 -2.5269789876768650e+03 -5.0110480188863727e+02 1.9529719100000000e+03 31010
 -1.4892443475036838e+05 -1.9003347090853211e+04 1.0899200157087067e+04 -2.0776508900000001e+04 22010
 3.0420404152297787e+05 2.8342258774133923e+05 -6.9611034055917655e+04 7.9440774900000004e+04 13010
 2.6087452867376353e+04 -8.1951535929448681e+05 1.1705278856372103e+05 -7.1841567599999995e+04 04010
 1.7127194509324108e+03 -1.7054360331632697e+03 -1.8772035902941289e+02 6.3779292800000000e+01 30110
 -3.4894176271363969e+04 2.6186949489192528e+04 1.0156510809596481e+03 -1.7658266000000001e+03 21110
 2.4932650935826896e+05 -1.0281075382664948e+05 8.0599276052723108e+03 1.1961652899999999e+04 12110
 -6.1439571017955628e+05 8.9067066372959787e+04 -7.4092887967020099e+04 -3.6062570899999999e+04 03110
 -2.0973396339218284e+03 2.3351843432353426e+03 6.3479449299542591e+02 -8.6987571199999998e+00 20210
 4.7763767876115890e+03 -3.2958192984051137e+04 -5.2180219159666040e+03 1.6077307200000000e+03 11210
 4.9803000724960038e+04 4.7247220120989943e+04 -2.5538323057618127e+04 -1.1675984399999999e+04 02210
 -2.0210742579692169e+02 -1.4092315500312363e+03 -1.6047143956994989e+03 1.6598224700000000e+02 10310
 7.0840829539369979e+03 6.8714018595075986e+03 -9.7130365550211573e+03 9.4686973100000000e+02 01310
 -7.5952299430914331e+02 1.3842442063492972e+03 -1.9511243230310257e+02 1.6439557600000001e+02 00410
 -1.5664182031562365e+04 1.3592238590246463e+04 -4.0971879126321238e+02 -2.4076491099999998e+03 30020
 3.0477586401744309e+05 -1.8692262337786698e+05 6.6980837982850517e+03 5.5520991600000001e+04 21020
 -2.1479324181854855e+06 6.5452371668377263e+05 -3.6285903605231135e+04 -4.1814969699999999e+05 12020
 5.5736173845083872e+06 -6.2086214462109294e+05 1.3804823113965240e+05 1.1185970900000001e+06 03020
 2.4802291408592031e+04 -2.1817004198807568e+04 -4.0032937286796191e+03 3.3250162999999998e+02 20120
 -1.4480160902215919e+05 3.2515392097363702e+05 4.2904325442435016e+04 -1.4254245100000000e+04 11120
 -1.4785498393443174e+05 -6.7951900732038938e+05 1.7063107934596960e+05 5.2657758800000003e+04 02120
 -3.0344277733376210e+04 -7.7937835448796750e+03 4.1157571406606301e+04 -3.9989584300000001e+03 10220
 8.1899318590933806e+04 -4.9220166793934710e+04 7.9369341215906563e+04 2.5102144300000000e+04 01220
 2.0276550737092868e+04 7.0663659319211356e+03 1.3354309124424934e+04 9.0266857599999994e+01 00320
 -9.8633099300588015e+04 5.1684100420909119e+04 3.6367748975484137e+04 -9.3089900000000000e+02 20030
 6.7206230605653266e+05 -1.0581621477276213e+06 4.0422192949813558e+04 3.9788767800000001e+04 11030
 4.9641863473297877e+05 3.4287080809618626e+06 -1.2319925549641342e+06 -1.1875274700000000e+05 02030
 2.0665721948513857e+05 1.4973452799327337e+05 -2.6294626966764615e+05 2.9493169800000000e+04 10130
 -8.6207172807153570e+05 -4.1449143970490759e+05 -1.5183901210494275e+05 -2.5987719800000000e+05 01130
 -2.3101746303413509e+05 -4.8306273928588355e+05 -8.6429122095264611e+04 1.1004152400000000e+03 00230
 -3.2510786521744740e+05 -2.1899590193801053e+05 3.5121800172378740e+05 -1.3196676600000001e+04 10040
 2.6571058044725079e+06 1.1687390480148578e+06 3.3339785493603768e+05 3.0309427799999999e+05 01040
 1.2712705305611393e+06 3.0748792515395088e+06 7.0004745154501195e+05 -1.7333469400000002e+04 00140
 -3.0684952556218011e+06 -5.9639499192001866e+06 -2.5939137525319546e+06 3.0963153100000000e+04 00050
 -3.3932538589543185e+01 2.4889584486756554e+01 -7.5001080856511644e+00 0.0000000000000000e+00 60000
 7.0031235795429495e+02 -1.1115476731606859e+03 3.2227222506867213e+02 0.0000000000000000e+00 51000
 -2.2723108371230578e+03 2.2069726228495805e+04 -6.1262335482481803e+03 0.0000000000000000e+00 42000
 -3.5582836426588423e+04 -2.3956468767251406e+05 6.4219385187280124e+04 0.0000000000000000e+00 33000
 2.4333617019583285e+05 1.4821406068841892e+06 -3.8707199956670089e+05 0.0000000000000000e+00 24000
 -7.9275028549499766e+04 -5.0081977408646559e+06 1.2775702880293853e+06 0.0000000000000000e+00 15000
 -1.5484127698599973e+06 7.3219616187726324e+06 -1.8098434368944373e+06 0.0000000000000000e+00 06000
 -1.4135148469165070e+01 -6.8828143156942438e+00 6.8618748877206353e-03 0.0000000000000000e+00 50100
 -6.2435454938932151e+02 9.5458338981443333e+01 4.1116664487916466e+01 0.0000000000000000e+00 41100
 1.6641815289476424e+04 -1.8614357672245433e+02 -3.3936289449070290e+02 0.0000000000000000e+00 32100
 -7.6479698962664566e+04 -2.5174664805576245e+04 -2.4469283334189827e+03 0.0000000000000000e+00 23100
 -1.6084323731955388e+05 2.8461531183744676e+05 3.4303668285928376e+04 0.0000000000000000e+00 14100
 6.1230692393656413e+05 -8.3449125163292210e+05 -5.7766642825197465e+04 0.0000000000000000e+00 05100
 -6.5013203025525272e+01 6.4572563260608291e+00 -5.4144594396305941e+01 0.0000000000000000e+00 40200
 1.4770203737272718e+03 1.5574944310265707e+02 1.0068299083101941e+03 0.0000000000000000e+00 31200
 -1.4626568455558236e+04 -3.2270351111775203e+03 -1.0587873932093984e+04 0.0000000000000000e+00 22200
 6.6631863676339068e+04 3.8867053656262062e+04 8.5004119035333482e+04 0.0000000000000000e+00 13200
 -1.5876072725669725e+05 -1.1183740200973712e+05 -2.8932451438887249e+05 0.0000000000000000e+00 04200
 -1.1659685291463067e+02 1.1175727121588795e+02 3.9747702683432983e+01 0.0000000000000000e+00 30300
 7.6724902968199342e+02 -4.1491159387744813e+02 -5.0804869288157687e+02 0.0000000000000000e+00 21300
 -7.1002693068946155e+02 -4.0899871413203391e+03 2.6331151164757136e+02 0.0000000000000000e+00 12300
 3.4913902590966322e+03 -1.7423721357878243e+04 -1.2399420303527982e+04 0.0000000000000000e+00 03300
 -2.6860412247383874e+02 -1.3368524547779825e+02 -6.8332419615298164e+01 0.0000000000000000e+00 20400
 2.0476772405035920e+03 2.1844102397012134e+02 5.7315966794307383e+02 0.0000000000000000e+00 11400
 5.4639281797792610e+03 -2.4868095308219231e+03 -4.2582737058220409e+03 0.0000000000000000e+00 02400
 8.4013229875041731e+01 -2.9869369171383823e+02 2.1354212595618588e+02 0.0000000000000000e+00 10500
 -4.9797048462944628e+02 3.5279953202868832e+01 1.1028851315817130e+03 0.0000000000000000e+00 01500
 -2.3310851846585211e+02 -5.9803894997603116e+01 -1.8945993446180393e+02 0.0000000000000000e+00 00600
 2.5046683674689612e+03 1.2439135022986775e+02 -1.0674054299091883e+02 0.0000000000000000e+00 50010
 -6.2940151514129291e+04 -1.0575813216377566e+04 3.4003121692929640e+03 0.0000000000000000e+00 41010
 5.6002530112532934e+05 2.1462087352888193e+05 -4.2274185672299012e+04 0.0000000000000000e+00 32010
 -2.5730059098447147e+06 -1.4160945353409369e+06 2.6383619344959164e+05 0.0000000000000000e+00 23010
 8.1077814233635394e+06 2.0096252022628402e+06 -1.0449898514768834e+06 0.0000000000000000e+00 14010
 -1.0198683869080938e+07 5.3612401975218970e+06 1.8995637608929020e+06 0.0000000000000000e+00 05010
 -4.0057300645580249e+03 2.7753736538934654e+03 1.5489526223105173e+02 0.0000000000000000e+00 40110
 1.0094150517383496e+05 -5.1558072373460469e+04 9.1146094124247938e+03 0.0000000000000000e+00 31110
 -8.0267027718090522e+05 2.1948482631722660e+05 -1.6485088034743455e+05 0.0000000000000000e+00 22110
 2.2266571198159833e+06 -1.7373500349601687e+05 6.8716026981868222e+05 0.0000000000000000e+00 13110
 -2.6718184064614348e+05 1.3456141132445229e+05 -7.7345374730628435e+04 0.0000000000000000e+00 04110
 6.1071362963263955e+03 -4.1638129917421011e+03 -1.5684577350522266e+03 0.0000000000000000e+00 30210
 -9.8722631361904379e+04 3.7686960495245374e+04 1.1002599599531499e+04 0.0000000000000000e+00 21210
 7.8584981614885794e+05 2.8132559010890132e+05 5.7411698832496164e+04 0.0000000000000000e+00 12210
 -2.4478551351162307e+06 -9.1161912933636643e+05 4.8255158607036683e+04 0.0000000000000000e+00 03210
 -7.7120481578210820e+02 4.1287659090469779e+03 2.2965609078088000e+03 0.0000000000000000e+00 20310
 -9.1416577557350192e+03 1.5168858858911810e+03 -1.0554635742981611e+03 0.0000000000000000e+00 11310
 -1.5038511471254466e+05 -6.1032731421546405e+03 1.0407670098998748e+05 0.0000000000000000e+00 02310
 4.1813482884664672e+03 1.5054425669072202e+03 -4.4876379711347527e+03 0.0000000000000000e+00 10410
 -3.4006186167902350e+04 -3.9606992295013166e+04 2.1466441112159282e+04 0.0000000000000000e+00 01410
 1.3322238884819615e+04 1.4514110164127560e+03 8.9072480336977223e+03 0.0000000000000000e+00 00510
 4.1314515296239682e+04 -3.9335115836282472e+04 -2.8095269193808617e+03 0.0000000000000000e+00 40020
 -9.6142851734567899e+05 7.6620082225064654e+05 7.7962153686323463e+03 0.0000000000000000e+00 31020
 6.7685144263137020e+06 -4.2166818594042044e+06 3.4986715962658415e+05 0.0000000000000000e+00 22020
 -1.1150251832787918e+07 5.8029016933631161e+06 -2.3089941945438106e+06 0.0000000000000000e+00 13020
 -2.5920162569410000e+07 1.3955429817824652e+06 1.7137324479424332e+06 0.0000000000000000e+00 04020
 -6.7790279603696006e+04 5.2005522950361155e+04 4.0489484561440462e+04 0.0000000000000000e+00 30120
 1.1655997029921568e+06 -7.0492103191974049e+05 -5.7922147371012648e+05 0.0000000000000000e+00 21120
 -9.3110964391432907e+06 -2.8864406218434470e+06 1.6015753594255440e+06 0.0000000000000000e+00 12120
 2.6152438868469350e+07 1.7293596199929547e+07 -2.0041584707710545e+06 0.0000000000000000e+00 03120
 1.1086267565486775e+05 -9.7571897243738003e+03 -7.6081797246603121e+04 0.0000000000000000e+00 20220
 -2.0279009716213998e+05 7.7938941467449418e+04 -9.9318976750897389e+04 0.0000000000000000e+00 11220
 -3.5802427469619917e+05 9.5072102349054359e+05 -1.6149426462951161e+06 0.0000000000000000e+00 02220
 -1.6095708799253922e+05 1.4637833598752239e+04 -1.7701168902708844e+03 0.0000000000000000e+00 10320
 9.9124494237139879e+05 2.5439807413284422e+05 -5.2407641193792375e+05 0.0000000000000000e+00 01320
 -2.1162491680242401e+05 -1.4928477686879574e+05 -1.0677286420355375e+05 0.0000000000000000e+00 00420
 3.0742280957612681e+05 4.2376406659046457e+04 -2.7404848429885082e+05 0.0000000000000000e+00 30030
 -4.6929365261894353e+06 -2.4519581828722092e+06 5.5177692628592523e+06 0.0000000000000000e+00 21030
 2.2810040919979300e+07 4.8107375465722494e+07 -2.3831509268538907e+07 0.0000000000000000e+00 12030
 -1.2346521559765322e+07 -1.6284993349604899e+08 2.8223338149792042e+07 0.0000000000000000e+00 03030
 -1.1252348676253820e+06 -8.1101178422130586e+05 1.4040848456472380e+06 0.0000000000000000e+00 20130
 1.0132825979072283e+06 3.1610120705545694e+06 -5.0486176510409852e+06 0.0000000000000000e+00 11130
 1.9408422872068834e+07 -2.4126064795031421e+07 3.3023558851762880e+07 0.0000000000000000e+00 02130
 2.5186687464386132e+06 2.2333220893279240e+06 -4.0383894006887783e+05 0.0000000000000000e+00 10230
 -1.3478937993046470e+07 2.5477607875843984e+06 4.9835777722940864e+06 0.0000000000000000e+00 01230
 2.0132677841669929e+06 3.0186744443938695e+06 5.3194847109929624e+05 0.0000000000000000e+00 00330
 2.1425380867192098e+06 7.2754003284998666e+06 -7.4331895368089899e+06 0.0000000000000000e+00 20040
 1.3702268007550588e+07 -5.1731196764400400e+07 4.9175671226859324e+07 0.0000000000000000e+00 11040
 -1.1313461473675883e+08 2.0212268287263909e+08 -2.1960085928871453e+08 0.0000000000000000e+00 02040
 -1.9272234457379796e+07 -3.2102993004900582e+07 9.6519742026521843e+06 0.0000000000000000e+00 10140
 1.0541308278498514e+08 -9.3431311357175652e+06 -4.3111876330197595e+07 0.0000000000000000e+00 01140
 -2.6294455740119241e+07 -1.6787152233073931e+07 -7.3789727476719720e+06 0.0000000000000000e+00 00240
 5.2883196815230817e+07 1.1334191984302351e+08 -3.8998667517940246e+07 0.0000000000000000e+00 10050
 -3.1044258140854877e+08 -5.9541334002454169e+07 1.6408994057346430e+08 0.0000000000000000e+00 01050
 2.2528130045372096e+08 -6.5563516942923060e+06 8.0792362616910875e+07 0.0000000000000000e+00 00150
 -6.5795387232594299e+08 1.8551184598120755e+08 -2.6512887894311440e+08 0.0000000000000000e+00 00060
 1.1258424199999999e+00 0.0000000000000000e+00 0.0000000000000000e+00 7.6817769999999996e-01 00001
 -3.3092960599999999e+00 0.0000000000000000e+00 0.0000000000000000e+00 -1.2482495400000000e+00 10001
 9.5582156000000005e+00 0.0000000000000000e+00 0.0000000000000000e+00 7.1898036500000000e+00 01001
 -1.2807550800000000e+01 0.0000000000000000e+00 0.0000000000000000e+00 -1.7948002400000000e+00 00002
 3.1328287000000000e+01 0.0000000000000000e+00 0.0000000000000000e+00 4.3097902599999998e+00 20001
 -3.6635859399999998e+02 0.0000000000000000e+00 0.0000000000000000e+00 -4.7514103499999997e+01 11001
 1.2812726399999999e+03 0.0000000000000000e+00 0.0000000000000000e+00 1.2740499699999999e+02 02001
 8.4649294600000005e+00 0.0000000000000000e+00 0.0000000000000000e+00 1.5213236200000000e+00 00201
 -2.1218133200000000e+02 0.0000000000000000e+00 0.0000000000000000e+00 -4.4842024199999997e+01 00111
 8.6216804499999995e+01 0.0000000000000000e+00 0.0000000000000000e+00 1.3903586900000001e+01 10002
 -2.0237557699999999e+02 0.0000000000000000e+00 0.0000000000000000e+00 -7.5177002500000000e+01 01002
 1.2924057499999999e+03 0.0000000000000000e+00 0.0000000000000000e+00 3.3294530099999997e+02 00021
 1.5246574300000000e+02 4.1239841799999999e+02 -1.1855168000000000e+02 0.0000000000000000e+00 00012
 5.6814234300000003e+01 0.0000000000000000e+00 0.0000000000000000e+00 1.5595186500000001e+01 00003
 -1.1109064100000001e+02 0.0000000000000000e+00 0.0000000000000000e+00 -1.5717735800000000e+01 30001
 1.3012309000000000e+03 0.0000000000000000e+00 0.0000000000000000e+00 2.4992499500000000e+02 21001
 -3.3776413699999998e+03 0.0000000000000000e+00 0.0000000000000000e+00 -1.2056100300000001e+03 12001
 -1.0805725299999999e+03 0.0000000000000000e+00 0.0000000000000000e+00 1.6507063800000001e+03 03001
 -2.0675836699999999e+02 0.0000000000000000e+00 0.0000000000000000e+00 -8.6394541199999999e+00 10201
 1.2861228000000001e+03 0.0000000000000000e+00 0.0000000000000000e+00 5.1734533999999996e+01 01201
 4.5738898999999998e+02 0.0000000000000000e+00 0.0000000000000000e+00 2.4632876999999999e+02 10111
 3.1552100700000000e+02 0.0000000000000000e+00 0.0000000000000000e+00 -1.4688802499999999e+03 01111
 -2.8637608399999999e+00 0.0000000000000000e+00 0.0000000000000000e+00 -7.7696205800000001e+01 20002
 -2.8453250400000002e+02 0.0000000000000000e+00 0.0000000000000000e+00 8.0826721799999996e+02 11002
 -5.4968678599999997e+01 0.0000000000000000e+00 0.0000000000000000e+00 -1.8872739300000001e+03 02002
 -8.9490322900000001e+02 0.0000000000000000e+00 0.0000000000000000e+00 -1.3172162699999999e+01 00202
 -5.8186814800000001e+01 0.0000000000000000e+00 0.0000000000000000e+00 -1.7587238100000000e+03 10021
 2.8100110300000001e+01 0.0000000000000000e+00 0.0000000000000000e+00 1.0443614200000000e+04 01021
 2.4986902400000002e+01 0.0000000000000000e+00 0.0000000000000000e+00 3.7717688900000002e+02 00112
 -4.7104892700000001e+00 0.0000000000000000e+00 0.0000000000000000e+00 -1.7433297400000001e+02 10003
 -9.4935661400000004e-01 0.0000000000000000e+00 0.0000000000000000e+00 8.9351807699999995e+02 01003
 5.9109615599999996e+00 0.0000000000000000e+00 0.0000000000000000e+00 -2.7085707800000000e+03 00022
 1.0590745000000000e-01 0.0000000000000000e+00 0.0000000000000000e+00 -1.4915634900000001e+02 00004
 7.4420433400000000e-02 0.0000000000000000e+00 0.0000000000000000e+00 0.0000000000000000e+00 00101
 -9.3204445700000005e-01 0.0000000000000000e+00 0.0000000000000000e+00 0.0000000000000000e+00 00011
 2.8452158100000000e+00 0.0000000000000000e+00 0.0000000000000000e+00 0.0000000000000000e+00 10101
 -2.5439373000000000e+01 0.0000000000000000e+00 0.0000000000000000e+00 0.0000000000000000e+00 01101
 1.3705155500000000e+01 0.0000000000000000e+00 0.0000000000000000e+00 0.0000000000000000e+00 10011
 -7.2542508699999999e+01 0.0000000000000000e+00 0.0000000000000000e+00 0.0000000000000000e+00 01011
 1.1188551900000000e+01 0.0000000000000000e+00 0.0000000000000000e+00 0.0000000000000000e+00 00102
 -2.9857603999999998e+01 0.0000000000000000e+00 0.0000000000000000e+00 0.0000000000000000e+00 20101
 2.5760759400000001e+02 0.0000000000000000e+00 0.0000000000000000e+00 0.0000000000000000e+00 11101
 2.2280062200000000e+02 0.0000000000000000e+00 0.0000000000000000e+00 0.0000000000000000e+00 02101
 -5.7470399800000003e+00 0.0000000000000000e+00 0.0000000000000000e+00 0.0000000000000000e+00 00301
 -5.8377417100000002e+01 0.0000000000000000e+00 0.0000000000000000e+00 0.0000000000000000e+00 20011
 -7.5798640700000007e+01 0.0000000000000000e+00 0.0000000000000000e+00 0.0000000000000000e+00 11011
 -2.0030666900000000e+01 0.0000000000000000e+00 0.0000000000000000e+00 0.0000000000000000e+00 02011
 8.1569985000000003e+01 0.0000000000000000e+00 0.0000000000000000e+00 0.0000000000000000e+00 00211
 3.9907235700000001e+01 0.0000000000000000e+00 0.0000000000000000e+00 0.0000000000000000e+00 10102
 2.6133789799999999e+01 0.0000000000000000e+00 0.0000000000000000e+00 0.0000000000000000e+00 01102
 1.1102801200000000e+01 0.0000000000000000e+00 0.0000000000000000e+00 0.0000000000000000e+00 00121
 1.5806418400000000e+01 0.0000000000000000e+00 0.0000000000000000e+00 0.0000000000000000e+00 10012
 2.5233279000000000e+00 0.0000000000000000e+00 0.0000000000000000e+00 0.0000000000000000e+00 01012
 1.4961163900000001e+00 0.0000000000000000e+00 0.0000000000000000e+00 0.0000000000000000e+00 00103
 2.9442717200000001e+00 0.0000000000000000e+00 0.0000000000000000e+00 0.0000000000000000e+00 00031
 1.9644430600000001e-01 0.0000000000000000e+00 0.0000000000000000e+00 0.0000000000000000e+00 00013
 1.6957368000000000e+02 0.0000000000000000e+00 0.0000000000000000e+00 0.0000000000000000e+00 40001
 -1.1884030900000000e+03 0.0000000000000000e+00 0.0000000000000000e+00 0.0000000000000000e+00 31001
 -2.5640085899999999e+03 0.0000000000000000e+00 0.0000000000000000e+00 0.0000000000000000e+00 22001
 -7.9612626599999999e+02 0.0000000000000000e+00 0.0000000000000000e+00 0.0000000000000000e+00 13001
 -1.7013585599999999e+02 0.0000000000000000e+00 0.0000000000000000e+00 0.0000000000000000e+00 04001
 2.5273732400000000e+01 0.0000000000000000e+00 0.0000000000000000e+00 0.0000000000000000e+00 30101
 -3.0211779799999999e+02 0.0000000000000000e+00 0.0000000000000000e+00 0.0000000000000000e+00 21101
 1.0508874799999999e+01 0.0000000000000000e+00 0.0000000000000000e+00 0.0000000000000000e+00 12101
 1.7954560900000001e+01 0.0000000000000000e+00 0.0000000000000000e+00 0.0000000000000000e+00 03101
 3.9304286900000000e+02 0.0000000000000000e+00 0.0000000000000000e+00 0.0000000000000000e+00 20201
 -2.6547935800000000e+03 0.0000000000000000e+00 0.0000000000000000e+00 0.0000000000000000e+00 11201
 -6.7520795899999996e+02 0.0000000000000000e+00 0.0000000000000000e+00 0.0000000000000000e+00 02201
 3.1537455800000000e+01 0.0000000000000000e+00 0.0000000000000000e+00 0.0000000000000000e+00 10301
 -6.6287274900000000e+01 0.0000000000000000e+00 0.0000000000000000e+00 0.0000000000000000e+00 01301
 1.1048366800000000e+01 0.0000000000000000e+00 0.0000000000000000e+00 0.0000000000000000e+00 00401
 5.3995273300000001e+01 0.0000000000000000e+00 0.0000000000000000e+00 0.0000000000000000e+00 30011
 1.9851422299999999e+01 0.0000000000000000e+00 0.0000000000000000e+00 0.0000000000000000e+00 21011
 6.9951277899999997e+00 0.0000000000000000e+00 0.0000000000000000e+00 0.0000000000000000e+00 12011
 2.0305896899999998e+00 0.0000000000000000e+00 0.0000000000000000e+00 0.0000000000000000e+00 03011
 -4.1475572199999999e+02 0.0000000000000000e+00 0.0000000000000000e+00 0.0000000000000000e+00 20111
 -2.4292429500000000e+02 0.0000000000000000e+00 0.0000000000000000e+00 0.0000000000000000e+00 11111
 -5.3283176900000001e+01 0.0000000000000000e+00 0.0000000000000000e+00 0.0000000000000000e+00 02111
 1.4085442600000000e+01 0.0000000000000000e+00 0.0000000000000000e+00 0.0000000000000000e+00 10211
 -7.1897002499999996e+00 0.0000000000000000e+00 0.0000000000000000e+00 0.0000000000000000e+00 01211
 4.6617528200000002e+01 0.0000000000000000e+00 0.0000000000000000e+00 0.0000000000000000e+00 00311
 3.2702350999999999e+02 0.0000000000000000e+00 0.0000000000000000e+00 0.0000000000000000e+00 30002
 -4.6760376399999998e+01 0.0000000000000000e+00 0.0000000000000000e+00 0.0000000000000000e+00 21002
 -1.3113077600000000e+01 0.0000000000000000e+00 0.0000000000000000e+00 0.0000000000000000e+00 12002
 -2.1460877500000000e+00 0.0000000000000000e+00 0.0000000000000000e+00 0.0000000000000000e+00 03002
 -4.0516263400000003e+02 0.0000000000000000e+00 0.0000000000000000e+00 0.0000000000000000e+00 20102
 -3.7832739400000001e+01 0.0000000000000000e+00 0.0000000000000000e+00 0.0000000000000000e+00 11102
 -3.2861643300000001e+00 0.0000000000000000e+00 0.0000000000000000e+00 0.0000000000000000e+00 02102
 -7.9775662299999999e+02 0.0000000000000000e+00 0.0000000000000000e+00 0.0000000000000000e+00 10202
 -1.0025346300000000e+02 0.0000000000000000e+00 0.0000000000000000e+00 0.0000000000000000e+00 01202
 -5.8149400000000000e+01 0.0000000000000000e+00 0.0000000000000000e+00 0.0000000000000000e+00 00302
 -4.9721882500000000e+01 0.0000000000000000e+00 0.0000000000000000e+00 0.0000000000000000e+00 20021
 -2.3494000000000000e+01 0.0000000000000000e+00 0.0000000000000000e+00 0.0000000000000000e+00 11021
 -4.6306529500000000e+00 0.0000000000000000e+00 0.0000000000000000e+00 0.0000000000000000e+00 02021
 -7.0125265800000003e+00 0.0000000000000000e+00 0.0000000000000000e+00 0.0000000000000000e+00 10121
 -1.6612841400000000e+00 0.0000000000000000e+00 0.0000000000000000e+00 0.0000000000000000e+00 01121
 8.9976115900000000e+00 0.0000000000000000e+00 0.0000000000000000e+00 0.0000000000000000e+00 00221
 -2.6915856399999999e+01 0.0000000000000000e+00 0.0000000000000000e+00 0.0000000000000000e+00 20012
 -2.9374057699999998e+00 0.0000000000000000e+00 0.0000000000000000e+00 0.0000000000000000e+00 11012
 -2.8169995599999997e-01 0.0000000000000000e+00 0.0000000000000000e+00 0.0000000000000000e+00 02012
 -4.4261380600000003e+01 0.0000000000000000e+00 0.0000000000000000e+00 0.0000000000000000e+00 10112
 -5.1887392600000002e+00 0.0000000000000000e+00 0.0000000000000000e+00 0.0000000000000000e+00 01112
 -2.3091301500000001e+00 0.0000000000000000e+00 0.0000000000000000e+00 0.0000000000000000e+00 00212
 1.2974281100000001e+01 0.0000000000000000e+00 0.0000000000000000e+00 0.0000000000000000e+00 20003
 1.2986379400000001e+00 0.0000000000000000e+00 0.0000000000000000e+00 0.0000000000000000e+00 11003
 1.7931982099999999e-01 0.0000000000000000e+00 0.0000000000000000e+00 0.0000000000000000e+00 02003
 3.5963604300000002e-01 0.0000000000000000e+00 0.0000000000000000e+00 0.0000000000000000e+00 10103
 -6.8600012500000002e-02 0.0000000000000000e+00 0.0000000000000000e+00 0.0000000000000000e+00 01103
 4.7989772600000002e-01 0.0000000000000000e+00 0.0000000000000000e+00 0.0000000000000000e+00 00203
 -1.5183764099999999e+00 0.0000000000000000e+00 0.0000000000000000e+00 0.0000000000000000e+00 10031
 -2.5950537600000001e-01 0.0000000000000000e+00 0.0000000000000000e+00 0.0000000000000000e+00 01031
 1.2137887100000000e+00 0.0000000000000000e+00 0.0000000000000000e+00 0.0000000000000000e+00 00131
 -3.8339448699999998e+00 0.0000000000000000e+00 0.0000000000000000e+00 0.0000000000000000e+00 10022
 -4.4880310099999998e-01 0.0000000000000000e+00 0.0000000000000000e+00 0.0000000000000000e+00 01022
 4.3274224600000001e-02 0.0000000000000000e+00 0.0000000000000000e+00 0.0000000000000000e+00 00122
 4.3379578000000002e-02 0.0000000000000000e+00 0.0000000000000000e+00 0.0000000000000000e+00 10013
 3.8101713399999999e-04 0.0000000000000000e+00 0.0000000000000000e+00 0.0000000000000000e+00 01013
 7.1732702300000006e-02 0.0000000000000000e+00 0.0000000000000000e+00 0.0000000000000000e+00 00113
 4.0493515200000002e-03 0.0000000000000000e+00 0.0000000000000000e+00 0.0000000000000000e+00 10004
 -7.0401424799999997e-04 0.0000000000000000e+00 0.0000000000000000e+00 0.0000000000000000e+00 01004
 4.1771769200000001e-03 0.0000000000000000e+00 0.0000000000000000e+00 0.0000000000000000e+00 00104
 2.6521246799999998e-01 0.0000000000000000e+00 0.0000000000000000e+00 0.0000000000000000e+00 00041
 3.4293861799999999e-02 0.0000000000000000e+00 0.0000000000000000e+00 0.0000000000000000e+00 00032
 2.7421903000000001e-02 0.0000000000000000e+00 0.0000000000000000e+00 0.0000000000000000e+00 00023
 3.8234677400000002e-03 0.0000000000000000e+00 0.0000000000000000e+00 0.0000000000000000e+00 00014
 1.4659581000000001e-03 0.0000000000000000e+00 0.0000000000000000e+00 0.0000000000000000e+00 00005
 -2.2197897499999999e+02 0.0000000000000000e+00 0.0000000000000000e+00 0.0000000000000000e+00 50001
 2.0814843300000002e+03 0.0000000000000000e+00 0.0000000000000000e+00 0.0000000000000000e+00 41001
 -4.3056093600000003e+02 0.0000000000000000e+00 0.0000000000000000e+00 0.0000000000000000e+00 32001
 -2.1805028799999999e+02 0.0000000000000000e+00 0.0000000000000000e+00 0.0000000000000000e+00 23001
 -5.5584450099999998e+01 0.0000000000000000e+00 0.0000000000000000e+00 0.0000000000000000e+00 14001
 -1.1364256800000000e+01 0.0000000000000000e+00 0.0000000000000000e+00 0.0000000000000000e+00 05001
 1.0843246300000000e+02 0.0000000000000000e+00 0.0000000000000000e+00 0.0000000000000000e+00 40101
 -9.3186493399999995e+02 0.0000000000000000e+00 0.0000000000000000e+00 0.0000000000000000e+00 31101
 -1.9297715800000000e+02 0.0000000000000000e+00 0.0000000000000000e+00 0.0000000000000000e+00 22101
 -2.8647338300000001e+01 0.0000000000000000e+00 0.0000000000000000e+00 0.0000000000000000e+00 13101
 -3.4101753399999999e+00 0.0000000000000000e+00 0.0000000000000000e+00 0.0000000000000000e+00 04101
 6.1327849800000003e+01 0.0000000000000000e+00 0.0000000000000000e+00 0.0000000000000000e+00 30201
 -4.3628918599999999e+01 0.0000000000000000e+00 0.0000000000000000e+00 0.0000000000000000e+00 21201
 -4.7152181900000002e+01 0.0000000000000000e+00 0.0000000000000000e+00 0.0000000000000000e+00 12201
 -1.4919883000000000e+01 0.0000000000000000e+00 0.0000000000000000e+00 0.0000000000000000e+00 03201
 5.8831090099999997e+01 0.0000000000000000e+00 0.0000000000000000e+00 0.0000000000000000e+00 20301
 -3.6337865000000001e+01 0.0000000000000000e+00 0.0000000000000000e+00 0.0000000000000000e+00 11301
 -8.0151232799999992e+00 0.0000000000000000e+00 0.0000000000000000e+00 0.0000000000000000e+00 02301
 -1.0494428700000000e+02 0.0000000000000000e+00 0.0000000000000000e+00 0.0000000000000000e+00 10401
 3.4771335299999997e+01 0.0000000000000000e+00 0.0000000000000000e+00 0.0000000000000000e+00 01401
 -1.2228812499999999e+02 0.0000000000000000e+00 0.0000000000000000e+00 0.0000000000000000e+00 00501
 -7.7545342300000002e+01 0.0000000000000000e+00 0.0000000000000000e+00 0.0000000000000000e+00 40011
 -6.4131444900000005e+01 0.0000000000000000e+00 0.0000000000000000e+00 0.0000000000000000e+00 31011
 -1.3985750500000000e+01 0.0000000000000000e+00 0.0000000000000000e+00 0.0000000000000000e+00 22011
 -2.3365408200000002e+00 0.0000000000000000e+00 0.0000000000000000e+00 0.0000000000000000e+00 13011
 -3.4059649100000000e-01 0.0000000000000000e+00 0.0000000000000000e+00 0.0000000000000000e+00 04011
 2.9339419400000001e+01 0.0000000000000000e+00 0.0000000000000000e+00 0.0000000000000000e+00 30111
 4.8114933100000002e+01 0.0000000000000000e+00 0.0000000000000000e+00 0.0000000000000000e+00 21111
 9.5017492400000005e+00 0.0000000000000000e+00 0.0000000000000000e+00 0.0000000000000000e+00 12111
 1.3883754100000001e+00 0.0000000000000000e+00 0.0000000000000000e+00 0.0000000000000000e+00 03111
 5.2479251499999997e+01 0.0000000000000000e+00 0.0000000000000000e+00 0.0000000000000000e+00 20211
 3.8005874199999998e+00 0.0000000000000000e+00 0.0000000000000000e+00 0.0000000000000000e+00 11211
 2.3455513600000000e-01 0.0000000000000000e+00 0.0000000000000000e+00 0.0000000000000000e+00 02211
 3.9580808500000003e+01 0.0000000000000000e+00 0.0000000000000000e+00 0.0000000000000000e+00 10311
 1.5256354200000001e+01 0.0000000000000000e+00 0.0000000000000000e+00 0.0000000000000000e+00 01311
 -7.2808032699999998e+00 0.0000000000000000e+00 0.0000000000000000e+00 0.0000000000000000e+00 00411
 -5.9749734599999999e+02 0.0000000000000000e+00 0.0000000000000000e+00 0.0000000000000000e+00 40002
 -1.0272174900000000e+02 0.0000000000000000e+00 0.0000000000000000e+00 0.0000000000000000e+00 31002
 -1.5368110700000001e+01 0.0000000000000000e+00 0.0000000000000000e+00 0.0000000000000000e+00 22002
 -2.1720831600000001e+00 0.0000000000000000e+00 0.0000000000000000e+00 0.0000000000000000e+00 13002
 -2.7460926400000002e-01 0.0000000000000000e+00 0.0000000000000000e+00 0.0000000000000000e+00 04002
 1.0683798299999999e+02 0.0000000000000000e+00 0.0000000000000000e+00 0.0000000000000000e+00 30102
 1.2376615800000000e+01 0.0000000000000000e+00 0.0000000000000000e+00 0.0000000000000000e+00 21102
 1.4653033000000000e+00 0.0000000000000000e+00 0.0000000000000000e+00 0.0000000000000000e+00 12102
 1.8539329299999999e-01 0.0000000000000000e+00 0.0000000000000000e+00 0.0000000000000000e+00 03102
 1.1888713100000000e+01 0.0000000000000000e+00 0.0000000000000000e+00 0.0000000000000000e+00 20202
 -2.5566998800000000e+00 0.0000000000000000e+00 0.0000000000000000e+00 0.0000000000000000e+00 11202
 -8.6380901700000001e-01 0.0000000000000000e+00 0.0000000000000000e+00 0.0000000000000000e+00 02202
 1.8804701399999999e+01 0.0000000000000000e+00 0.0000000000000000e+00 0.0000000000000000e+00 10302
 2.4966757999999998e+00 0.0000000000000000e+00 0.0000000000000000e+00 0.0000000000000000e+00 01302
 -3.9308849700000001e+00 0.0000000000000000e+00 0.0000000000000000e+00 0.0000000000000000e+00 00402
 1.2703465100000001e+01 0.0000000000000000e+00 0.0000000000000000e+00 0.0000000000000000e+00 30021
 7.9618751600000000e+00 0.0000000000000000e+00 0.0000000000000000e+00 0.0000000000000000e+00 21021
 1.6098250700000001e+00 0.0000000000000000e+00 0.0000000000000000e+00 0.0000000000000000e+00 12021
 2.5756567499999999e-01 0.0000000000000000e+00 0.0000000000000000e+00 0.0000000000000000e+00 03021
 5.9357450700000003e+00 0.0000000000000000e+00 0.0000000000000000e+00 0.0000000000000000e+00 20121
 6.7934845300000002e-01 0.0000000000000000e+00 0.0000000000000000e+00 0.0000000000000000e+00 11121
 7.5755015100000003e-02 0.0000000000000000e+00 0.0000000000000000e+00 0.0000000000000000e+00 02121
 7.3629458100000003e+00 0.0000000000000000e+00 0.0000000000000000e+00 0.0000000000000000e+00 10221
 2.3008013500000000e+00 0.0000000000000000e+00 0.0000000000000000e+00 0.0000000000000000e+00 01221
 -1.1838300700000000e-01 0.0000000000000000e+00 0.0000000000000000e+00 0.0000000000000000e+00 00321
 1.4425814500000000e+01 0.0000000000000000e+00 0.0000000000000000e+00 0.0000000000000000e+00 30012
 1.5265816299999999e+00 0.0000000000000000e+00 0.0000000000000000e+00 0.0000000000000000e+00 21012
 1.6302881699999999e-01 0.0000000000000000e+00 0.0000000000000000e+00 0.0000000000000000e+00 12012
 1.7168950900000000e-02 0.0000000000000000e+00 0.0000000000000000e+00 0.0000000000000000e+00 03012
 1.5074373400000001e+01 0.0000000000000000e+00 0.0000000000000000e+00 0.0000000000000000e+00 20112
 1.6070658300000000e+00 0.0000000000000000e+00 0.0000000000000000e+00 0.0000000000000000e+00 11112
 1.6646502299999999e-01 0.0000000000000000e+00 0.0000000000000000e+00 0.0000000000000000e+00 02112
 2.2880329700000002e+00 0.0000000000000000e+00 0.0000000000000000e+00 0.0000000000000000e+00 10212
 2.6541344900000002e-01 0.0000000000000000e+00 0.0000000000000000e+00 0.0000000000000000e+00 01212
 3.2668393000000000e+00 0.0000000000000000e+00 0.0000000000000000e+00 0.0000000000000000e+00 00312
 -1.4469480500000000e+00 0.0000000000000000e+00 0.0000000000000000e+00 0.0000000000000000e+00 30003
 -3.0155182100000000e-01 0.0000000000000000e+00 0.0000000000000000e+00 0.0000000000000000e+00 21003
 -9.7940595800000002e-02 0.0000000000000000e+00 0.0000000000000000e+00 0.0000000000000000e+00 12003
 -2.1887463300000000e-02 0.0000000000000000e+00 0.0000000000000000e+00 0.0000000000000000e+00 03003
 2.1373127700000000e-01 0.0000000000000000e+00 0.0000000000000000e+00 0.0000000000000000e+00 20103
 -4.2487175700000003e-03 0.0000000000000000e+00 0.0000000000000000e+00 0.0000000000000000e+00 11103
 -2.6398123599999999e-03 0.0000000000000000e+00 0.0000000000000000e+00 0.0000000000000000e+00 02103
 -3.9033618199999998e-01 0.0000000000000000e+00 0.0000000000000000e+00 0.0000000000000000e+00 10203
 -2.2056344900000000e-02 0.0000000000000000e+00 0.0000000000000000e+00 0.0000000000000000e+00 01203
 -2.5206106999999998e-02 0.0000000000000000e+00 0.0000000000000000e+00 0.0000000000000000e+00 00303
 8.3539572600000001e-01 0.0000000000000000e+00 0.0000000000000000e+00 0.0000000000000000e+00 20031
 1.0108242400000000e-01 0.0000000000000000e+00 0.0000000000000000e+00 0.0000000000000000e+00 11031
 1.1382651500000000e-02 0.0000000000000000e+00 0.0000000000000000e+00 0.0000000000000000e+00 02031
 9.6753924199999997e-01 0.0000000000000000e+00 0.0000000000000000e+00 0.0000000000000000e+00 10131
 2.8394057299999997e-01 0.0000000000000000e+00 0.0000000000000000e+00 0.0000000000000000e+00 01131
 7.0409468399999994e-02 0.0000000000000000e+00 0.0000000000000000e+00 0.0000000000000000e+00 00231
 1.9662115200000001e+00 0.0000000000000000e+00 0.0000000000000000e+00 0.0000000000000000e+00 20022
 2.1192966199999999e-01 0.0000000000000000e+00 0.0000000000000000e+00 0.0000000000000000e+00 11022
 2.2229702000000000e-02 0.0000000000000000e+00 0.0000000000000000e+00 0.0000000000000000e+00 02022
 1.9217672799999999e-01 0.0000000000000000e+00 0.0000000000000000e+00 0.0000000000000000e+00 10122
 2.0842935900000002e-02 0.0000000000000000e+00 0.0000000000000000e+00 0.0000000000000000e+00 01122
 4.0919772199999999e-01 0.0000000000000000e+00 0.0000000000000000e+00 0.0000000000000000e+00 00222
 1.1620879799999999e-02 0.0000000000000000e+00 0.0000000000000000e+00 0.0000000000000000e+00 20013
 -8.6175197900000000e-04 0.0000000000000000e+00 0.0000000000000000e+00 0.0000000000000000e+00 11013
 -3.6803400800000002e-04 0.0000000000000000e+00 0.0000000000000000e+00 0.0000000000000000e+00 02013
 -3.0559588299999999e-02 0.0000000000000000e+00 0.0000000000000000e+00 0.0000000000000000e+00 10113
 7.9282077300000002e-04 0.0000000000000000e+00 0.0000000000000000e+00 0.0000000000000000e+00 01113
 -1.0358131200000000e-03 0.0000000000000000e+00 0.0000000000000000e+00 0.0000000000000000e+00 00213
 -3.1766529600000003e-02 0.0000000000000000e+00 0.0000000000000000e+00 0.0000000000000000e+00 20004
 -8.6869289399999997e-03 0.0000000000000000e+00 0.0000000000000000e+00 0.0000000000000000e+00 11004
 -1.3033663300000000e-03 0.0000000000000000e+00 0.0000000000000000e+00 0.0000000000000000e+00 02004
 -4.8593005899999998e-03 0.0000000000000000e+00 0.0000000000000000e+00 0.0000000000000000e+00 10104
 -1.8132267699999999e-04 0.0000000000000000e+00 0.0000000000000000e+00 0.0000000000000000e+00 01104
 -2.2531301500000000e-02 0.0000000000000000e+00 0.0000000000000000e+00 0.0000000000000000e+00 00204
 1.0273608300000001e-01 0.0000000000000000e+00 0.0000000000000000e+00 0.0000000000000000e+00 10041
 3.1679181700000003e-02 0.0000000000000000e+00 0.0000000000000000e+00 0.0000000000000000e+00 01041
 1.7740698900000001e-02 0.0000000000000000e+00 0.0000000000000000e+00 0.0000000000000000e+00 00141
 1.2813031600000000e-02 0.0000000000000000e+00 0.0000000000000000e+00 0.0000000000000000e+00 10032
 1.3430987299999999e-03 0.0000000000000000e+00 0.0000000000000000e+00 0.0000000000000000e+00 01032
 4.4265491599999998e-02 0.0000000000000000e+00 0.0000000000000000e+00 0.0000000000000000e+00 00132
 -5.0074566800000003e-03 0.0000000000000000e+00 0.0000000000000000e+00 0.0000000000000000e+00 10023
 -3.6226490100000000e-05 0.0000000000000000e+00 0.0000000000000000e+00 0.0000000000000000e+00 01023
 -1.0084677400000000e-04 0.0000000000000000e+00 0.0000000000000000e+00 0.0000000000000000e+00 00123
 -2.5991156500000000e-04 0.0000000000000000e+00 0.0000000000000000e+00 0.0000000000000000e+00 10014
 -8.6598892899999998e-06 0.0000000000000000e+00 0.0000000000000000e+00 0.0000000000000000e+00 01014
 1.2643326200000000e-04 0.0000000000000000e+00 0.0000000000000000e+00 0.0000000000000000e+00 00114
 -3.7640531699999999e-04 0.0000000000000000e+00 0.0000000000000000e+00 0.0000000000000000e+00 10005
 -4.9526213000000003e-05 0.0000000000000000e+00 0.0000000000000000e+00 0.0000000000000000e+00 01005
 5.0543502499999998e-05 0.0000000000000000e+00 0.0000000000000000e+00 0.0000000000000000e+00 00105
 3.1877867700000001e-03 0.0000000000000000e+00 0.0000000000000000e+00 0.0000000000000000e+00 00051
 4.7427681699999998e-03 0.0000000000000000e+00 0.0000000000000000e+00 0.0000000000000000e+00 00042
 1.0854985800000000e-05 0.0000000000000000e+00 0.0000000000000000e+00 0.0000000000000000e+00 00033
 9.0835490000000001e-05 0.0000000000000000e+00 0.0000000000000000e+00 0.0000000000000000e+00 00024
 3.1187906300000002e-06 0.0000000000000000e+00 0.0000000000000000e+00 0.0000000000000000e+00 00015
 2.3269827100000001e-06 0.0000000000000000e+00 0.0000000000000000e+00 0.0000000000000000e+00 00006
 --------------------------------------------
