! Candidate angular fit; delta and xtar-dependent terms retained from frozen seed.
 --------------------------------------------
 8.1630349306350365e-04 -4.5654448501593510e-05 5.4159777771874487e-04 0.0000000000000000e+00 00000
 3.2384493727991298e-01 1.5739115290168255e-02 -5.3059782416045378e-03 2.4527718100000001e-01 10000
 -2.9392077849042271e+00 -1.3268708351489159e-01 3.9231841435994605e-02 1.7923725400000001e-01 01000
 -6.3344383131315411e-03 -4.5638871335883069e-01 2.6968763748771285e-01 1.5762221900000001e-02 00100
 1.3150384187016367e-01 3.6370186469571311e-02 -2.2866027725658609e+00 -2.7748113599999999e-02 00010
 -3.4081975210095394e-01 -3.6765694664764495e-02 1.5022731305208368e-02 -3.1763193899999997e-01 20000
 2.7114366222227817e+00 2.2962383011119972e-01 -1.0546713517690529e-01 3.2294487900000002e+00 11000
 3.9346405428418101e+00 1.4180520658427556e-01 2.0372244369234480e-01 9.9624983800000000e-01 02000
 8.3148930302377508e-02 1.4276831344561449e+00 -4.5437142758895643e-01 -6.9868989000000006e-02 10100
 -1.7509695520535284e-01 9.1300587488004992e-01 3.3889075940125413e-01 -2.7273720299999998e-01 01100
 2.1927175474089897e-01 -2.5990187159397497e-02 3.9949139008833984e-02 -1.7795864400000000e-02 00200
 -4.3199330530427915e-01 -1.9589327120368811e+01 5.4240865633346784e+00 -1.7964206399999999e-01 10010
 4.4142214444559741e-01 -2.0672301575187497e+01 1.9612302542993110e+00 5.1434082800000001e+00 01010
 -3.2979613423225868e-01 -2.1634862272394648e-01 -9.5461911842195865e-02 4.5628469799999999e-01 00110
 -3.4837463513034463e+00 5.4934529336434135e-01 9.8125147065030704e-01 -6.4079203600000003e+00 00020
 2.2163330910672010e+00 9.3578775706159786e-02 -4.1795545664452427e-02 9.3683431900000003e-01 30000
 -4.8485110973072679e+01 3.8785259438685588e-01 -3.5012829920623639e-01 -1.3540589900000001e+01 21000
 3.6890992341632096e+02 -1.5898318095367344e+01 1.0063996285391752e+01 5.1879764199999997e+01 12000
 -1.0176703333911260e+03 7.2233206183616019e+01 -4.2956825784993519e+01 -2.0498985000000001e+01 03000
 2.4787850506196891e+00 -4.7415785400205159e+00 1.6654774087535877e+00 -3.1254219399999998e-02 20100
 -2.6541788512083102e+01 5.2193222896184373e+01 -1.6999370527000927e+01 2.8400841199999999e-01 11100
 4.7484505468065855e+01 -1.3019323252471557e+02 4.1929856882942659e+01 3.9556433100000001e+00 02100
 -1.2260868594732082e+00 3.3314016359892813e+00 -1.1887782080383547e+00 9.5431561099999995e-01 10200
 -4.2334417573362204e+00 -2.6720761282955859e+01 6.7597897197563350e+00 -7.0688381700000003e+00 01200
 7.9206823827842021e-01 -3.2361830004488144e+00 4.5850464828609194e+00 -3.5820566700000001e-01 00300
 -2.0554419547288263e+00 6.1746147802251762e+01 -2.0914383644874260e+01 -2.7448817499999998e+00 20010
 5.2967117512865983e+01 -6.9550884195882770e+02 2.1501168836888121e+02 1.0681983600000001e+01 11010
 -2.0732972140604775e+02 1.7803030487957283e+03 -4.9117960680159945e+02 -4.6776265000000002e+01 02010
 -1.7915693295063274e+01 -5.9060635786386378e+01 1.9146759082948705e+01 4.3468718099999998e-01 10110
 3.0984864188018304e+02 4.3864531882735724e+02 -1.1921492260263744e+02 2.5692412099999999e+01 01110
 -1.3170246403670834e+01 1.0587413008844422e+02 -7.7604065538329337e+01 -3.1559352000000001e+00 00210
 2.7892855661675435e+02 5.5809847262506061e+01 -1.6801228653320404e+01 3.1907757499999999e+01 10020
 -2.3449626424095663e+03 -1.5978457151202633e+02 1.7260171137870952e+02 -4.6789810199999999e+02 01020
 3.6642813291176516e+01 -1.3358383961493805e+03 8.1838496718043086e+02 3.4179037000000001e+01 00120
 2.4354102804480715e+02 5.7862159772672230e+03 -2.8841623419473690e+03 -7.1508536199999995e+01 00030
 -5.0077316047333111e+00 7.1937353927953196e-01 -4.4508174555215430e-01 -2.3027877499999998e+00 40000
 8.5762043394209485e+01 -2.9280542001795013e+01 1.4389217499514521e+01 5.8024830899999998e+01 31000
 -2.3599075652860367e+02 3.6992259303721204e+02 -1.6182027580620445e+02 -4.9156237399999998e+02 22000
 -2.4897198004994366e+03 -1.8856520884343006e+03 7.4803154505908424e+02 1.7182972100000000e+03 13000
 1.1902213562640398e+04 3.2835823519620817e+03 -1.2698980364722349e+03 -1.9501040300000000e+03 04000
 -4.0421937762233433e+01 9.2965910986177516e+00 -2.2756303426268096e+00 -1.4621283800000000e+00 30100
 7.4225434459114513e+02 -1.0985605278005613e+02 3.4006612208471623e+01 4.7295753499999996e+01 21100
 -4.6906612594311073e+03 1.4534389467537909e+02 -5.0878487170109992e+01 -4.3237295599999999e+02 12100
 1.0559778375859869e+04 9.9497319135743317e+02 -4.1876337694148430e+02 1.3233994800000000e+03 03100
 8.0655747079667712e+00 -1.3883546068408457e+01 1.7121141155991493e-01 -1.0047251200000000e+00 20200
 -9.3263101722339826e+01 1.1070035512474007e+02 6.5463545762903017e+00 1.6743462399999999e+01 11200
 4.4366275425847311e+02 1.3251865624945449e+02 -2.2788815728625491e+02 -6.7273158699999996e+01 02200
 -7.1306972278548443e+01 8.6393600774815322e+00 -2.1538971243384535e+00 4.9815545700000001e+00 10300
 4.2934956681396477e+02 1.0158641803496685e+01 -1.6456295065748719e+02 -3.7436718100000000e+01 01300
 -5.2629978394454318e+00 1.5845994925453658e+01 -5.9846014962617233e-01 3.8352631700000002e+00 00400
 1.9688265297417024e+02 -1.5672628330134339e+02 3.4562879639315810e+01 2.0406354700000001e+01 30010
 -2.8882685169877609e+03 2.2030269645499129e+03 -5.4827757625660433e+02 -5.2187064599999997e+02 21010
 1.4219067801416768e+04 -7.7749928740075593e+03 1.9470175130003799e+03 4.0218560800000000e+03 12010
 -2.7449470551140676e+04 1.9414385451023713e+03 6.7614018461739568e+02 -1.1081659400000000e+04 03010
 -2.3081909059595421e+02 4.5430539663979511e+02 -6.7804690562972155e+01 -2.6109065900000001e+01 20110
 2.0828099563663054e+03 -4.0339744116543816e+03 4.2388681474483809e+02 3.4366059500000000e+02 11110
 -8.9503494859080711e+03 1.3439178382934247e+03 2.5381746376424562e+03 -9.7405222100000003e+02 02110
 9.0616797092446791e+02 -4.8885193689750804e+02 2.3896049823744360e+02 -3.6510193000000001e+01 10210
 -4.4886634769457323e+03 1.2836577363333497e+03 1.2856624474954438e+03 2.9243684000000002e+02 01210
 2.0416965985008491e+02 -3.7177431840212324e+02 3.7082667134870593e+02 -8.4939199799999997e+01 00310
 7.0593318499914631e+02 -2.1133156258856156e+03 4.5249205824008374e+02 4.0636932100000001e+02 20020
 -4.9184184493704979e+03 1.5520973069135411e+04 -2.9396475946029459e+03 -4.5869649099999997e+03 11020
 3.9248094235358512e+04 1.6691382743809314e+04 -1.0106748776284858e+04 9.3584628599999996e+03 02020
 -4.2560612783495926e+03 4.7880555348943390e+03 4.9454565707925144e+02 6.0264629700000000e+01 10120
 1.1466758806188074e+04 -1.2550403911248641e+04 -7.8841047371235854e+03 -6.9720597099999998e+02 01120
 -1.4883927152767137e+03 1.5845655608939546e+02 -3.6702902220724400e+03 7.2697501299999999e+02 00220
 2.0085056801572828e+03 -2.5903828234719709e+04 -1.0127910833823137e+03 5.3606629499999997e+02 10030
 5.1431262220186989e+04 7.6725757295361589e+04 4.2748785751435906e+04 -2.3364836399999999e+03 01030
 -1.0702694892140322e+04 1.7133061616112522e+04 9.8627004491864773e+03 -1.6674671400000000e+03 00130
 7.9370418068545667e+04 -6.5279800439189166e+04 4.0662418624826273e+03 3.9121164899999999e+03 00040
 -1.5989915950784347e+01 -4.9844272437770902e+00 2.3393000401426765e+00 4.9678190300000002e+00 50000
 1.0123696754032424e+03 1.3718969280727282e+02 -5.5557920296583191e+01 -2.1463550799999999e+02 41000
 -2.0445585041138256e+04 -1.4308514250488920e+03 4.3715413256005780e+02 3.4385126599999999e+03 32000
 1.8881440602737886e+05 5.7728861348978944e+03 -2.0018378598477983e+02 -2.7888407800000001e+04 23000
 -8.4145283614803175e+05 -9.8660453452652541e+02 -1.3184626104832672e+04 1.1885052899999999e+05 14000
 1.4913514869226424e+06 -3.9004867185682371e+04 4.7601694784227082e+04 -2.0979779999999999e+05 05000
 1.4515842843412665e+02 -1.5805084356817881e+01 -4.8793561960062055e+00 3.0790796100000000e+00 40100
 -2.8474308852213312e+03 2.5843280309281386e+02 7.5807002263653274e+01 -7.1757031799999993e+01 31100
 1.5440437788712023e+04 -1.5561276343216721e+02 -5.4391801837689877e+02 1.7523077900000001e+02 22100
 -2.0636440173828323e+03 -1.0530100502310839e+04 1.5342874917349516e+03 3.6607079199999998e+03 13100
 -1.0383323468066804e+05 3.7711033921056878e+04 -1.4666000985540836e+03 -1.8679771700000001e+04 04100
 -7.5248165490482165e+01 2.2358724648480994e+01 1.5623297314604713e+01 -9.8292970799999999e+00 30200
 1.3353845148786625e+03 -3.2920890610407940e+02 -4.1537083681862143e+01 2.2322339500000001e+02 21200
 -8.7181941751123231e+03 5.4224658230998932e+02 -1.8751323397466824e+03 -1.9345593400000000e+03 12200
 2.6370309902046069e+04 7.3937341316934987e+02 1.2584673069818153e+04 6.2959604900000004e+03 03200
 4.2653213182803398e+02 -3.5298082159537309e+01 -4.8807558906166143e+01 7.5324127100000000e+00 20300
 -3.7008377852354993e+03 2.9062428036981828e+02 3.2583429547578390e+02 -1.7311873199999999e+02 11300
 5.0100026362683611e+03 -5.3103474549319719e+02 3.2541514466516833e+03 1.0774482200000000e+03 02300
 2.7264545695349301e+02 1.4186827783209747e+01 6.0858428808504073e+01 -1.1124031400000001e+00 10400
 -1.9274659916166815e+03 -8.5971114334594938e+02 1.9898250765865671e+02 -1.0768688200000000e+02 01400
 1.1611979592474115e+02 3.4857912436655631e+01 -1.2531056588860534e+02 -1.3675491200000001e+00 00500
 -1.7593696229625280e+03 2.7892981740548549e+02 3.8139535308423362e+01 -4.8581986499999999e+01 40010
 3.5537412853997987e+04 -3.8183032935570136e+03 -1.0717071522234512e+03 1.9529719100000000e+03 31010
 -2.3335202188840607e+05 -5.0974840997087813e+03 1.4834858235687634e+04 -2.0776508900000001e+04 22010
 4.5781688611131487e+05 2.2718479183557417e+05 -8.5796688290563048e+04 7.9440774900000004e+04 13010
 2.8586386239587137e+05 -7.5088845992427249e+05 1.4883464193482205e+05 -7.1841567599999995e+04 04010
 3.0164292930215993e+03 -1.6011427974078840e+03 -2.4089666068710096e+02 6.3779292800000000e+01 30110
 -5.3918705315961597e+04 2.5187063356940667e+04 2.4991786408044732e+03 -1.7658266000000001e+03 21110
 3.3818300115618622e+05 -9.9724812281405844e+04 -5.5716792240689222e+02 1.1961652899999999e+04 12110
 -8.2033144820769236e+05 1.1652314227545343e+05 -7.9319271359800521e+04 -3.6062570899999999e+04 03110
 -6.3992570569139007e+03 1.9751382072600509e+03 2.3873331725148232e+03 -8.6987571199999998e+00 20210
 3.3010625165454905e+04 -2.7257678106792398e+04 -2.9990500779019556e+04 1.6077307200000000e+03 11210
 6.9350189862701343e+04 8.4606343689126006e+04 1.2897879551845655e+04 -1.1675984399999999e+04 02210
 -7.6008140206050223e+02 1.9491238554673412e+03 -3.2527548692022074e+03 1.6598224700000000e+02 10310
 -1.6644080076796199e+03 1.5691514239027551e+04 -7.7405929220248727e+03 9.4686973100000000e+02 01310
 -3.6612633357258628e+03 1.8534464342845579e+03 4.2155730472915911e+03 1.6439557600000001e+02 00410
 -2.1625950215782388e+04 1.2681316445536071e+04 1.6510635285935873e+01 -2.4076491099999998e+03 30020
 3.9351124744615343e+05 -1.8515296389116545e+05 -4.9962161357006125e+03 5.5520991600000001e+04 21020
 -2.6052182044375986e+06 6.5604339957218245e+05 5.4259898357663049e+04 -4.1814969699999999e+05 12020
 6.5905886048018904e+06 -7.0015201955514925e+05 -4.0554565016831213e+04 1.1185970900000001e+06 03020
 4.0096975058917800e+04 -2.2262926719172170e+04 -2.3437048484352847e+04 3.3250162999999998e+02 20120
 -1.9322489381629770e+05 2.8094794702082977e+05 3.2598306777136272e+05 -1.4254245100000000e+04 11120
 -4.3723495340231335e+05 -7.9192416275104927e+05 -6.0825968399859651e+05 5.2657758800000003e+04 02120
 -5.3226574754201443e+04 -4.3123339575702856e+04 6.1180725297350262e+04 -3.9989584300000001e+03 10220
 4.7750608390988497e+05 -4.0008238885274615e+04 -4.0000420745474526e+03 2.5102144300000000e+04 01220
 4.7051118451833529e+04 9.3847910171097337e+03 -9.7001346122458184e+04 9.0266857599999994e+01 00320
 -1.2990337805745687e+05 5.1366602305033317e+04 1.1323626677851897e+05 -9.3089900000000000e+02 20030
 7.2636735023398290e+05 -1.0164732829523832e+06 -7.7476542876791721e+05 3.9788767800000001e+04 11030
 9.8015386419751588e+05 3.6661795742987604e+06 1.5546999758099285e+06 -1.1875274700000000e+05 02030
 4.3346402747462568e+05 3.3048087019692402e+05 -3.5970356763855391e+05 2.9493169800000000e+04 10130
 -3.4751672792759365e+06 -5.6254772058541712e+05 6.3118611483634426e+05 -2.5987719800000000e+05 01130
 -3.6708826130621735e+05 -4.8761942202669784e+05 1.0597480301146058e+06 1.1004152400000000e+03 00230
 -1.0424628126330393e+06 -7.9308065522183967e+05 5.1208716799716774e+05 -1.3196676600000001e+04 10040
 7.0331114541522972e+06 1.3958101222371438e+06 -2.1822125413738564e+06 3.0309427799999999e+05 01040
 1.8901492379242468e+06 2.7674234148946949e+06 -5.0514348124413704e+06 -1.7333469400000002e+04 00140
 -4.9737692519846680e+06 -4.8321831893024044e+06 9.3648112262460124e+06 3.0963153100000000e+04 00050
 4.5010489388565624e+01 9.6041411145185940e+00 -1.8718504514793251e+00 0.0000000000000000e+00 60000
 -2.3088861254748404e+03 -2.5367673117773279e+02 7.5298345844540346e+00 0.0000000000000000e+00 51000
 3.9318326044924514e+04 2.4693113802425664e+03 6.9644485954448544e+02 0.0000000000000000e+00 42000
 -2.5486864939733071e+05 -5.6816953758725567e+03 -1.0712900817484899e+04 0.0000000000000000e+00 33000
 7.9951370077482658e+04 -5.8277086219147393e+04 5.4161186226382670e+04 0.0000000000000000e+00 24000
 5.5904174345515454e+06 3.1733026243370021e+05 -3.6664713490377071e+04 0.0000000000000000e+00 15000
 -1.6630411443520660e+07 -2.4987678137915241e+05 -2.9046725588944915e+05 0.0000000000000000e+00 06000
 -1.5429960144347206e+02 7.8903091893069401e+00 1.5203725862754172e+01 0.0000000000000000e+00 50100
 3.5105916558996073e+03 -3.7246298552818985e+02 -3.7417317131555029e+02 0.0000000000000000e+00 41100
 -2.9785841667780431e+04 5.1281630781354579e+03 4.7591037574957199e+03 0.0000000000000000e+00 32100
 1.7280432589935104e+05 -4.8972580960576437e+04 -4.1368513704732351e+04 0.0000000000000000e+00 23100
 -8.7417358072357078e+05 3.1959439546131372e+05 1.9513959172132649e+05 0.0000000000000000e+00 14100
 1.8377191986046326e+06 -8.4373157921189268e+05 -2.9305479136318638e+05 0.0000000000000000e+00 05100
 1.0874591955040331e+02 -3.6372439362970354e+01 -5.0961194160447398e+01 0.0000000000000000e+00 40200
 -1.2070100150214814e+03 1.3878866422090080e+03 9.8677860757833650e+02 0.0000000000000000e+00 31200
 3.0580895262119020e+02 -1.6889268597791175e+04 -1.0722921274543764e+04 0.0000000000000000e+00 22200
 3.7232017974124130e+04 1.0257524907925910e+05 9.0238206241561609e+04 0.0000000000000000e+00 13200
 -2.8930311330843577e+05 -2.3715231915174072e+05 -3.0727187075417500e+05 0.0000000000000000e+00 04200
 -6.8071204849900187e+02 1.1022032203219288e+02 1.0216510706701752e+02 0.0000000000000000e+00 30300
 7.5856442761284161e+03 -9.2098161722330110e+02 -1.1056302149555800e+03 0.0000000000000000e+00 21300
 -1.6388026723837069e+04 -1.0827931106870240e+03 4.6577778693786940e+03 0.0000000000000000e+00 12300
 -1.4602708289649531e+03 -6.6914789074241662e+03 -4.8403665357680220e+04 0.0000000000000000e+00 03300
 -5.7544912098335283e+02 -1.3023626080935787e+02 -1.0134073996265084e+02 0.0000000000000000e+00 20400
 2.8483628154261974e+03 2.1868639578523844e+03 7.2652496593544711e+01 0.0000000000000000e+00 11400
 1.8333076264053390e+04 1.9975511471019508e+03 -4.0122260460463767e+03 0.0000000000000000e+00 02400
 -2.7287390204225915e+02 -2.0046553885105817e+02 2.9892303591394653e+02 0.0000000000000000e+00 10500
 -6.2610284053141027e+02 9.3829721101637108e+02 1.2141659849692026e+03 0.0000000000000000e+00 01500
 -2.4345632770906445e+02 -1.4994553302675493e+02 -2.9783840641363480e+02 0.0000000000000000e+00 00600
 3.5762504406587705e+03 -1.8123417129463490e+02 -1.8412923178488014e+00 0.0000000000000000e+00 50010
 -7.8276098492664925e+04 1.1924432938567129e+03 -1.3433107865211643e+03 0.0000000000000000e+00 41010
 4.2945855003322766e+05 4.6723342435800594e+04 2.9514724894416853e+04 0.0000000000000000e+00 32010
 6.7974445219115156e+05 -3.3813694908574608e+05 -1.8651006430164931e+05 0.0000000000000000e+00 23010
 -9.3779158771753777e+06 -9.7616837271379656e+05 9.2871737474305541e+04 0.0000000000000000e+00 14010
 1.5711790953070058e+07 7.9315648122502016e+06 8.6732900376342470e+05 0.0000000000000000e+00 05010
 -6.8489035411094446e+03 3.2038475927797135e+03 5.1847269995393947e+02 0.0000000000000000e+00 40110
 1.5093868379045397e+05 -6.9915544376673322e+04 -5.3546108971397243e+03 0.0000000000000000e+00 31110
 -1.1476225086079258e+06 4.8211993949671811e+05 2.2868559980995629e+04 0.0000000000000000e+00 22110
 3.4186515304058623e+06 -1.4448473883169466e+06 -3.8336372360068309e+05 0.0000000000000000e+00 13110
 1.1506412153194933e+05 2.2109546823715591e+06 2.1131200514961910e+06 0.0000000000000000e+00 04110
 1.5718642333904701e+04 -5.2015500468046284e+03 -6.2814203974131060e+03 0.0000000000000000e+00 30210
 -1.7453295621662083e+05 8.9061305843285532e+04 8.2039375275666083e+04 0.0000000000000000e+00 21210
 7.0758019516669388e+05 -2.4290438125081974e+05 -1.7429271855535306e+05 0.0000000000000000e+00 12210
 -2.5408818504065401e+06 2.3535974241898417e+04 7.6732858400955063e+05 0.0000000000000000e+00 03210
 -3.8618643144668881e+03 1.1469968623704326e+03 7.6920205235425983e+03 0.0000000000000000e+00 20310
 7.6702344152495512e+04 -7.6598598596406780e+04 -4.7513848602928607e+04 0.0000000000000000e+00 11310
 -4.2943038936876907e+05 -3.9160678446089642e+03 2.8481166385405266e+05 0.0000000000000000e+00 02310
 1.2275843793528922e+04 -4.5397761044357730e+03 -1.7209175310395090e+04 0.0000000000000000e+00 10410
 4.4318630558742452e+03 -9.2218302170938568e+03 -7.7531581271938267e+03 0.0000000000000000e+00 01410
 7.8239892978879379e+03 3.1484458613041384e+03 1.5036623821156711e+04 0.0000000000000000e+00 00510
 5.1554786192033796e+04 -4.0012842635868081e+04 -1.6258117074280046e+03 0.0000000000000000e+00 40020
 -1.0677813974111227e+06 8.6036493536798970e+05 -9.3742286195627039e+03 0.0000000000000000e+00 31020
 6.5984569400951713e+06 -6.2578818912835745e+06 4.7789597155793291e+05 0.0000000000000000e+00 22020
 -8.4903157805745080e+06 1.8818676700444125e+07 -2.8655590090227188e+06 0.0000000000000000e+00 13020
 -3.6485711031043306e+07 -2.5078910213966552e+07 2.8172295117855109e+06 0.0000000000000000e+00 04020
 -1.0709170895820161e+05 6.0338673052087448e+04 9.0543816258217907e+04 0.0000000000000000e+00 30120
 1.3353424741827196e+06 -1.1915103808834499e+06 -1.4262414714006011e+06 0.0000000000000000e+00 21120
 -9.4691775307002310e+06 3.4255006828542002e+06 2.4837780092948452e+06 0.0000000000000000e+00 12120
 4.4169814027480327e+07 2.7753093589490810e+06 1.3997940244888999e+06 0.0000000000000000e+00 03120
 2.3775198587325425e+05 9.7394448287217238e+04 -1.5544453118136167e+05 0.0000000000000000e+00 20220
 -1.9913011175735367e+06 4.3613186120940541e+05 5.0414340946304548e+05 0.0000000000000000e+00 11220
 -7.8743963602274016e+05 9.0881849401843129e+05 -2.7923934104719651e+06 0.0000000000000000e+00 02220
 -1.5372242127885306e+05 8.3277646989559056e+04 3.8149493517427484e+05 0.0000000000000000e+00 10320
 -1.6500033817025379e+05 -6.7699814086610964e+05 -1.7213079834528506e+05 0.0000000000000000e+00 01320
 -6.5375848179480572e+03 8.8019152389512765e+03 -1.6733438050951133e+05 0.0000000000000000e+00 00420
 3.9813188908821484e+05 3.5017629107815214e+04 -3.6281445946622611e+05 0.0000000000000000e+00 30030
 -7.4852076667628894e+06 -1.7741592187738507e+06 7.6256253397461632e+06 0.0000000000000000e+00 21030
 5.9386503112554394e+07 3.1345311313926738e+07 -1.5022169966834996e+07 0.0000000000000000e+00 12030
 -1.9631179790009680e+08 -1.1464342977022527e+08 -3.6695628134763256e+07 0.0000000000000000e+00 03030
 -1.8688481998525306e+06 -1.4537530943818779e+06 1.5692078614885008e+06 0.0000000000000000e+00 20130
 1.1203386449138576e+07 4.4263239676521895e+06 -2.9469453148701177e+06 0.0000000000000000e+00 11130
 5.8864289741597928e+07 -2.2600938874801200e+07 1.0382944515301827e+07 0.0000000000000000e+00 02130
 1.5319778278391846e+06 2.0055277719921195e+06 -3.9754022036031028e+06 0.0000000000000000e+00 10230
 -5.5118224516677968e+06 1.0451849106717523e+07 -5.1307433342016215e+05 0.0000000000000000e+00 01230
 -8.3048517233845068e+05 -1.9192838273860440e+06 -2.1352671386819772e+05 0.0000000000000000e+00 00330
 3.0670281689986158e+06 7.0705362271984080e+06 -6.3140296156116910e+06 0.0000000000000000e+00 20040
 -2.5070043731294642e+06 -5.1993265320624225e+07 1.8945327348281380e+07 0.0000000000000000e+00 11040
 -3.0933192656388271e+08 1.7375335034611043e+08 -5.3656427914930336e+07 0.0000000000000000e+00 02040
 -1.5322723748009723e+07 -3.1806618338395663e+07 1.6384550733850317e+07 0.0000000000000000e+00 10140
 1.2610983112199019e+08 -3.7143636154398523e+07 4.4761695643634446e+07 0.0000000000000000e+00 01140
 -2.0076641069292780e+06 3.2545248425931308e+07 9.6038148106050622e+06 0.0000000000000000e+00 00240
 5.7554090244459532e+07 1.0973455532301857e+08 -1.0953643308864288e+07 0.0000000000000000e+00 10050
 -5.4366668651374924e+08 -1.1484645041529670e+07 -2.5474495649820682e+08 0.0000000000000000e+00 01050
 8.9163286980488822e+07 -1.8735104274848837e+08 -2.4768905278346729e+07 0.0000000000000000e+00 00150
 -3.2550699984084707e+08 3.2941901573894197e+08 -5.3861628447494917e+07 0.0000000000000000e+00 00060
 1.1258424199999999e+00 0.0000000000000000e+00 0.0000000000000000e+00 7.6817769999999996e-01 00001
 -3.3092960599999999e+00 0.0000000000000000e+00 0.0000000000000000e+00 -1.2482495400000000e+00 10001
 9.5582156000000005e+00 0.0000000000000000e+00 0.0000000000000000e+00 7.1898036500000000e+00 01001
 -1.2807550800000000e+01 0.0000000000000000e+00 0.0000000000000000e+00 -1.7948002400000000e+00 00002
 3.1328287000000000e+01 0.0000000000000000e+00 0.0000000000000000e+00 4.3097902599999998e+00 20001
 -3.6635859399999998e+02 0.0000000000000000e+00 0.0000000000000000e+00 -4.7514103499999997e+01 11001
 1.2812726399999999e+03 0.0000000000000000e+00 0.0000000000000000e+00 1.2740499699999999e+02 02001
 8.4649294600000005e+00 0.0000000000000000e+00 0.0000000000000000e+00 1.5213236200000000e+00 00201
 -2.1218133200000000e+02 0.0000000000000000e+00 0.0000000000000000e+00 -4.4842024199999997e+01 00111
 8.6216804499999995e+01 0.0000000000000000e+00 0.0000000000000000e+00 1.3903586900000001e+01 10002
 -2.0237557699999999e+02 0.0000000000000000e+00 0.0000000000000000e+00 -7.5177002500000000e+01 01002
 1.2924057499999999e+03 0.0000000000000000e+00 0.0000000000000000e+00 3.3294530099999997e+02 00021
 1.5246574300000000e+02 4.1239841799999999e+02 -1.1855168000000000e+02 0.0000000000000000e+00 00012
 5.6814234300000003e+01 0.0000000000000000e+00 0.0000000000000000e+00 1.5595186500000001e+01 00003
 -1.1109064100000001e+02 0.0000000000000000e+00 0.0000000000000000e+00 -1.5717735800000000e+01 30001
 1.3012309000000000e+03 0.0000000000000000e+00 0.0000000000000000e+00 2.4992499500000000e+02 21001
 -3.3776413699999998e+03 0.0000000000000000e+00 0.0000000000000000e+00 -1.2056100300000001e+03 12001
 -1.0805725299999999e+03 0.0000000000000000e+00 0.0000000000000000e+00 1.6507063800000001e+03 03001
 -2.0675836699999999e+02 0.0000000000000000e+00 0.0000000000000000e+00 -8.6394541199999999e+00 10201
 1.2861228000000001e+03 0.0000000000000000e+00 0.0000000000000000e+00 5.1734533999999996e+01 01201
 4.5738898999999998e+02 0.0000000000000000e+00 0.0000000000000000e+00 2.4632876999999999e+02 10111
 3.1552100700000000e+02 0.0000000000000000e+00 0.0000000000000000e+00 -1.4688802499999999e+03 01111
 -2.8637608399999999e+00 0.0000000000000000e+00 0.0000000000000000e+00 -7.7696205800000001e+01 20002
 -2.8453250400000002e+02 0.0000000000000000e+00 0.0000000000000000e+00 8.0826721799999996e+02 11002
 -5.4968678599999997e+01 0.0000000000000000e+00 0.0000000000000000e+00 -1.8872739300000001e+03 02002
 -8.9490322900000001e+02 0.0000000000000000e+00 0.0000000000000000e+00 -1.3172162699999999e+01 00202
 -5.8186814800000001e+01 0.0000000000000000e+00 0.0000000000000000e+00 -1.7587238100000000e+03 10021
 2.8100110300000001e+01 0.0000000000000000e+00 0.0000000000000000e+00 1.0443614200000000e+04 01021
 2.4986902400000002e+01 0.0000000000000000e+00 0.0000000000000000e+00 3.7717688900000002e+02 00112
 -4.7104892700000001e+00 0.0000000000000000e+00 0.0000000000000000e+00 -1.7433297400000001e+02 10003
 -9.4935661400000004e-01 0.0000000000000000e+00 0.0000000000000000e+00 8.9351807699999995e+02 01003
 5.9109615599999996e+00 0.0000000000000000e+00 0.0000000000000000e+00 -2.7085707800000000e+03 00022
 1.0590745000000000e-01 0.0000000000000000e+00 0.0000000000000000e+00 -1.4915634900000001e+02 00004
 7.4420433400000000e-02 0.0000000000000000e+00 0.0000000000000000e+00 0.0000000000000000e+00 00101
 -9.3204445700000005e-01 0.0000000000000000e+00 0.0000000000000000e+00 0.0000000000000000e+00 00011
 2.8452158100000000e+00 0.0000000000000000e+00 0.0000000000000000e+00 0.0000000000000000e+00 10101
 -2.5439373000000000e+01 0.0000000000000000e+00 0.0000000000000000e+00 0.0000000000000000e+00 01101
 1.3705155500000000e+01 0.0000000000000000e+00 0.0000000000000000e+00 0.0000000000000000e+00 10011
 -7.2542508699999999e+01 0.0000000000000000e+00 0.0000000000000000e+00 0.0000000000000000e+00 01011
 1.1188551900000000e+01 0.0000000000000000e+00 0.0000000000000000e+00 0.0000000000000000e+00 00102
 -2.9857603999999998e+01 0.0000000000000000e+00 0.0000000000000000e+00 0.0000000000000000e+00 20101
 2.5760759400000001e+02 0.0000000000000000e+00 0.0000000000000000e+00 0.0000000000000000e+00 11101
 2.2280062200000000e+02 0.0000000000000000e+00 0.0000000000000000e+00 0.0000000000000000e+00 02101
 -5.7470399800000003e+00 0.0000000000000000e+00 0.0000000000000000e+00 0.0000000000000000e+00 00301
 -5.8377417100000002e+01 0.0000000000000000e+00 0.0000000000000000e+00 0.0000000000000000e+00 20011
 -7.5798640700000007e+01 0.0000000000000000e+00 0.0000000000000000e+00 0.0000000000000000e+00 11011
 -2.0030666900000000e+01 0.0000000000000000e+00 0.0000000000000000e+00 0.0000000000000000e+00 02011
 8.1569985000000003e+01 0.0000000000000000e+00 0.0000000000000000e+00 0.0000000000000000e+00 00211
 3.9907235700000001e+01 0.0000000000000000e+00 0.0000000000000000e+00 0.0000000000000000e+00 10102
 2.6133789799999999e+01 0.0000000000000000e+00 0.0000000000000000e+00 0.0000000000000000e+00 01102
 1.1102801200000000e+01 0.0000000000000000e+00 0.0000000000000000e+00 0.0000000000000000e+00 00121
 1.5806418400000000e+01 0.0000000000000000e+00 0.0000000000000000e+00 0.0000000000000000e+00 10012
 2.5233279000000000e+00 0.0000000000000000e+00 0.0000000000000000e+00 0.0000000000000000e+00 01012
 1.4961163900000001e+00 0.0000000000000000e+00 0.0000000000000000e+00 0.0000000000000000e+00 00103
 2.9442717200000001e+00 0.0000000000000000e+00 0.0000000000000000e+00 0.0000000000000000e+00 00031
 1.9644430600000001e-01 0.0000000000000000e+00 0.0000000000000000e+00 0.0000000000000000e+00 00013
 1.6957368000000000e+02 0.0000000000000000e+00 0.0000000000000000e+00 0.0000000000000000e+00 40001
 -1.1884030900000000e+03 0.0000000000000000e+00 0.0000000000000000e+00 0.0000000000000000e+00 31001
 -2.5640085899999999e+03 0.0000000000000000e+00 0.0000000000000000e+00 0.0000000000000000e+00 22001
 -7.9612626599999999e+02 0.0000000000000000e+00 0.0000000000000000e+00 0.0000000000000000e+00 13001
 -1.7013585599999999e+02 0.0000000000000000e+00 0.0000000000000000e+00 0.0000000000000000e+00 04001
 2.5273732400000000e+01 0.0000000000000000e+00 0.0000000000000000e+00 0.0000000000000000e+00 30101
 -3.0211779799999999e+02 0.0000000000000000e+00 0.0000000000000000e+00 0.0000000000000000e+00 21101
 1.0508874799999999e+01 0.0000000000000000e+00 0.0000000000000000e+00 0.0000000000000000e+00 12101
 1.7954560900000001e+01 0.0000000000000000e+00 0.0000000000000000e+00 0.0000000000000000e+00 03101
 3.9304286900000000e+02 0.0000000000000000e+00 0.0000000000000000e+00 0.0000000000000000e+00 20201
 -2.6547935800000000e+03 0.0000000000000000e+00 0.0000000000000000e+00 0.0000000000000000e+00 11201
 -6.7520795899999996e+02 0.0000000000000000e+00 0.0000000000000000e+00 0.0000000000000000e+00 02201
 3.1537455800000000e+01 0.0000000000000000e+00 0.0000000000000000e+00 0.0000000000000000e+00 10301
 -6.6287274900000000e+01 0.0000000000000000e+00 0.0000000000000000e+00 0.0000000000000000e+00 01301
 1.1048366800000000e+01 0.0000000000000000e+00 0.0000000000000000e+00 0.0000000000000000e+00 00401
 5.3995273300000001e+01 0.0000000000000000e+00 0.0000000000000000e+00 0.0000000000000000e+00 30011
 1.9851422299999999e+01 0.0000000000000000e+00 0.0000000000000000e+00 0.0000000000000000e+00 21011
 6.9951277899999997e+00 0.0000000000000000e+00 0.0000000000000000e+00 0.0000000000000000e+00 12011
 2.0305896899999998e+00 0.0000000000000000e+00 0.0000000000000000e+00 0.0000000000000000e+00 03011
 -4.1475572199999999e+02 0.0000000000000000e+00 0.0000000000000000e+00 0.0000000000000000e+00 20111
 -2.4292429500000000e+02 0.0000000000000000e+00 0.0000000000000000e+00 0.0000000000000000e+00 11111
 -5.3283176900000001e+01 0.0000000000000000e+00 0.0000000000000000e+00 0.0000000000000000e+00 02111
 1.4085442600000000e+01 0.0000000000000000e+00 0.0000000000000000e+00 0.0000000000000000e+00 10211
 -7.1897002499999996e+00 0.0000000000000000e+00 0.0000000000000000e+00 0.0000000000000000e+00 01211
 4.6617528200000002e+01 0.0000000000000000e+00 0.0000000000000000e+00 0.0000000000000000e+00 00311
 3.2702350999999999e+02 0.0000000000000000e+00 0.0000000000000000e+00 0.0000000000000000e+00 30002
 -4.6760376399999998e+01 0.0000000000000000e+00 0.0000000000000000e+00 0.0000000000000000e+00 21002
 -1.3113077600000000e+01 0.0000000000000000e+00 0.0000000000000000e+00 0.0000000000000000e+00 12002
 -2.1460877500000000e+00 0.0000000000000000e+00 0.0000000000000000e+00 0.0000000000000000e+00 03002
 -4.0516263400000003e+02 0.0000000000000000e+00 0.0000000000000000e+00 0.0000000000000000e+00 20102
 -3.7832739400000001e+01 0.0000000000000000e+00 0.0000000000000000e+00 0.0000000000000000e+00 11102
 -3.2861643300000001e+00 0.0000000000000000e+00 0.0000000000000000e+00 0.0000000000000000e+00 02102
 -7.9775662299999999e+02 0.0000000000000000e+00 0.0000000000000000e+00 0.0000000000000000e+00 10202
 -1.0025346300000000e+02 0.0000000000000000e+00 0.0000000000000000e+00 0.0000000000000000e+00 01202
 -5.8149400000000000e+01 0.0000000000000000e+00 0.0000000000000000e+00 0.0000000000000000e+00 00302
 -4.9721882500000000e+01 0.0000000000000000e+00 0.0000000000000000e+00 0.0000000000000000e+00 20021
 -2.3494000000000000e+01 0.0000000000000000e+00 0.0000000000000000e+00 0.0000000000000000e+00 11021
 -4.6306529500000000e+00 0.0000000000000000e+00 0.0000000000000000e+00 0.0000000000000000e+00 02021
 -7.0125265800000003e+00 0.0000000000000000e+00 0.0000000000000000e+00 0.0000000000000000e+00 10121
 -1.6612841400000000e+00 0.0000000000000000e+00 0.0000000000000000e+00 0.0000000000000000e+00 01121
 8.9976115900000000e+00 0.0000000000000000e+00 0.0000000000000000e+00 0.0000000000000000e+00 00221
 -2.6915856399999999e+01 0.0000000000000000e+00 0.0000000000000000e+00 0.0000000000000000e+00 20012
 -2.9374057699999998e+00 0.0000000000000000e+00 0.0000000000000000e+00 0.0000000000000000e+00 11012
 -2.8169995599999997e-01 0.0000000000000000e+00 0.0000000000000000e+00 0.0000000000000000e+00 02012
 -4.4261380600000003e+01 0.0000000000000000e+00 0.0000000000000000e+00 0.0000000000000000e+00 10112
 -5.1887392600000002e+00 0.0000000000000000e+00 0.0000000000000000e+00 0.0000000000000000e+00 01112
 -2.3091301500000001e+00 0.0000000000000000e+00 0.0000000000000000e+00 0.0000000000000000e+00 00212
 1.2974281100000001e+01 0.0000000000000000e+00 0.0000000000000000e+00 0.0000000000000000e+00 20003
 1.2986379400000001e+00 0.0000000000000000e+00 0.0000000000000000e+00 0.0000000000000000e+00 11003
 1.7931982099999999e-01 0.0000000000000000e+00 0.0000000000000000e+00 0.0000000000000000e+00 02003
 3.5963604300000002e-01 0.0000000000000000e+00 0.0000000000000000e+00 0.0000000000000000e+00 10103
 -6.8600012500000002e-02 0.0000000000000000e+00 0.0000000000000000e+00 0.0000000000000000e+00 01103
 4.7989772600000002e-01 0.0000000000000000e+00 0.0000000000000000e+00 0.0000000000000000e+00 00203
 -1.5183764099999999e+00 0.0000000000000000e+00 0.0000000000000000e+00 0.0000000000000000e+00 10031
 -2.5950537600000001e-01 0.0000000000000000e+00 0.0000000000000000e+00 0.0000000000000000e+00 01031
 1.2137887100000000e+00 0.0000000000000000e+00 0.0000000000000000e+00 0.0000000000000000e+00 00131
 -3.8339448699999998e+00 0.0000000000000000e+00 0.0000000000000000e+00 0.0000000000000000e+00 10022
 -4.4880310099999998e-01 0.0000000000000000e+00 0.0000000000000000e+00 0.0000000000000000e+00 01022
 4.3274224600000001e-02 0.0000000000000000e+00 0.0000000000000000e+00 0.0000000000000000e+00 00122
 4.3379578000000002e-02 0.0000000000000000e+00 0.0000000000000000e+00 0.0000000000000000e+00 10013
 3.8101713399999999e-04 0.0000000000000000e+00 0.0000000000000000e+00 0.0000000000000000e+00 01013
 7.1732702300000006e-02 0.0000000000000000e+00 0.0000000000000000e+00 0.0000000000000000e+00 00113
 4.0493515200000002e-03 0.0000000000000000e+00 0.0000000000000000e+00 0.0000000000000000e+00 10004
 -7.0401424799999997e-04 0.0000000000000000e+00 0.0000000000000000e+00 0.0000000000000000e+00 01004
 4.1771769200000001e-03 0.0000000000000000e+00 0.0000000000000000e+00 0.0000000000000000e+00 00104
 2.6521246799999998e-01 0.0000000000000000e+00 0.0000000000000000e+00 0.0000000000000000e+00 00041
 3.4293861799999999e-02 0.0000000000000000e+00 0.0000000000000000e+00 0.0000000000000000e+00 00032
 2.7421903000000001e-02 0.0000000000000000e+00 0.0000000000000000e+00 0.0000000000000000e+00 00023
 3.8234677400000002e-03 0.0000000000000000e+00 0.0000000000000000e+00 0.0000000000000000e+00 00014
 1.4659581000000001e-03 0.0000000000000000e+00 0.0000000000000000e+00 0.0000000000000000e+00 00005
 -2.2197897499999999e+02 0.0000000000000000e+00 0.0000000000000000e+00 0.0000000000000000e+00 50001
 2.0814843300000002e+03 0.0000000000000000e+00 0.0000000000000000e+00 0.0000000000000000e+00 41001
 -4.3056093600000003e+02 0.0000000000000000e+00 0.0000000000000000e+00 0.0000000000000000e+00 32001
 -2.1805028799999999e+02 0.0000000000000000e+00 0.0000000000000000e+00 0.0000000000000000e+00 23001
 -5.5584450099999998e+01 0.0000000000000000e+00 0.0000000000000000e+00 0.0000000000000000e+00 14001
 -1.1364256800000000e+01 0.0000000000000000e+00 0.0000000000000000e+00 0.0000000000000000e+00 05001
 1.0843246300000000e+02 0.0000000000000000e+00 0.0000000000000000e+00 0.0000000000000000e+00 40101
 -9.3186493399999995e+02 0.0000000000000000e+00 0.0000000000000000e+00 0.0000000000000000e+00 31101
 -1.9297715800000000e+02 0.0000000000000000e+00 0.0000000000000000e+00 0.0000000000000000e+00 22101
 -2.8647338300000001e+01 0.0000000000000000e+00 0.0000000000000000e+00 0.0000000000000000e+00 13101
 -3.4101753399999999e+00 0.0000000000000000e+00 0.0000000000000000e+00 0.0000000000000000e+00 04101
 6.1327849800000003e+01 0.0000000000000000e+00 0.0000000000000000e+00 0.0000000000000000e+00 30201
 -4.3628918599999999e+01 0.0000000000000000e+00 0.0000000000000000e+00 0.0000000000000000e+00 21201
 -4.7152181900000002e+01 0.0000000000000000e+00 0.0000000000000000e+00 0.0000000000000000e+00 12201
 -1.4919883000000000e+01 0.0000000000000000e+00 0.0000000000000000e+00 0.0000000000000000e+00 03201
 5.8831090099999997e+01 0.0000000000000000e+00 0.0000000000000000e+00 0.0000000000000000e+00 20301
 -3.6337865000000001e+01 0.0000000000000000e+00 0.0000000000000000e+00 0.0000000000000000e+00 11301
 -8.0151232799999992e+00 0.0000000000000000e+00 0.0000000000000000e+00 0.0000000000000000e+00 02301
 -1.0494428700000000e+02 0.0000000000000000e+00 0.0000000000000000e+00 0.0000000000000000e+00 10401
 3.4771335299999997e+01 0.0000000000000000e+00 0.0000000000000000e+00 0.0000000000000000e+00 01401
 -1.2228812499999999e+02 0.0000000000000000e+00 0.0000000000000000e+00 0.0000000000000000e+00 00501
 -7.7545342300000002e+01 0.0000000000000000e+00 0.0000000000000000e+00 0.0000000000000000e+00 40011
 -6.4131444900000005e+01 0.0000000000000000e+00 0.0000000000000000e+00 0.0000000000000000e+00 31011
 -1.3985750500000000e+01 0.0000000000000000e+00 0.0000000000000000e+00 0.0000000000000000e+00 22011
 -2.3365408200000002e+00 0.0000000000000000e+00 0.0000000000000000e+00 0.0000000000000000e+00 13011
 -3.4059649100000000e-01 0.0000000000000000e+00 0.0000000000000000e+00 0.0000000000000000e+00 04011
 2.9339419400000001e+01 0.0000000000000000e+00 0.0000000000000000e+00 0.0000000000000000e+00 30111
 4.8114933100000002e+01 0.0000000000000000e+00 0.0000000000000000e+00 0.0000000000000000e+00 21111
 9.5017492400000005e+00 0.0000000000000000e+00 0.0000000000000000e+00 0.0000000000000000e+00 12111
 1.3883754100000001e+00 0.0000000000000000e+00 0.0000000000000000e+00 0.0000000000000000e+00 03111
 5.2479251499999997e+01 0.0000000000000000e+00 0.0000000000000000e+00 0.0000000000000000e+00 20211
 3.8005874199999998e+00 0.0000000000000000e+00 0.0000000000000000e+00 0.0000000000000000e+00 11211
 2.3455513600000000e-01 0.0000000000000000e+00 0.0000000000000000e+00 0.0000000000000000e+00 02211
 3.9580808500000003e+01 0.0000000000000000e+00 0.0000000000000000e+00 0.0000000000000000e+00 10311
 1.5256354200000001e+01 0.0000000000000000e+00 0.0000000000000000e+00 0.0000000000000000e+00 01311
 -7.2808032699999998e+00 0.0000000000000000e+00 0.0000000000000000e+00 0.0000000000000000e+00 00411
 -5.9749734599999999e+02 0.0000000000000000e+00 0.0000000000000000e+00 0.0000000000000000e+00 40002
 -1.0272174900000000e+02 0.0000000000000000e+00 0.0000000000000000e+00 0.0000000000000000e+00 31002
 -1.5368110700000001e+01 0.0000000000000000e+00 0.0000000000000000e+00 0.0000000000000000e+00 22002
 -2.1720831600000001e+00 0.0000000000000000e+00 0.0000000000000000e+00 0.0000000000000000e+00 13002
 -2.7460926400000002e-01 0.0000000000000000e+00 0.0000000000000000e+00 0.0000000000000000e+00 04002
 1.0683798299999999e+02 0.0000000000000000e+00 0.0000000000000000e+00 0.0000000000000000e+00 30102
 1.2376615800000000e+01 0.0000000000000000e+00 0.0000000000000000e+00 0.0000000000000000e+00 21102
 1.4653033000000000e+00 0.0000000000000000e+00 0.0000000000000000e+00 0.0000000000000000e+00 12102
 1.8539329299999999e-01 0.0000000000000000e+00 0.0000000000000000e+00 0.0000000000000000e+00 03102
 1.1888713100000000e+01 0.0000000000000000e+00 0.0000000000000000e+00 0.0000000000000000e+00 20202
 -2.5566998800000000e+00 0.0000000000000000e+00 0.0000000000000000e+00 0.0000000000000000e+00 11202
 -8.6380901700000001e-01 0.0000000000000000e+00 0.0000000000000000e+00 0.0000000000000000e+00 02202
 1.8804701399999999e+01 0.0000000000000000e+00 0.0000000000000000e+00 0.0000000000000000e+00 10302
 2.4966757999999998e+00 0.0000000000000000e+00 0.0000000000000000e+00 0.0000000000000000e+00 01302
 -3.9308849700000001e+00 0.0000000000000000e+00 0.0000000000000000e+00 0.0000000000000000e+00 00402
 1.2703465100000001e+01 0.0000000000000000e+00 0.0000000000000000e+00 0.0000000000000000e+00 30021
 7.9618751600000000e+00 0.0000000000000000e+00 0.0000000000000000e+00 0.0000000000000000e+00 21021
 1.6098250700000001e+00 0.0000000000000000e+00 0.0000000000000000e+00 0.0000000000000000e+00 12021
 2.5756567499999999e-01 0.0000000000000000e+00 0.0000000000000000e+00 0.0000000000000000e+00 03021
 5.9357450700000003e+00 0.0000000000000000e+00 0.0000000000000000e+00 0.0000000000000000e+00 20121
 6.7934845300000002e-01 0.0000000000000000e+00 0.0000000000000000e+00 0.0000000000000000e+00 11121
 7.5755015100000003e-02 0.0000000000000000e+00 0.0000000000000000e+00 0.0000000000000000e+00 02121
 7.3629458100000003e+00 0.0000000000000000e+00 0.0000000000000000e+00 0.0000000000000000e+00 10221
 2.3008013500000000e+00 0.0000000000000000e+00 0.0000000000000000e+00 0.0000000000000000e+00 01221
 -1.1838300700000000e-01 0.0000000000000000e+00 0.0000000000000000e+00 0.0000000000000000e+00 00321
 1.4425814500000000e+01 0.0000000000000000e+00 0.0000000000000000e+00 0.0000000000000000e+00 30012
 1.5265816299999999e+00 0.0000000000000000e+00 0.0000000000000000e+00 0.0000000000000000e+00 21012
 1.6302881699999999e-01 0.0000000000000000e+00 0.0000000000000000e+00 0.0000000000000000e+00 12012
 1.7168950900000000e-02 0.0000000000000000e+00 0.0000000000000000e+00 0.0000000000000000e+00 03012
 1.5074373400000001e+01 0.0000000000000000e+00 0.0000000000000000e+00 0.0000000000000000e+00 20112
 1.6070658300000000e+00 0.0000000000000000e+00 0.0000000000000000e+00 0.0000000000000000e+00 11112
 1.6646502299999999e-01 0.0000000000000000e+00 0.0000000000000000e+00 0.0000000000000000e+00 02112
 2.2880329700000002e+00 0.0000000000000000e+00 0.0000000000000000e+00 0.0000000000000000e+00 10212
 2.6541344900000002e-01 0.0000000000000000e+00 0.0000000000000000e+00 0.0000000000000000e+00 01212
 3.2668393000000000e+00 0.0000000000000000e+00 0.0000000000000000e+00 0.0000000000000000e+00 00312
 -1.4469480500000000e+00 0.0000000000000000e+00 0.0000000000000000e+00 0.0000000000000000e+00 30003
 -3.0155182100000000e-01 0.0000000000000000e+00 0.0000000000000000e+00 0.0000000000000000e+00 21003
 -9.7940595800000002e-02 0.0000000000000000e+00 0.0000000000000000e+00 0.0000000000000000e+00 12003
 -2.1887463300000000e-02 0.0000000000000000e+00 0.0000000000000000e+00 0.0000000000000000e+00 03003
 2.1373127700000000e-01 0.0000000000000000e+00 0.0000000000000000e+00 0.0000000000000000e+00 20103
 -4.2487175700000003e-03 0.0000000000000000e+00 0.0000000000000000e+00 0.0000000000000000e+00 11103
 -2.6398123599999999e-03 0.0000000000000000e+00 0.0000000000000000e+00 0.0000000000000000e+00 02103
 -3.9033618199999998e-01 0.0000000000000000e+00 0.0000000000000000e+00 0.0000000000000000e+00 10203
 -2.2056344900000000e-02 0.0000000000000000e+00 0.0000000000000000e+00 0.0000000000000000e+00 01203
 -2.5206106999999998e-02 0.0000000000000000e+00 0.0000000000000000e+00 0.0000000000000000e+00 00303
 8.3539572600000001e-01 0.0000000000000000e+00 0.0000000000000000e+00 0.0000000000000000e+00 20031
 1.0108242400000000e-01 0.0000000000000000e+00 0.0000000000000000e+00 0.0000000000000000e+00 11031
 1.1382651500000000e-02 0.0000000000000000e+00 0.0000000000000000e+00 0.0000000000000000e+00 02031
 9.6753924199999997e-01 0.0000000000000000e+00 0.0000000000000000e+00 0.0000000000000000e+00 10131
 2.8394057299999997e-01 0.0000000000000000e+00 0.0000000000000000e+00 0.0000000000000000e+00 01131
 7.0409468399999994e-02 0.0000000000000000e+00 0.0000000000000000e+00 0.0000000000000000e+00 00231
 1.9662115200000001e+00 0.0000000000000000e+00 0.0000000000000000e+00 0.0000000000000000e+00 20022
 2.1192966199999999e-01 0.0000000000000000e+00 0.0000000000000000e+00 0.0000000000000000e+00 11022
 2.2229702000000000e-02 0.0000000000000000e+00 0.0000000000000000e+00 0.0000000000000000e+00 02022
 1.9217672799999999e-01 0.0000000000000000e+00 0.0000000000000000e+00 0.0000000000000000e+00 10122
 2.0842935900000002e-02 0.0000000000000000e+00 0.0000000000000000e+00 0.0000000000000000e+00 01122
 4.0919772199999999e-01 0.0000000000000000e+00 0.0000000000000000e+00 0.0000000000000000e+00 00222
 1.1620879799999999e-02 0.0000000000000000e+00 0.0000000000000000e+00 0.0000000000000000e+00 20013
 -8.6175197900000000e-04 0.0000000000000000e+00 0.0000000000000000e+00 0.0000000000000000e+00 11013
 -3.6803400800000002e-04 0.0000000000000000e+00 0.0000000000000000e+00 0.0000000000000000e+00 02013
 -3.0559588299999999e-02 0.0000000000000000e+00 0.0000000000000000e+00 0.0000000000000000e+00 10113
 7.9282077300000002e-04 0.0000000000000000e+00 0.0000000000000000e+00 0.0000000000000000e+00 01113
 -1.0358131200000000e-03 0.0000000000000000e+00 0.0000000000000000e+00 0.0000000000000000e+00 00213
 -3.1766529600000003e-02 0.0000000000000000e+00 0.0000000000000000e+00 0.0000000000000000e+00 20004
 -8.6869289399999997e-03 0.0000000000000000e+00 0.0000000000000000e+00 0.0000000000000000e+00 11004
 -1.3033663300000000e-03 0.0000000000000000e+00 0.0000000000000000e+00 0.0000000000000000e+00 02004
 -4.8593005899999998e-03 0.0000000000000000e+00 0.0000000000000000e+00 0.0000000000000000e+00 10104
 -1.8132267699999999e-04 0.0000000000000000e+00 0.0000000000000000e+00 0.0000000000000000e+00 01104
 -2.2531301500000000e-02 0.0000000000000000e+00 0.0000000000000000e+00 0.0000000000000000e+00 00204
 1.0273608300000001e-01 0.0000000000000000e+00 0.0000000000000000e+00 0.0000000000000000e+00 10041
 3.1679181700000003e-02 0.0000000000000000e+00 0.0000000000000000e+00 0.0000000000000000e+00 01041
 1.7740698900000001e-02 0.0000000000000000e+00 0.0000000000000000e+00 0.0000000000000000e+00 00141
 1.2813031600000000e-02 0.0000000000000000e+00 0.0000000000000000e+00 0.0000000000000000e+00 10032
 1.3430987299999999e-03 0.0000000000000000e+00 0.0000000000000000e+00 0.0000000000000000e+00 01032
 4.4265491599999998e-02 0.0000000000000000e+00 0.0000000000000000e+00 0.0000000000000000e+00 00132
 -5.0074566800000003e-03 0.0000000000000000e+00 0.0000000000000000e+00 0.0000000000000000e+00 10023
 -3.6226490100000000e-05 0.0000000000000000e+00 0.0000000000000000e+00 0.0000000000000000e+00 01023
 -1.0084677400000000e-04 0.0000000000000000e+00 0.0000000000000000e+00 0.0000000000000000e+00 00123
 -2.5991156500000000e-04 0.0000000000000000e+00 0.0000000000000000e+00 0.0000000000000000e+00 10014
 -8.6598892899999998e-06 0.0000000000000000e+00 0.0000000000000000e+00 0.0000000000000000e+00 01014
 1.2643326200000000e-04 0.0000000000000000e+00 0.0000000000000000e+00 0.0000000000000000e+00 00114
 -3.7640531699999999e-04 0.0000000000000000e+00 0.0000000000000000e+00 0.0000000000000000e+00 10005
 -4.9526213000000003e-05 0.0000000000000000e+00 0.0000000000000000e+00 0.0000000000000000e+00 01005
 5.0543502499999998e-05 0.0000000000000000e+00 0.0000000000000000e+00 0.0000000000000000e+00 00105
 3.1877867700000001e-03 0.0000000000000000e+00 0.0000000000000000e+00 0.0000000000000000e+00 00051
 4.7427681699999998e-03 0.0000000000000000e+00 0.0000000000000000e+00 0.0000000000000000e+00 00042
 1.0854985800000000e-05 0.0000000000000000e+00 0.0000000000000000e+00 0.0000000000000000e+00 00033
 9.0835490000000001e-05 0.0000000000000000e+00 0.0000000000000000e+00 0.0000000000000000e+00 00024
 3.1187906300000002e-06 0.0000000000000000e+00 0.0000000000000000e+00 0.0000000000000000e+00 00015
 2.3269827100000001e-06 0.0000000000000000e+00 0.0000000000000000e+00 0.0000000000000000e+00 00006
 --------------------------------------------
