! Candidate angular fit; delta and xtar-dependent terms retained from frozen seed.
 --------------------------------------------
 8.2215287000816668e-04 -6.1756589359974069e-05 5.1837963040533928e-04 0.0000000000000000e+00 00000
 3.2887037372655070e-01 1.5928915416648721e-02 -5.4332318668454732e-03 2.4527718100000001e-01 10000
 -2.9823470185822112e+00 -1.3274911668859865e-01 4.0008073952325036e-02 1.7923725400000001e-01 01000
 -5.8724763756481573e-03 -4.5440791500050948e-01 2.7641220930422755e-01 1.5762221900000001e-02 00100
 1.3957883598721807e-01 2.8559038664491766e-02 -2.3370962747032826e+00 -2.7748113599999999e-02 00010
 -2.7683485758429710e-01 -2.5903503647175224e-02 1.4054059993534023e-02 -3.1763193899999997e-01 20000
 1.7650283640662616e+00 2.9735869859786507e-02 -5.8450498694870227e-02 3.2294487900000002e+00 11000
 7.4938616874391641e+00 1.0456983323535198e+00 -6.3051843099429225e-02 9.9624983800000000e-01 02000
 -9.1209874342763481e-02 1.4098614192620653e+00 -4.2584307488612899e-01 -6.9868989000000006e-02 10100
 9.9520214448001321e-01 9.6339038865362037e-01 1.8599009761931379e-01 -2.7273720299999998e-01 01100
 9.7455335148863037e-02 3.0315258975756779e-02 2.1404161758175243e-02 -1.7795864400000000e-02 00200
 -1.1788941508917285e-01 -1.9397611504301601e+01 5.0759739711235001e+00 -1.7964206399999999e-01 10010
 2.4292046431782305e-01 -2.1254900656882423e+01 4.3442420846973340e+00 5.1434082800000001e+00 01010
 1.6023220049046219e-01 -3.7585790955341936e-01 -8.5965261524731523e-02 4.5628469799999999e-01 00110
 -5.6898463118215412e+00 1.8442142915060231e+00 -3.0046930139056832e-01 -6.4079203600000003e+00 00020
 1.2760234743524992e+00 1.2236326577765516e-01 -6.3043646825134136e-02 9.3683431900000003e-01 30000
 -2.5456648054252849e+01 -5.3804281682450494e-01 4.4599892245002654e-01 -1.3540589900000001e+01 21000
 1.7714056914375161e+02 -9.3504979368533743e+00 2.1684471186415855e+00 5.1879764199999997e+01 12000
 -4.7061752703045630e+02 6.1613729725271291e+01 -1.9303244801665741e+01 -2.0498985000000001e+01 03000
 2.6971865382037650e+00 -4.8487283431015689e+00 1.1804691219467665e+00 -3.1254219399999998e-02 20100
 -2.7345398689661941e+01 5.3814991632516005e+01 -1.1954972227049700e+01 2.8400841199999999e-01 11100
 3.5393507132530495e+01 -1.3329200975894696e+02 2.3182021054455650e+01 3.9556433100000001e+00 02100
 -1.4285457592566542e+00 3.3846082096455286e+00 -9.3133775652554684e-01 9.5431561099999995e-01 10200
 2.2349065555060705e+00 -2.7762555112527391e+01 5.4164260182025812e+00 -7.0688381700000003e+00 01200
 1.8012529932742312e+00 -4.3549816993155561e+00 2.6468433929464439e+00 -3.5820566700000001e-01 00300
 -7.5511214029505433e+00 6.2365629802501722e+01 -1.7464417499386087e+01 -2.7448817499999998e+00 20010
 8.7930215473680931e+01 -7.0479345651533856e+02 1.8109590994421441e+02 1.0681983600000001e+01 11010
 -1.1805546860209533e+02 1.8053401322469188e+03 -3.7997950183232069e+02 -4.6776265000000002e+01 02010
 -9.0255614884900321e+00 -4.9843724839301352e+01 1.4175096045376661e+01 4.3468718099999998e-01 10110
 1.7480480113760152e+02 4.2916999215579511e+02 -8.4986671047162417e+01 2.5692412099999999e+01 01110
 -1.4443982337813722e+01 1.1097751944696957e+02 -2.3202628618992975e+01 -3.1559352000000001e+00 00210
 1.9931962104770872e+02 4.0607129868352798e+00 -1.3079038462626733e+00 3.1907757499999999e+01 10020
 -1.8553685177607626e+03 -1.0180131574940366e+02 -8.4854434181956435e+01 -4.6789810199999999e+02 01020
 6.7836140871743098e+01 -1.3857131137619263e+03 2.6264631534286735e+02 3.4179037000000001e+01 00120
 -1.7235274462154106e+01 6.0841932490459048e+03 -1.0932793930690561e+03 -7.1508536199999995e+01 00030
 -8.2598535393924752e+00 -9.4284481225606967e-02 -2.6362201272178037e-01 -2.3027877499999998e+00 40000
 1.8576669693006932e+02 1.6124930679494169e+00 6.3641038542089170e+00 5.8024830899999998e+01 31000
 -1.4528893883673927e+03 -5.3109206299669239e+01 -5.0359387044269965e+01 -4.9156237399999998e+02 22000
 4.4042740898829770e+03 6.2389943532409575e+02 9.8804420746948168e+01 1.7182972100000000e+03 13000
 -3.3342261555062769e+03 -2.1944179853579976e+03 9.9184513978352456e+01 -1.9501040300000000e+03 04000
 -2.5364093058077202e+01 9.6607119261383207e+00 -1.9386433701812154e+00 -1.4621283800000000e+00 30100
 4.3240736114117880e+02 -1.1330657577913296e+02 2.2844204392222895e+01 4.7295753499999996e+01 21100
 -2.5058574041055485e+03 1.5833485027004909e+02 8.3603204941539673e+00 -4.3237295599999999e+02 12100
 5.4224640713635536e+03 9.2754603142321605e+02 -4.5298272220168599e+02 1.3233994800000000e+03 03100
 5.7551776049686652e+00 -1.5757452270652086e+01 -2.7001375497515351e-01 -1.0047251200000000e+00 20200
 -5.2079691091187811e+01 1.3601724889130287e+02 7.1654121151528267e+00 1.6743462399999999e+01 11200
 2.0838095180851613e+02 9.7764828546809941e+00 -1.6315693376705099e+02 -6.7273158699999996e+01 02200
 -3.0106044192827429e+01 2.6549465279865920e+01 -1.9466745976223281e+00 4.9815545700000001e+00 10300
 1.1525889556580856e+02 -4.5942483924905716e+01 -9.7016291959276018e+01 -3.7436718100000000e+01 01300
 3.2205552134695523e+00 -1.3676529450016622e+01 2.8704989104505012e+00 3.8352631700000002e+00 00400
 1.4318479092954229e+02 -1.6724988183096721e+02 4.1760590208330377e+01 2.0406354700000001e+01 30010
 -1.8955933470825373e+03 2.4194970962363377e+03 -6.6249637582507830e+02 -5.2187064599999997e+02 21010
 7.9058233214235343e+03 -9.2457209461178845e+03 2.9180997113253920e+03 4.0218560800000000e+03 12010
 -1.6989609745983536e+04 5.2681945823440383e+03 -2.8775534773753934e+03 -1.1081659400000000e+04 03010
 -1.3979828032980529e+02 4.8522000358096551e+02 -5.3941841850535667e+01 -2.6109065900000001e+01 20110
 1.2292262449464486e+03 -4.2429045696344756e+03 2.9404106054390286e+02 3.4366059500000000e+02 11110
 -4.4702673028259042e+03 1.9878059713445180e+03 2.0720212021275079e+03 -9.7405222100000003e+02 02110
 4.7449668609116310e+02 -8.0002212964908438e+02 1.9444996658581189e+02 -3.6510193000000001e+01 10210
 -1.9226367530015218e+03 2.3354252594926443e+03 5.7624073048030777e+02 2.9243684000000002e+02 01210
 -1.6013791023082979e+02 -1.6789417489783992e+02 3.2034214661520156e+02 -8.4939199799999997e+01 00310
 2.7324345580576261e+02 -2.2476207674003658e+03 5.4304919327582604e+02 4.0636932100000001e+02 20020
 -1.6227325021697663e+03 1.6798898488908861e+04 -4.7022092783233657e+03 -4.5869649099999997e+03 11020
 1.6450179515039199e+04 9.6394930430203240e+03 8.6034000888103367e+02 9.3584628599999996e+03 02020
 -2.1397277479074382e+03 5.9997249173736091e+03 -3.3741678772050244e+02 6.0264629700000000e+01 10120
 9.9459278072737307e+03 -1.8733112677124474e+04 1.5059035313086733e+03 -6.9720597099999998e+02 01120
 1.7939474202218321e+03 1.5654795090169298e+03 -2.5006308629555569e+03 7.2697501299999999e+02 00220
 2.4122911929494940e+03 -2.7845105141973072e+04 6.5604821672478174e+03 5.3606629499999997e+02 10030
 -2.9106063540856940e+03 9.0211632915935304e+04 -2.7603564649159522e+04 -2.3364836399999999e+03 01030
 -2.4930438113347827e+04 6.2222143547439873e+03 -2.9318668658009778e+03 -1.6674671400000000e+03 00130
 1.2451144745404950e+05 -6.5213742449956924e+04 4.6991586516707823e+04 3.9121164899999999e+03 00040
 2.8116682340243198e+01 -6.2083333297032199e+00 3.2880162897156215e+00 4.9678190300000002e+00 50000
 -6.3288598296689543e+02 1.9665621166773641e+02 -1.0236208721242683e+02 -2.1463550799999999e+02 41000
 4.2563709891877816e+03 -2.4274348081014846e+03 1.2892764301426923e+03 3.4385126599999999e+03 32000
 -3.4662712898024341e+02 1.3272862767075816e+04 -7.7915095576830936e+03 -2.7888407800000001e+04 23000
 -9.2542337877054961e+04 -2.6004667747617612e+04 2.0577208475130858e+04 1.1885052899999999e+05 14000
 2.5211717296115012e+05 -1.1925347266996614e+04 -1.2741365119306971e+04 -2.0979779999999999e+05 05000
 6.3044011835666062e+01 -1.0174680741103861e+01 2.4303939819024598e+00 3.0790796100000000e+00 40100
 -9.3467554669439096e+02 4.7193082896349580e+01 -6.4479427953221602e+01 -7.1757031799999993e+01 31100
 5.6288754134183739e+02 2.4954934866364779e+03 6.8041034460101480e+02 1.7523077900000001e+02 22100
 3.6216407534391205e+04 -2.4269519822808295e+04 -4.1481225116625992e+03 3.6607079199999998e+03 13100
 -9.7781763735148124e+04 6.1690836235839466e+04 1.0715524518848568e+04 -1.8679771700000001e+04 04100
 -1.0125104184053729e+01 2.0095267084819188e+01 1.6452081580778291e+01 -9.8292970799999999e+00 30200
 3.9670044889259538e+02 -1.5493683336232141e+02 -7.1045952449167274e+01 2.2322339500000001e+02 21200
 -3.9015645422024572e+03 -1.3650452541830491e+03 -1.5366729928683560e+03 -1.9345593400000000e+03 12200
 1.2398576629864596e+04 6.3045448442474444e+03 1.0787142955378038e+04 6.2959604900000004e+03 03200
 1.2827079509505546e+02 -9.0531385263803102e+01 -1.2040352480004591e+01 7.5324127100000000e+00 20300
 -9.5310977331685797e+02 2.4342621047468626e+02 1.7889874128448935e+02 -1.7311873199999999e+02 11300
 1.6116072385659324e+03 3.7330177179066243e+02 2.0204917882245338e+03 1.0774482200000000e+03 02300
 9.4685823169034364e+01 7.9331178436737673e+01 3.2185412593691900e+01 -1.1124031400000001e+00 10400
 -7.3119988825811924e+02 9.5439645284689547e+01 7.6882097438323981e+01 -1.0768688200000000e+02 01400
 1.2220751440321244e+01 7.8087372293599387e+01 -9.4413964690044949e+01 -1.3675491200000001e+00 00500
 -1.1483981833188552e+03 2.5151056026722594e+02 1.2488936861544429e+00 -4.8581986499999999e+01 40010
 2.3206203058772073e+04 -2.7243785299165752e+03 -5.1782945748927295e+02 1.9529719100000000e+03 31010
 -1.5314191484434338e+05 -1.7839465375094776e+04 1.1212186795482456e+04 -2.0776508900000001e+04 22010
 3.1710862162315205e+05 2.8148046527181996e+05 -7.1753969667203841e+04 7.9440774900000004e+04 13010
 2.8325836016026318e+04 -8.2004899733272125e+05 1.2463196847463235e+05 -7.1841567599999995e+04 04010
 1.6444453732423960e+03 -1.8731736281314106e+03 -1.2926531541382732e+02 6.3779292800000000e+01 30110
 -3.3627813409258568e+04 2.7635907910024969e+04 5.2671482617964296e+02 -1.7658266000000001e+03 21110
 2.4303881671988097e+05 -1.0533010226988469e+05 8.3841156045500975e+03 1.1961652899999999e+04 12110
 -6.1582023544643587e+05 9.9704720706912020e+04 -7.2893136799180007e+04 -3.6062570899999999e+04 03110
 -2.1622665903703705e+03 3.4284363740216436e+03 2.9087187346991573e+02 -8.6987571199999998e+00 20210
 4.0632115464052545e+03 -2.6334286766744706e+04 -8.4845159560341344e+03 1.6077307200000000e+03 11210
 4.7902218363855129e+04 6.5569775212869281e+04 -2.9637784096074025e+04 -1.1675984399999999e+04 02210
 -3.5759439908067236e+02 -1.5150386186143969e+03 -1.7516672388824991e+03 1.6598224700000000e+02 10310
 5.6715581168527624e+03 8.5278589950242349e+03 -1.0476369717327034e+04 9.4686973100000000e+02 01310
 -7.9540125403898810e+02 1.5200437774918898e+03 -3.5631710181755352e+02 1.6439557600000001e+02 00410
 -1.4838104169793747e+04 1.4212072703132482e+04 -6.6638063904486114e+02 -2.4076491099999998e+03 30020
 2.9282392543440440e+05 -1.9179908735257329e+05 9.9638976763452447e+03 5.5520991600000001e+04 21020
 -2.0881939157110986e+06 6.4905584994242759e+05 -4.5276344698330773e+04 -4.1814969699999999e+05 12020
 5.4893505392920114e+06 -6.4299659203015256e+05 1.6866046599152364e+05 1.1185970900000001e+06 03020
 2.3424828485780796e+04 -3.3932038120244491e+04 2.2983282537482501e+02 3.3250162999999998e+02 20120
 -1.1741569143982990e+05 2.9495799871402921e+05 5.5426861437674175e+04 -1.4254245100000000e+04 11120
 -2.1047411975249066e+05 -7.3785620492428495e+05 1.8801866127719148e+05 5.2657758800000003e+04 02120
 -2.6383004701963902e+04 -6.2409032593740076e+03 4.1918966458829294e+04 -3.9989584300000001e+03 10220
 7.7096836355970037e+04 -6.3721881957998965e+04 8.4251008972290845e+04 2.5102144300000000e+04 01220
 1.8753193807472329e+04 1.1460950700990674e+04 1.3639208150423940e+04 9.0266857599999994e+01 00320
 -9.0110541669061189e+04 6.5729288701899219e+04 3.3211796850795938e+04 -9.3089900000000000e+02 20030
 5.9050840542679012e+05 -1.0493477268543602e+06 2.2691448433929614e+04 3.9788767800000001e+04 11030
 7.2312319603382854e+05 3.4614999565504808e+06 -1.2038743726762226e+06 -1.1875274700000000e+05 02030
 1.7714869872276983e+05 1.3618900045474680e+05 -2.6005758275202732e+05 2.9493169800000000e+04 10130
 -7.5455073870123178e+05 -3.1456830749181769e+05 -1.8106315473310556e+05 -2.5987719800000000e+05 01130
 -2.0852160340752016e+05 -5.2966308952712198e+05 -8.4638481652076167e+04 1.1004152400000000e+03 00230
 -2.5125137556176653e+05 -2.4099741090280033e+05 3.7472667237165128e+05 -1.3196676600000001e+04 10040
 2.3613207824012050e+06 8.7524226288455713e+05 4.0670076638612337e+05 3.0309427799999999e+05 01040
 1.1708395854534288e+06 3.2387797095005289e+06 7.0802280746121332e+05 -1.7333469400000002e+04 00140
 -2.8630545505660605e+06 -6.6784600309767416e+06 -2.3781662385898787e+06 3.0963153100000000e+04 00050
 -3.3596358344457151e+01 2.5184096612795969e+01 -7.3652999883712020e+00 0.0000000000000000e+00 60000
 7.1919275250705948e+02 -1.1500620789996524e+03 3.1917273286814515e+02 0.0000000000000000e+00 51000
 -3.0041390436549777e+03 2.3134294492134417e+04 -6.0710993760948168e+03 0.0000000000000000e+00 42000
 -2.7962272369715458e+04 -2.5370168593297643e+05 6.3755976774416515e+04 0.0000000000000000e+00 33000
 2.2049985768971962e+05 1.5860293175688623e+06 -3.8843103702878504e+05 0.0000000000000000e+00 24000
 -1.2675341283401466e+05 -5.4137687438862361e+06 1.3124525894643483e+06 0.0000000000000000e+00 15000
 -1.2956638090614399e+06 7.9764756938211452e+06 -1.9262397984203508e+06 0.0000000000000000e+00 06000
 -1.9350233145263594e+01 -2.9579519837410544e+00 2.7913841245085308e-01 0.0000000000000000e+00 50100
 -5.2926650625163336e+02 -4.4072693088895115e-01 2.7356107879598648e+00 0.0000000000000000e+00 41100
 1.6853768314321413e+04 7.9013469634488138e+02 5.3701244590748547e+02 0.0000000000000000e+00 32100
 -8.9468252914565644e+04 -2.8566282284329503e+04 -1.1435843011275811e+04 0.0000000000000000e+00 23100
 -9.0342791055844835e+04 2.8142180872647132e+05 7.7755473265822380e+04 0.0000000000000000e+00 14100
 5.4356576487704553e+05 -8.0167771992457239e+05 -1.3930159922357294e+05 0.0000000000000000e+00 05100
 -4.5932158797210477e+01 -8.8957709813708927e+00 -5.3897917126722987e+01 0.0000000000000000e+00 40200
 1.1690177173136876e+03 3.5108570477100392e+02 1.1137015652703451e+03 0.0000000000000000e+00 31200
 -1.3869555256516080e+04 -4.9603525372337517e+03 -1.1990242008670975e+04 0.0000000000000000e+00 22200
 7.6755466927283778e+04 4.9607522960722425e+04 9.0868197889025309e+04 0.0000000000000000e+00 13200
 -2.0783055139231408e+05 -1.4248475466094995e+05 -2.9256283903525915e+05 0.0000000000000000e+00 04200
 -1.3914945413189216e+02 1.4448042092969393e+02 3.0611000482262426e+01 0.0000000000000000e+00 30300
 9.7615715642019870e+02 -3.2076684347470280e+02 -5.7731201943484245e+02 0.0000000000000000e+00 21300
 -3.3639248918722592e+02 -3.9266124634300413e+03 3.7080376654362692e+02 0.0000000000000000e+00 12300
 -2.4992491938324783e+03 1.0267418766204999e+03 -1.9433773588282958e+04 0.0000000000000000e+00 03300
 -2.5849193239463398e+02 -1.4087635722255257e+02 -8.1842643007349665e+01 0.0000000000000000e+00 20400
 1.9400207959604629e+03 5.1876819470892883e+02 5.9271563516775757e+02 0.0000000000000000e+00 11400
 4.1775007950458230e+03 -3.8358818232129029e+03 -4.4921071115708946e+03 0.0000000000000000e+00 02400
 8.4545519552784569e+01 -2.7128990450658750e+02 1.9586052957310926e+02 0.0000000000000000e+00 10500
 -5.4173906246312742e+02 2.2911181901642865e+02 1.1109786949987927e+03 0.0000000000000000e+00 01500
 -2.3023076156413151e+02 -7.3494455448064784e+01 -2.1892817698062234e+02 0.0000000000000000e+00 00600
 2.4959371644519956e+03 1.1747277103730025e+02 -1.0620007940832089e+02 0.0000000000000000e+00 50010
 -6.2703876714679849e+04 -1.0742260964005103e+04 3.5051144265130083e+03 0.0000000000000000e+00 41010
 5.5718316915608430e+05 2.2145529996293160e+05 -4.5042716884371803e+04 0.0000000000000000e+00 32010
 -2.5447367745282166e+06 -1.5062670413111888e+06 2.9759452577825630e+05 0.0000000000000000e+00 23010
 8.0587123015092714e+06 2.4847338311348399e+06 -1.2155922833689009e+06 0.0000000000000000e+00 14010
 -1.0761766937874092e+07 4.5307928371285927e+06 2.1780299250204037e+06 0.0000000000000000e+00 05010
 -3.7934650277989067e+03 3.0528691289286894e+03 1.3066136092049442e+02 0.0000000000000000e+00 40110
 9.6300590746911388e+04 -5.3596925901775743e+04 6.8681753691338627e+03 0.0000000000000000e+00 31110
 -7.7728003698705323e+05 2.1826357487313566e+05 -1.2301641797031682e+05 0.0000000000000000e+00 22110
 2.1451227126980848e+06 -1.2313939675029801e+05 4.3147701091627841e+05 0.0000000000000000e+00 13110
 1.1673392125889327e+05 1.0145347111114936e+03 4.2211940374049189e+05 0.0000000000000000e+00 04110
 5.9161875193539736e+03 -5.4619306152450790e+03 -1.2594924495774101e+03 0.0000000000000000e+00 30210
 -9.3492849955678568e+04 3.1470200665664517e+04 1.5608523368891969e+04 0.0000000000000000e+00 21210
 7.5487568851112050e+05 2.2365354793479992e+05 7.2052342091869956e+04 0.0000000000000000e+00 12210
 -2.3747863681787397e+06 -1.1209244655678149e+06 1.1443525688811498e+05 0.0000000000000000e+00 03210
 -3.3656454381581688e+02 4.7024662046352387e+03 2.4219233380092378e+03 0.0000000000000000e+00 20310
 -5.9120584107716240e+03 -7.9378194385071602e+03 2.0662770153350843e+02 0.0000000000000000e+00 11310
 -1.3432267200564052e+05 6.4481358035934963e+03 1.0758927178923732e+05 0.0000000000000000e+00 02310
 3.9173982215784545e+03 1.0106332839816291e+03 -4.0102706501018884e+03 0.0000000000000000e+00 10410
 -2.9815629301930272e+04 -4.2206741231556320e+04 2.2177363730781370e+04 0.0000000000000000e+00 01410
 1.2909445354190493e+04 2.1683933130296077e+03 1.0136921128767741e+04 0.0000000000000000e+00 00510
 3.6910764769676680e+04 -4.2094967328725033e+04 -1.6918847566043380e+03 0.0000000000000000e+00 40020
 -8.6476223396991228e+05 8.1395284417348006e+05 -1.2588695802366239e+04 0.0000000000000000e+00 31020
 6.1609106553936135e+06 -4.5733413888812680e+06 5.0647877139913326e+05 0.0000000000000000e+00 22020
 -9.9960601056917887e+06 7.0421384796501407e+06 -2.9305720215329938e+06 0.0000000000000000e+00 13020
 -2.6634778954474937e+07 -1.2754022831988058e+05 2.9908841162871835e+06 0.0000000000000000e+00 04020
 -5.8645890568481060e+04 7.0666172841075153e+04 3.7320857806285043e+04 0.0000000000000000e+00 30120
 9.9490941455092281e+05 -5.5517020214359590e+05 -7.0668825665568013e+05 0.0000000000000000e+00 21120
 -8.6600729154766556e+06 -2.3856299222283848e+06 1.8046204396419120e+06 0.0000000000000000e+00 12120
 2.5919060247296713e+07 1.7520383607875820e+07 -2.6419525362957390e+06 0.0000000000000000e+00 03120
 8.7694156290098181e+04 -1.9975631326342776e+04 -7.9011965599433694e+04 0.0000000000000000e+00 20220
 -3.2614473317459502e+04 2.1829501260659916e+05 -8.0256540301184068e+04 0.0000000000000000e+00 11220
 -9.4797538415565912e+05 1.0001506137618924e+06 -1.8980867655843624e+06 0.0000000000000000e+00 02220
 -1.4318467561520619e+05 1.0009506424103962e+04 -4.0187836425540927e+03 0.0000000000000000e+00 10320
 8.7159753942579171e+05 1.8636185073087321e+05 -5.2172721712629095e+05 0.0000000000000000e+00 01320
 -2.1773781756343183e+05 -1.5927702349335243e+05 -1.2770901190262155e+05 0.0000000000000000e+00 00420
 2.5587051290687078e+05 -7.9546443287619564e+04 -2.3545714212853138e+05 0.0000000000000000e+00 30030
 -3.6785361780217355e+06 -3.1457834874744159e+06 5.9430570113935694e+06 0.0000000000000000e+00 21030
 1.8822057404902589e+07 4.8410002051881805e+07 -2.4988939048135549e+07 0.0000000000000000e+00 12030
 -1.0814285072116863e+07 -1.6579166199139631e+08 3.1333093235929709e+07 0.0000000000000000e+00 03030
 -9.6212787917231140e+05 -7.1407441096262448e+05 1.4360470216495495e+06 0.0000000000000000e+00 20130
 -6.7347223125537881e+05 1.8664850487467002e+06 -5.5303258881587125e+06 0.0000000000000000e+00 11130
 2.3570365848582048e+07 -2.2287313220476475e+07 3.6554076161355682e+07 0.0000000000000000e+00 02130
 2.2715643360259281e+06 2.3952661396306795e+06 -4.6351690697426448e+05 0.0000000000000000e+00 10230
 -1.2582442719809415e+07 3.9048513746517859e+06 4.9845818594151717e+06 0.0000000000000000e+00 01230
 2.2006392522890465e+06 2.8411296751774913e+06 8.9461972137881850e+05 0.0000000000000000e+00 00330
 1.9914860569031581e+06 6.5262085245959684e+06 -7.2654533965313593e+06 0.0000000000000000e+00 20040
 1.6126311407346195e+07 -4.3719769988952421e+07 4.8652294265062563e+07 0.0000000000000000e+00 11040
 -1.1528723677704751e+08 1.7638607716851929e+08 -2.2258815825066215e+08 0.0000000000000000e+00 02040
 -1.8396980256748751e+07 -3.2298310754247949e+07 9.7529825701178424e+06 0.0000000000000000e+00 10140
 1.0552705405708784e+08 -1.7869135873023514e+07 -4.3904507766076885e+07 0.0000000000000000e+00 01140
 -2.6533045838142723e+07 -1.2616531472038940e+07 -1.1632606023488622e+07 0.0000000000000000e+00 00240
 5.3297345532025971e+07 1.0785517830282696e+08 -3.5851836838897541e+07 0.0000000000000000e+00 10050
 -3.2141623917288375e+08 -3.9700529386776172e+07 1.6536667423476774e+08 0.0000000000000000e+00 01050
 2.1571650526776323e+08 -3.0701506884375025e+07 1.0099318816695365e+08 0.0000000000000000e+00 00150
 -6.2306188174242342e+08 2.2311788493996024e+08 -2.8589797072944695e+08 0.0000000000000000e+00 00060
 1.1258424199999999e+00 0.0000000000000000e+00 0.0000000000000000e+00 7.6817769999999996e-01 00001
 -3.3092960599999999e+00 0.0000000000000000e+00 0.0000000000000000e+00 -1.2482495400000000e+00 10001
 9.5582156000000005e+00 0.0000000000000000e+00 0.0000000000000000e+00 7.1898036500000000e+00 01001
 -1.2807550800000000e+01 0.0000000000000000e+00 0.0000000000000000e+00 -1.7948002400000000e+00 00002
 3.1328287000000000e+01 0.0000000000000000e+00 0.0000000000000000e+00 4.3097902599999998e+00 20001
 -3.6635859399999998e+02 0.0000000000000000e+00 0.0000000000000000e+00 -4.7514103499999997e+01 11001
 1.2812726399999999e+03 0.0000000000000000e+00 0.0000000000000000e+00 1.2740499699999999e+02 02001
 8.4649294600000005e+00 0.0000000000000000e+00 0.0000000000000000e+00 1.5213236200000000e+00 00201
 -2.1218133200000000e+02 0.0000000000000000e+00 0.0000000000000000e+00 -4.4842024199999997e+01 00111
 8.6216804499999995e+01 0.0000000000000000e+00 0.0000000000000000e+00 1.3903586900000001e+01 10002
 -2.0237557699999999e+02 0.0000000000000000e+00 0.0000000000000000e+00 -7.5177002500000000e+01 01002
 1.2924057499999999e+03 0.0000000000000000e+00 0.0000000000000000e+00 3.3294530099999997e+02 00021
 1.5246574300000000e+02 4.1239841799999999e+02 -1.1855168000000000e+02 0.0000000000000000e+00 00012
 5.6814234300000003e+01 0.0000000000000000e+00 0.0000000000000000e+00 1.5595186500000001e+01 00003
 -1.1109064100000001e+02 0.0000000000000000e+00 0.0000000000000000e+00 -1.5717735800000000e+01 30001
 1.3012309000000000e+03 0.0000000000000000e+00 0.0000000000000000e+00 2.4992499500000000e+02 21001
 -3.3776413699999998e+03 0.0000000000000000e+00 0.0000000000000000e+00 -1.2056100300000001e+03 12001
 -1.0805725299999999e+03 0.0000000000000000e+00 0.0000000000000000e+00 1.6507063800000001e+03 03001
 -2.0675836699999999e+02 0.0000000000000000e+00 0.0000000000000000e+00 -8.6394541199999999e+00 10201
 1.2861228000000001e+03 0.0000000000000000e+00 0.0000000000000000e+00 5.1734533999999996e+01 01201
 4.5738898999999998e+02 0.0000000000000000e+00 0.0000000000000000e+00 2.4632876999999999e+02 10111
 3.1552100700000000e+02 0.0000000000000000e+00 0.0000000000000000e+00 -1.4688802499999999e+03 01111
 -2.8637608399999999e+00 0.0000000000000000e+00 0.0000000000000000e+00 -7.7696205800000001e+01 20002
 -2.8453250400000002e+02 0.0000000000000000e+00 0.0000000000000000e+00 8.0826721799999996e+02 11002
 -5.4968678599999997e+01 0.0000000000000000e+00 0.0000000000000000e+00 -1.8872739300000001e+03 02002
 -8.9490322900000001e+02 0.0000000000000000e+00 0.0000000000000000e+00 -1.3172162699999999e+01 00202
 -5.8186814800000001e+01 0.0000000000000000e+00 0.0000000000000000e+00 -1.7587238100000000e+03 10021
 2.8100110300000001e+01 0.0000000000000000e+00 0.0000000000000000e+00 1.0443614200000000e+04 01021
 2.4986902400000002e+01 0.0000000000000000e+00 0.0000000000000000e+00 3.7717688900000002e+02 00112
 -4.7104892700000001e+00 0.0000000000000000e+00 0.0000000000000000e+00 -1.7433297400000001e+02 10003
 -9.4935661400000004e-01 0.0000000000000000e+00 0.0000000000000000e+00 8.9351807699999995e+02 01003
 5.9109615599999996e+00 0.0000000000000000e+00 0.0000000000000000e+00 -2.7085707800000000e+03 00022
 1.0590745000000000e-01 0.0000000000000000e+00 0.0000000000000000e+00 -1.4915634900000001e+02 00004
 7.4420433400000000e-02 0.0000000000000000e+00 0.0000000000000000e+00 0.0000000000000000e+00 00101
 -9.3204445700000005e-01 0.0000000000000000e+00 0.0000000000000000e+00 0.0000000000000000e+00 00011
 2.8452158100000000e+00 0.0000000000000000e+00 0.0000000000000000e+00 0.0000000000000000e+00 10101
 -2.5439373000000000e+01 0.0000000000000000e+00 0.0000000000000000e+00 0.0000000000000000e+00 01101
 1.3705155500000000e+01 0.0000000000000000e+00 0.0000000000000000e+00 0.0000000000000000e+00 10011
 -7.2542508699999999e+01 0.0000000000000000e+00 0.0000000000000000e+00 0.0000000000000000e+00 01011
 1.1188551900000000e+01 0.0000000000000000e+00 0.0000000000000000e+00 0.0000000000000000e+00 00102
 -2.9857603999999998e+01 0.0000000000000000e+00 0.0000000000000000e+00 0.0000000000000000e+00 20101
 2.5760759400000001e+02 0.0000000000000000e+00 0.0000000000000000e+00 0.0000000000000000e+00 11101
 2.2280062200000000e+02 0.0000000000000000e+00 0.0000000000000000e+00 0.0000000000000000e+00 02101
 -5.7470399800000003e+00 0.0000000000000000e+00 0.0000000000000000e+00 0.0000000000000000e+00 00301
 -5.8377417100000002e+01 0.0000000000000000e+00 0.0000000000000000e+00 0.0000000000000000e+00 20011
 -7.5798640700000007e+01 0.0000000000000000e+00 0.0000000000000000e+00 0.0000000000000000e+00 11011
 -2.0030666900000000e+01 0.0000000000000000e+00 0.0000000000000000e+00 0.0000000000000000e+00 02011
 8.1569985000000003e+01 0.0000000000000000e+00 0.0000000000000000e+00 0.0000000000000000e+00 00211
 3.9907235700000001e+01 0.0000000000000000e+00 0.0000000000000000e+00 0.0000000000000000e+00 10102
 2.6133789799999999e+01 0.0000000000000000e+00 0.0000000000000000e+00 0.0000000000000000e+00 01102
 1.1102801200000000e+01 0.0000000000000000e+00 0.0000000000000000e+00 0.0000000000000000e+00 00121
 1.5806418400000000e+01 0.0000000000000000e+00 0.0000000000000000e+00 0.0000000000000000e+00 10012
 2.5233279000000000e+00 0.0000000000000000e+00 0.0000000000000000e+00 0.0000000000000000e+00 01012
 1.4961163900000001e+00 0.0000000000000000e+00 0.0000000000000000e+00 0.0000000000000000e+00 00103
 2.9442717200000001e+00 0.0000000000000000e+00 0.0000000000000000e+00 0.0000000000000000e+00 00031
 1.9644430600000001e-01 0.0000000000000000e+00 0.0000000000000000e+00 0.0000000000000000e+00 00013
 1.6957368000000000e+02 0.0000000000000000e+00 0.0000000000000000e+00 0.0000000000000000e+00 40001
 -1.1884030900000000e+03 0.0000000000000000e+00 0.0000000000000000e+00 0.0000000000000000e+00 31001
 -2.5640085899999999e+03 0.0000000000000000e+00 0.0000000000000000e+00 0.0000000000000000e+00 22001
 -7.9612626599999999e+02 0.0000000000000000e+00 0.0000000000000000e+00 0.0000000000000000e+00 13001
 -1.7013585599999999e+02 0.0000000000000000e+00 0.0000000000000000e+00 0.0000000000000000e+00 04001
 2.5273732400000000e+01 0.0000000000000000e+00 0.0000000000000000e+00 0.0000000000000000e+00 30101
 -3.0211779799999999e+02 0.0000000000000000e+00 0.0000000000000000e+00 0.0000000000000000e+00 21101
 1.0508874799999999e+01 0.0000000000000000e+00 0.0000000000000000e+00 0.0000000000000000e+00 12101
 1.7954560900000001e+01 0.0000000000000000e+00 0.0000000000000000e+00 0.0000000000000000e+00 03101
 3.9304286900000000e+02 0.0000000000000000e+00 0.0000000000000000e+00 0.0000000000000000e+00 20201
 -2.6547935800000000e+03 0.0000000000000000e+00 0.0000000000000000e+00 0.0000000000000000e+00 11201
 -6.7520795899999996e+02 0.0000000000000000e+00 0.0000000000000000e+00 0.0000000000000000e+00 02201
 3.1537455800000000e+01 0.0000000000000000e+00 0.0000000000000000e+00 0.0000000000000000e+00 10301
 -6.6287274900000000e+01 0.0000000000000000e+00 0.0000000000000000e+00 0.0000000000000000e+00 01301
 1.1048366800000000e+01 0.0000000000000000e+00 0.0000000000000000e+00 0.0000000000000000e+00 00401
 5.3995273300000001e+01 0.0000000000000000e+00 0.0000000000000000e+00 0.0000000000000000e+00 30011
 1.9851422299999999e+01 0.0000000000000000e+00 0.0000000000000000e+00 0.0000000000000000e+00 21011
 6.9951277899999997e+00 0.0000000000000000e+00 0.0000000000000000e+00 0.0000000000000000e+00 12011
 2.0305896899999998e+00 0.0000000000000000e+00 0.0000000000000000e+00 0.0000000000000000e+00 03011
 -4.1475572199999999e+02 0.0000000000000000e+00 0.0000000000000000e+00 0.0000000000000000e+00 20111
 -2.4292429500000000e+02 0.0000000000000000e+00 0.0000000000000000e+00 0.0000000000000000e+00 11111
 -5.3283176900000001e+01 0.0000000000000000e+00 0.0000000000000000e+00 0.0000000000000000e+00 02111
 1.4085442600000000e+01 0.0000000000000000e+00 0.0000000000000000e+00 0.0000000000000000e+00 10211
 -7.1897002499999996e+00 0.0000000000000000e+00 0.0000000000000000e+00 0.0000000000000000e+00 01211
 4.6617528200000002e+01 0.0000000000000000e+00 0.0000000000000000e+00 0.0000000000000000e+00 00311
 3.2702350999999999e+02 0.0000000000000000e+00 0.0000000000000000e+00 0.0000000000000000e+00 30002
 -4.6760376399999998e+01 0.0000000000000000e+00 0.0000000000000000e+00 0.0000000000000000e+00 21002
 -1.3113077600000000e+01 0.0000000000000000e+00 0.0000000000000000e+00 0.0000000000000000e+00 12002
 -2.1460877500000000e+00 0.0000000000000000e+00 0.0000000000000000e+00 0.0000000000000000e+00 03002
 -4.0516263400000003e+02 0.0000000000000000e+00 0.0000000000000000e+00 0.0000000000000000e+00 20102
 -3.7832739400000001e+01 0.0000000000000000e+00 0.0000000000000000e+00 0.0000000000000000e+00 11102
 -3.2861643300000001e+00 0.0000000000000000e+00 0.0000000000000000e+00 0.0000000000000000e+00 02102
 -7.9775662299999999e+02 0.0000000000000000e+00 0.0000000000000000e+00 0.0000000000000000e+00 10202
 -1.0025346300000000e+02 0.0000000000000000e+00 0.0000000000000000e+00 0.0000000000000000e+00 01202
 -5.8149400000000000e+01 0.0000000000000000e+00 0.0000000000000000e+00 0.0000000000000000e+00 00302
 -4.9721882500000000e+01 0.0000000000000000e+00 0.0000000000000000e+00 0.0000000000000000e+00 20021
 -2.3494000000000000e+01 0.0000000000000000e+00 0.0000000000000000e+00 0.0000000000000000e+00 11021
 -4.6306529500000000e+00 0.0000000000000000e+00 0.0000000000000000e+00 0.0000000000000000e+00 02021
 -7.0125265800000003e+00 0.0000000000000000e+00 0.0000000000000000e+00 0.0000000000000000e+00 10121
 -1.6612841400000000e+00 0.0000000000000000e+00 0.0000000000000000e+00 0.0000000000000000e+00 01121
 8.9976115900000000e+00 0.0000000000000000e+00 0.0000000000000000e+00 0.0000000000000000e+00 00221
 -2.6915856399999999e+01 0.0000000000000000e+00 0.0000000000000000e+00 0.0000000000000000e+00 20012
 -2.9374057699999998e+00 0.0000000000000000e+00 0.0000000000000000e+00 0.0000000000000000e+00 11012
 -2.8169995599999997e-01 0.0000000000000000e+00 0.0000000000000000e+00 0.0000000000000000e+00 02012
 -4.4261380600000003e+01 0.0000000000000000e+00 0.0000000000000000e+00 0.0000000000000000e+00 10112
 -5.1887392600000002e+00 0.0000000000000000e+00 0.0000000000000000e+00 0.0000000000000000e+00 01112
 -2.3091301500000001e+00 0.0000000000000000e+00 0.0000000000000000e+00 0.0000000000000000e+00 00212
 1.2974281100000001e+01 0.0000000000000000e+00 0.0000000000000000e+00 0.0000000000000000e+00 20003
 1.2986379400000001e+00 0.0000000000000000e+00 0.0000000000000000e+00 0.0000000000000000e+00 11003
 1.7931982099999999e-01 0.0000000000000000e+00 0.0000000000000000e+00 0.0000000000000000e+00 02003
 3.5963604300000002e-01 0.0000000000000000e+00 0.0000000000000000e+00 0.0000000000000000e+00 10103
 -6.8600012500000002e-02 0.0000000000000000e+00 0.0000000000000000e+00 0.0000000000000000e+00 01103
 4.7989772600000002e-01 0.0000000000000000e+00 0.0000000000000000e+00 0.0000000000000000e+00 00203
 -1.5183764099999999e+00 0.0000000000000000e+00 0.0000000000000000e+00 0.0000000000000000e+00 10031
 -2.5950537600000001e-01 0.0000000000000000e+00 0.0000000000000000e+00 0.0000000000000000e+00 01031
 1.2137887100000000e+00 0.0000000000000000e+00 0.0000000000000000e+00 0.0000000000000000e+00 00131
 -3.8339448699999998e+00 0.0000000000000000e+00 0.0000000000000000e+00 0.0000000000000000e+00 10022
 -4.4880310099999998e-01 0.0000000000000000e+00 0.0000000000000000e+00 0.0000000000000000e+00 01022
 4.3274224600000001e-02 0.0000000000000000e+00 0.0000000000000000e+00 0.0000000000000000e+00 00122
 4.3379578000000002e-02 0.0000000000000000e+00 0.0000000000000000e+00 0.0000000000000000e+00 10013
 3.8101713399999999e-04 0.0000000000000000e+00 0.0000000000000000e+00 0.0000000000000000e+00 01013
 7.1732702300000006e-02 0.0000000000000000e+00 0.0000000000000000e+00 0.0000000000000000e+00 00113
 4.0493515200000002e-03 0.0000000000000000e+00 0.0000000000000000e+00 0.0000000000000000e+00 10004
 -7.0401424799999997e-04 0.0000000000000000e+00 0.0000000000000000e+00 0.0000000000000000e+00 01004
 4.1771769200000001e-03 0.0000000000000000e+00 0.0000000000000000e+00 0.0000000000000000e+00 00104
 2.6521246799999998e-01 0.0000000000000000e+00 0.0000000000000000e+00 0.0000000000000000e+00 00041
 3.4293861799999999e-02 0.0000000000000000e+00 0.0000000000000000e+00 0.0000000000000000e+00 00032
 2.7421903000000001e-02 0.0000000000000000e+00 0.0000000000000000e+00 0.0000000000000000e+00 00023
 3.8234677400000002e-03 0.0000000000000000e+00 0.0000000000000000e+00 0.0000000000000000e+00 00014
 1.4659581000000001e-03 0.0000000000000000e+00 0.0000000000000000e+00 0.0000000000000000e+00 00005
 -2.2197897499999999e+02 0.0000000000000000e+00 0.0000000000000000e+00 0.0000000000000000e+00 50001
 2.0814843300000002e+03 0.0000000000000000e+00 0.0000000000000000e+00 0.0000000000000000e+00 41001
 -4.3056093600000003e+02 0.0000000000000000e+00 0.0000000000000000e+00 0.0000000000000000e+00 32001
 -2.1805028799999999e+02 0.0000000000000000e+00 0.0000000000000000e+00 0.0000000000000000e+00 23001
 -5.5584450099999998e+01 0.0000000000000000e+00 0.0000000000000000e+00 0.0000000000000000e+00 14001
 -1.1364256800000000e+01 0.0000000000000000e+00 0.0000000000000000e+00 0.0000000000000000e+00 05001
 1.0843246300000000e+02 0.0000000000000000e+00 0.0000000000000000e+00 0.0000000000000000e+00 40101
 -9.3186493399999995e+02 0.0000000000000000e+00 0.0000000000000000e+00 0.0000000000000000e+00 31101
 -1.9297715800000000e+02 0.0000000000000000e+00 0.0000000000000000e+00 0.0000000000000000e+00 22101
 -2.8647338300000001e+01 0.0000000000000000e+00 0.0000000000000000e+00 0.0000000000000000e+00 13101
 -3.4101753399999999e+00 0.0000000000000000e+00 0.0000000000000000e+00 0.0000000000000000e+00 04101
 6.1327849800000003e+01 0.0000000000000000e+00 0.0000000000000000e+00 0.0000000000000000e+00 30201
 -4.3628918599999999e+01 0.0000000000000000e+00 0.0000000000000000e+00 0.0000000000000000e+00 21201
 -4.7152181900000002e+01 0.0000000000000000e+00 0.0000000000000000e+00 0.0000000000000000e+00 12201
 -1.4919883000000000e+01 0.0000000000000000e+00 0.0000000000000000e+00 0.0000000000000000e+00 03201
 5.8831090099999997e+01 0.0000000000000000e+00 0.0000000000000000e+00 0.0000000000000000e+00 20301
 -3.6337865000000001e+01 0.0000000000000000e+00 0.0000000000000000e+00 0.0000000000000000e+00 11301
 -8.0151232799999992e+00 0.0000000000000000e+00 0.0000000000000000e+00 0.0000000000000000e+00 02301
 -1.0494428700000000e+02 0.0000000000000000e+00 0.0000000000000000e+00 0.0000000000000000e+00 10401
 3.4771335299999997e+01 0.0000000000000000e+00 0.0000000000000000e+00 0.0000000000000000e+00 01401
 -1.2228812499999999e+02 0.0000000000000000e+00 0.0000000000000000e+00 0.0000000000000000e+00 00501
 -7.7545342300000002e+01 0.0000000000000000e+00 0.0000000000000000e+00 0.0000000000000000e+00 40011
 -6.4131444900000005e+01 0.0000000000000000e+00 0.0000000000000000e+00 0.0000000000000000e+00 31011
 -1.3985750500000000e+01 0.0000000000000000e+00 0.0000000000000000e+00 0.0000000000000000e+00 22011
 -2.3365408200000002e+00 0.0000000000000000e+00 0.0000000000000000e+00 0.0000000000000000e+00 13011
 -3.4059649100000000e-01 0.0000000000000000e+00 0.0000000000000000e+00 0.0000000000000000e+00 04011
 2.9339419400000001e+01 0.0000000000000000e+00 0.0000000000000000e+00 0.0000000000000000e+00 30111
 4.8114933100000002e+01 0.0000000000000000e+00 0.0000000000000000e+00 0.0000000000000000e+00 21111
 9.5017492400000005e+00 0.0000000000000000e+00 0.0000000000000000e+00 0.0000000000000000e+00 12111
 1.3883754100000001e+00 0.0000000000000000e+00 0.0000000000000000e+00 0.0000000000000000e+00 03111
 5.2479251499999997e+01 0.0000000000000000e+00 0.0000000000000000e+00 0.0000000000000000e+00 20211
 3.8005874199999998e+00 0.0000000000000000e+00 0.0000000000000000e+00 0.0000000000000000e+00 11211
 2.3455513600000000e-01 0.0000000000000000e+00 0.0000000000000000e+00 0.0000000000000000e+00 02211
 3.9580808500000003e+01 0.0000000000000000e+00 0.0000000000000000e+00 0.0000000000000000e+00 10311
 1.5256354200000001e+01 0.0000000000000000e+00 0.0000000000000000e+00 0.0000000000000000e+00 01311
 -7.2808032699999998e+00 0.0000000000000000e+00 0.0000000000000000e+00 0.0000000000000000e+00 00411
 -5.9749734599999999e+02 0.0000000000000000e+00 0.0000000000000000e+00 0.0000000000000000e+00 40002
 -1.0272174900000000e+02 0.0000000000000000e+00 0.0000000000000000e+00 0.0000000000000000e+00 31002
 -1.5368110700000001e+01 0.0000000000000000e+00 0.0000000000000000e+00 0.0000000000000000e+00 22002
 -2.1720831600000001e+00 0.0000000000000000e+00 0.0000000000000000e+00 0.0000000000000000e+00 13002
 -2.7460926400000002e-01 0.0000000000000000e+00 0.0000000000000000e+00 0.0000000000000000e+00 04002
 1.0683798299999999e+02 0.0000000000000000e+00 0.0000000000000000e+00 0.0000000000000000e+00 30102
 1.2376615800000000e+01 0.0000000000000000e+00 0.0000000000000000e+00 0.0000000000000000e+00 21102
 1.4653033000000000e+00 0.0000000000000000e+00 0.0000000000000000e+00 0.0000000000000000e+00 12102
 1.8539329299999999e-01 0.0000000000000000e+00 0.0000000000000000e+00 0.0000000000000000e+00 03102
 1.1888713100000000e+01 0.0000000000000000e+00 0.0000000000000000e+00 0.0000000000000000e+00 20202
 -2.5566998800000000e+00 0.0000000000000000e+00 0.0000000000000000e+00 0.0000000000000000e+00 11202
 -8.6380901700000001e-01 0.0000000000000000e+00 0.0000000000000000e+00 0.0000000000000000e+00 02202
 1.8804701399999999e+01 0.0000000000000000e+00 0.0000000000000000e+00 0.0000000000000000e+00 10302
 2.4966757999999998e+00 0.0000000000000000e+00 0.0000000000000000e+00 0.0000000000000000e+00 01302
 -3.9308849700000001e+00 0.0000000000000000e+00 0.0000000000000000e+00 0.0000000000000000e+00 00402
 1.2703465100000001e+01 0.0000000000000000e+00 0.0000000000000000e+00 0.0000000000000000e+00 30021
 7.9618751600000000e+00 0.0000000000000000e+00 0.0000000000000000e+00 0.0000000000000000e+00 21021
 1.6098250700000001e+00 0.0000000000000000e+00 0.0000000000000000e+00 0.0000000000000000e+00 12021
 2.5756567499999999e-01 0.0000000000000000e+00 0.0000000000000000e+00 0.0000000000000000e+00 03021
 5.9357450700000003e+00 0.0000000000000000e+00 0.0000000000000000e+00 0.0000000000000000e+00 20121
 6.7934845300000002e-01 0.0000000000000000e+00 0.0000000000000000e+00 0.0000000000000000e+00 11121
 7.5755015100000003e-02 0.0000000000000000e+00 0.0000000000000000e+00 0.0000000000000000e+00 02121
 7.3629458100000003e+00 0.0000000000000000e+00 0.0000000000000000e+00 0.0000000000000000e+00 10221
 2.3008013500000000e+00 0.0000000000000000e+00 0.0000000000000000e+00 0.0000000000000000e+00 01221
 -1.1838300700000000e-01 0.0000000000000000e+00 0.0000000000000000e+00 0.0000000000000000e+00 00321
 1.4425814500000000e+01 0.0000000000000000e+00 0.0000000000000000e+00 0.0000000000000000e+00 30012
 1.5265816299999999e+00 0.0000000000000000e+00 0.0000000000000000e+00 0.0000000000000000e+00 21012
 1.6302881699999999e-01 0.0000000000000000e+00 0.0000000000000000e+00 0.0000000000000000e+00 12012
 1.7168950900000000e-02 0.0000000000000000e+00 0.0000000000000000e+00 0.0000000000000000e+00 03012
 1.5074373400000001e+01 0.0000000000000000e+00 0.0000000000000000e+00 0.0000000000000000e+00 20112
 1.6070658300000000e+00 0.0000000000000000e+00 0.0000000000000000e+00 0.0000000000000000e+00 11112
 1.6646502299999999e-01 0.0000000000000000e+00 0.0000000000000000e+00 0.0000000000000000e+00 02112
 2.2880329700000002e+00 0.0000000000000000e+00 0.0000000000000000e+00 0.0000000000000000e+00 10212
 2.6541344900000002e-01 0.0000000000000000e+00 0.0000000000000000e+00 0.0000000000000000e+00 01212
 3.2668393000000000e+00 0.0000000000000000e+00 0.0000000000000000e+00 0.0000000000000000e+00 00312
 -1.4469480500000000e+00 0.0000000000000000e+00 0.0000000000000000e+00 0.0000000000000000e+00 30003
 -3.0155182100000000e-01 0.0000000000000000e+00 0.0000000000000000e+00 0.0000000000000000e+00 21003
 -9.7940595800000002e-02 0.0000000000000000e+00 0.0000000000000000e+00 0.0000000000000000e+00 12003
 -2.1887463300000000e-02 0.0000000000000000e+00 0.0000000000000000e+00 0.0000000000000000e+00 03003
 2.1373127700000000e-01 0.0000000000000000e+00 0.0000000000000000e+00 0.0000000000000000e+00 20103
 -4.2487175700000003e-03 0.0000000000000000e+00 0.0000000000000000e+00 0.0000000000000000e+00 11103
 -2.6398123599999999e-03 0.0000000000000000e+00 0.0000000000000000e+00 0.0000000000000000e+00 02103
 -3.9033618199999998e-01 0.0000000000000000e+00 0.0000000000000000e+00 0.0000000000000000e+00 10203
 -2.2056344900000000e-02 0.0000000000000000e+00 0.0000000000000000e+00 0.0000000000000000e+00 01203
 -2.5206106999999998e-02 0.0000000000000000e+00 0.0000000000000000e+00 0.0000000000000000e+00 00303
 8.3539572600000001e-01 0.0000000000000000e+00 0.0000000000000000e+00 0.0000000000000000e+00 20031
 1.0108242400000000e-01 0.0000000000000000e+00 0.0000000000000000e+00 0.0000000000000000e+00 11031
 1.1382651500000000e-02 0.0000000000000000e+00 0.0000000000000000e+00 0.0000000000000000e+00 02031
 9.6753924199999997e-01 0.0000000000000000e+00 0.0000000000000000e+00 0.0000000000000000e+00 10131
 2.8394057299999997e-01 0.0000000000000000e+00 0.0000000000000000e+00 0.0000000000000000e+00 01131
 7.0409468399999994e-02 0.0000000000000000e+00 0.0000000000000000e+00 0.0000000000000000e+00 00231
 1.9662115200000001e+00 0.0000000000000000e+00 0.0000000000000000e+00 0.0000000000000000e+00 20022
 2.1192966199999999e-01 0.0000000000000000e+00 0.0000000000000000e+00 0.0000000000000000e+00 11022
 2.2229702000000000e-02 0.0000000000000000e+00 0.0000000000000000e+00 0.0000000000000000e+00 02022
 1.9217672799999999e-01 0.0000000000000000e+00 0.0000000000000000e+00 0.0000000000000000e+00 10122
 2.0842935900000002e-02 0.0000000000000000e+00 0.0000000000000000e+00 0.0000000000000000e+00 01122
 4.0919772199999999e-01 0.0000000000000000e+00 0.0000000000000000e+00 0.0000000000000000e+00 00222
 1.1620879799999999e-02 0.0000000000000000e+00 0.0000000000000000e+00 0.0000000000000000e+00 20013
 -8.6175197900000000e-04 0.0000000000000000e+00 0.0000000000000000e+00 0.0000000000000000e+00 11013
 -3.6803400800000002e-04 0.0000000000000000e+00 0.0000000000000000e+00 0.0000000000000000e+00 02013
 -3.0559588299999999e-02 0.0000000000000000e+00 0.0000000000000000e+00 0.0000000000000000e+00 10113
 7.9282077300000002e-04 0.0000000000000000e+00 0.0000000000000000e+00 0.0000000000000000e+00 01113
 -1.0358131200000000e-03 0.0000000000000000e+00 0.0000000000000000e+00 0.0000000000000000e+00 00213
 -3.1766529600000003e-02 0.0000000000000000e+00 0.0000000000000000e+00 0.0000000000000000e+00 20004
 -8.6869289399999997e-03 0.0000000000000000e+00 0.0000000000000000e+00 0.0000000000000000e+00 11004
 -1.3033663300000000e-03 0.0000000000000000e+00 0.0000000000000000e+00 0.0000000000000000e+00 02004
 -4.8593005899999998e-03 0.0000000000000000e+00 0.0000000000000000e+00 0.0000000000000000e+00 10104
 -1.8132267699999999e-04 0.0000000000000000e+00 0.0000000000000000e+00 0.0000000000000000e+00 01104
 -2.2531301500000000e-02 0.0000000000000000e+00 0.0000000000000000e+00 0.0000000000000000e+00 00204
 1.0273608300000001e-01 0.0000000000000000e+00 0.0000000000000000e+00 0.0000000000000000e+00 10041
 3.1679181700000003e-02 0.0000000000000000e+00 0.0000000000000000e+00 0.0000000000000000e+00 01041
 1.7740698900000001e-02 0.0000000000000000e+00 0.0000000000000000e+00 0.0000000000000000e+00 00141
 1.2813031600000000e-02 0.0000000000000000e+00 0.0000000000000000e+00 0.0000000000000000e+00 10032
 1.3430987299999999e-03 0.0000000000000000e+00 0.0000000000000000e+00 0.0000000000000000e+00 01032
 4.4265491599999998e-02 0.0000000000000000e+00 0.0000000000000000e+00 0.0000000000000000e+00 00132
 -5.0074566800000003e-03 0.0000000000000000e+00 0.0000000000000000e+00 0.0000000000000000e+00 10023
 -3.6226490100000000e-05 0.0000000000000000e+00 0.0000000000000000e+00 0.0000000000000000e+00 01023
 -1.0084677400000000e-04 0.0000000000000000e+00 0.0000000000000000e+00 0.0000000000000000e+00 00123
 -2.5991156500000000e-04 0.0000000000000000e+00 0.0000000000000000e+00 0.0000000000000000e+00 10014
 -8.6598892899999998e-06 0.0000000000000000e+00 0.0000000000000000e+00 0.0000000000000000e+00 01014
 1.2643326200000000e-04 0.0000000000000000e+00 0.0000000000000000e+00 0.0000000000000000e+00 00114
 -3.7640531699999999e-04 0.0000000000000000e+00 0.0000000000000000e+00 0.0000000000000000e+00 10005
 -4.9526213000000003e-05 0.0000000000000000e+00 0.0000000000000000e+00 0.0000000000000000e+00 01005
 5.0543502499999998e-05 0.0000000000000000e+00 0.0000000000000000e+00 0.0000000000000000e+00 00105
 3.1877867700000001e-03 0.0000000000000000e+00 0.0000000000000000e+00 0.0000000000000000e+00 00051
 4.7427681699999998e-03 0.0000000000000000e+00 0.0000000000000000e+00 0.0000000000000000e+00 00042
 1.0854985800000000e-05 0.0000000000000000e+00 0.0000000000000000e+00 0.0000000000000000e+00 00033
 9.0835490000000001e-05 0.0000000000000000e+00 0.0000000000000000e+00 0.0000000000000000e+00 00024
 3.1187906300000002e-06 0.0000000000000000e+00 0.0000000000000000e+00 0.0000000000000000e+00 00015
 2.3269827100000001e-06 0.0000000000000000e+00 0.0000000000000000e+00 0.0000000000000000e+00 00006
 --------------------------------------------
