! Candidate angular fit; delta and xtar-dependent terms retained from frozen seed.
 --------------------------------------------
 1.3117781218735594e-03 2.1407993872598783e-05 5.1594160005160152e-04 0.0000000000000000e+00 00000
 3.3815919748168660e-01 1.6333743504526821e-02 -5.6356900320055922e-03 2.4527718100000001e-01 10000
 -3.0763826516356452e+00 -1.3264678414506934e-01 3.4424740258573262e-02 1.7923725400000001e-01 01000
 -1.4291886253994565e-03 -4.6420884972272902e-01 2.8113508519552555e-01 1.5762221900000001e-02 00100
 1.3172451263930018e-01 9.3054414355976695e-02 -2.3620594340499861e+00 -2.7748113599999999e-02 00010
 -3.7179944626758293e-01 -2.2367989869658805e-02 4.7592283796376268e-03 -3.1763193899999997e-01 20000
 2.8452063644940364e+00 -3.7245312346982133e-02 1.8614861154151566e-02 3.2294487900000002e+00 11000
 5.3018098339654411e+00 1.2601154953081377e+00 -1.8885043323998599e-01 9.9624983800000000e-01 02000
 -5.2624966061771272e-01 1.5439666168627244e+00 -4.0202375985592942e-01 -6.9868989000000006e-02 10100
 4.0030536059333386e+00 7.1546956376354198e-01 3.8340856386125999e-02 -2.7273720299999998e-01 01100
 -1.1121260679229589e-01 1.0845584239612227e-01 -4.1035987994627370e-02 -1.7795864400000000e-02 00200
 1.3192762424991775e+00 -2.0547093383752490e+01 5.5235677053145453e+00 -1.7964206399999999e-01 10010
 -8.4457011747999395e+00 -1.5981336774414793e+01 2.7486099500409873e+00 5.1434082800000001e+00 01010
 0.0000000000000000e+00 0.0000000000000000e+00 4.5248824749345218e-01 4.5628469799999999e-01 00110
 -8.2931641714313248e-02 -1.7870084926859540e+00 5.3132284504723715e-01 -6.4079203600000003e+00 00020
 8.5500046534806839e-01 7.6510254701557340e-02 0.0000000000000000e+00 9.3683431900000003e-01 30000
 -1.3716567223231934e+01 5.5590957922042702e-02 -5.5633816834029029e-02 -1.3540589900000001e+01 21000
 5.4299770928604019e+01 -7.7547440080167949e+00 0.0000000000000000e+00 5.1879764199999997e+01 12000
 0.0000000000000000e+00 3.6798498453810446e+01 4.9659408116814125e+00 -2.0498985000000001e+01 03000
 3.8457792647401909e+00 -3.8363998334833034e+00 6.4611556754241362e-01 -3.1254219399999998e-02 20100
 -3.2059998463214853e+01 4.0978713869554568e+01 -4.9679221407307823e+00 2.8400841199999999e-01 11100
 6.1365318195722045e+00 -9.2061444781539862e+01 3.8682957224133685e+00 3.9556433100000001e+00 02100
 4.5141366615279743e-01 -7.7578405374848292e-01 2.4750509746123459e-01 9.5431561099999995e-01 10200
 0.0000000000000000e+00 -7.2903104789604640e+00 0.0000000000000000e+00 -7.0688381700000003e+00 01200
 1.1150741537921431e+00 -3.3790713332795841e+00 3.4845661096683173e-01 -3.5820566700000001e-01 00300
 -3.2092651884089328e+01 5.6744236852085727e+01 -1.2232465235063190e+01 -2.7448817499999998e+00 20010
 2.6851914426742275e+02 -6.2243649228353092e+02 1.3617800888936821e+02 1.0681983600000001e+01 11010
 -8.1615577104105540e+01 1.4772696672481434e+03 -2.6158608408879707e+02 -4.6776265000000002e+01 02010
 -8.7361655978149990e+00 -2.9133379337824653e+01 0.0000000000000000e+00 4.3468718099999998e-01 10110
 0.0000000000000000e+00 3.3406916579405572e+02 -5.0840755474214305e+01 2.5692412099999999e+01 01110
 0.0000000000000000e+00 6.8678236255874182e+01 -1.6096638914833761e+01 -3.1559352000000001e+00 00210
 4.3420855235534802e+01 4.9713435932371709e+01 2.4995527629607963e+01 3.1907757499999999e+01 10020
 -3.7399334321240849e+02 -2.4965448887075786e+02 -2.8386145302912162e+01 -4.6789810199999999e+02 01020
 0.0000000000000000e+00 -9.3454440085214458e+02 2.4430228222062223e+02 3.4179037000000001e+01 00120
 6.8561866311630894e+01 4.9160772984223531e+03 -1.1949664346036234e+03 -7.1508536199999995e+01 00030
 -2.7623566987880079e+00 -9.9816698286572997e-02 0.0000000000000000e+00 -2.3027877499999998e+00 40000
 3.4810618402642319e+01 0.0000000000000000e+00 1.7225868026505498e-01 5.8024830899999998e+01 31000
 0.0000000000000000e+00 4.1648556627263158e+00 0.0000000000000000e+00 -4.9156237399999998e+02 22000
 -8.0639508015972729e+02 0.0000000000000000e+00 0.0000000000000000e+00 1.7182972100000000e+03 13000
 0.0000000000000000e+00 0.0000000000000000e+00 -1.5473571190719537e+02 -1.9501040300000000e+03 04000
 -7.0373928710584153e+00 0.0000000000000000e+00 0.0000000000000000e+00 -1.4621283800000000e+00 30100
 5.8740899167955050e+01 -5.6282395868251474e+00 -3.8406679664199945e+00 4.7295753499999996e+01 21100
 1.7374093829153372e+02 0.0000000000000000e+00 0.0000000000000000e+00 -4.3237295599999999e+02 12100
 -1.4950969003033933e+03 -3.4607399219881614e+01 8.5474106896075085e+01 1.3233994800000000e+03 03100
 0.0000000000000000e+00 8.6191377780977980e+00 -2.0278567284904558e-01 -1.0047251200000000e+00 20200
 0.0000000000000000e+00 0.0000000000000000e+00 0.0000000000000000e+00 1.6743462399999999e+01 11200
 0.0000000000000000e+00 -9.3278004168723342e+01 -3.1804799109034936e+00 -6.7273158699999996e+01 02200
 -3.8546317192959494e+00 8.0674916619233716e+00 0.0000000000000000e+00 4.9815545700000001e+00 10300
 0.0000000000000000e+00 -5.8741418731687034e+01 0.0000000000000000e+00 -3.7436718100000000e+01 01300
 0.0000000000000000e+00 -2.0392627572281783e+00 0.0000000000000000e+00 3.8352631700000002e+00 00400
 1.1294810722747356e+02 -8.5454124320207356e+01 4.4884851323563417e+00 2.0406354700000001e+01 30010
 -1.2289078355174638e+03 1.1173251757347130e+03 0.0000000000000000e+00 -5.2187064599999997e+02 21010
 2.2443432437174374e+03 -2.8604291246123207e+03 0.0000000000000000e+00 4.0218560800000000e+03 12010
 0.0000000000000000e+00 -4.8872739179681512e+03 0.0000000000000000e+00 -1.1081659400000000e+04 03010
 0.0000000000000000e+00 0.0000000000000000e+00 0.0000000000000000e+00 -2.6109065900000001e+01 20110
 2.1174891580755983e+02 -1.0066775700693221e+03 0.0000000000000000e+00 3.4366059500000000e+02 11110
 0.0000000000000000e+00 -1.4557000209877940e+03 1.2469773989924981e+03 -9.7405222100000003e+02 02110
 0.0000000000000000e+00 0.0000000000000000e+00 0.0000000000000000e+00 -3.6510193000000001e+01 10210
 1.9119521064716974e+02 -1.0130037401121817e+02 -1.7244795429215051e+02 2.9243684000000002e+02 01210
 0.0000000000000000e+00 0.0000000000000000e+00 0.0000000000000000e+00 -8.4939199799999997e+01 00310
 0.0000000000000000e+00 -8.7943348983339149e+02 0.0000000000000000e+00 4.0636932100000001e+02 20020
 0.0000000000000000e+00 6.8622880892323446e+03 0.0000000000000000e+00 -4.5869649099999997e+03 11020
 -1.0940976480386349e+04 3.2921788250719132e+04 -1.3296152311199270e+04 9.3584628599999996e+03 02020
 3.2194815170622996e+02 -8.1939645234538330e+02 3.1924910385543768e+02 6.0264629700000000e+01 10120
 0.0000000000000000e+00 -1.7588520732171057e+03 0.0000000000000000e+00 -6.9720597099999998e+02 01120
 0.0000000000000000e+00 -1.3872253764189288e+03 1.9691403403959262e+02 7.2697501299999999e+02 00220
 0.0000000000000000e+00 -4.0214938769224655e+03 -6.6045624660376416e+02 5.3606629499999997e+02 10030
 4.1838178148184306e+03 2.1845436433473169e+04 0.0000000000000000e+00 -2.3364836399999999e+03 01030
 0.0000000000000000e+00 4.3480327982184444e+03 0.0000000000000000e+00 -1.6674671400000000e+03 00130
 0.0000000000000000e+00 0.0000000000000000e+00 0.0000000000000000e+00 3.9121164899999999e+03 00040
 1.3298099920829920e+01 -6.5688002247688659e-01 0.0000000000000000e+00 4.9678190300000002e+00 50000
 -1.8115391654093472e+02 5.8944847221928027e+00 0.0000000000000000e+00 -2.1463550799999999e+02 41000
 0.0000000000000000e+00 -1.5792315230178447e+01 0.0000000000000000e+00 3.4385126599999999e+03 32000
 5.8796358205702427e+03 0.0000000000000000e+00 0.0000000000000000e+00 -2.7888407800000001e+04 23000
 1.0446049166500328e+04 -1.0487444959331062e+02 0.0000000000000000e+00 1.1885052899999999e+05 14000
 -1.6707525460457901e+05 -5.8444331966069212e+03 0.0000000000000000e+00 -2.0979779999999999e+05 05000
 0.0000000000000000e+00 1.7394093843317593e+00 -3.7420673752438897e-02 3.0790796100000000e+00 40100
 0.0000000000000000e+00 0.0000000000000000e+00 0.0000000000000000e+00 -7.1757031799999993e+01 31100
 -9.3271551295479890e+02 0.0000000000000000e+00 0.0000000000000000e+00 1.7523077900000001e+02 22100
 0.0000000000000000e+00 -1.9899496504066346e+03 0.0000000000000000e+00 3.6607079199999998e+03 13100
 6.3894606144500496e+04 1.4886035817531028e+04 -4.2618170321634943e+03 -1.8679771700000001e+04 04100
 5.2381546281197195e+00 -2.3484881337433759e+01 1.1261151267895679e+00 -9.8292970799999999e+00 30200
 -1.3005992049670519e+02 1.2079898489610871e+01 0.0000000000000000e+00 2.2322339500000001e+02 21200
 0.0000000000000000e+00 1.7730998228884105e+03 0.0000000000000000e+00 -1.9345593400000000e+03 12200
 5.6659945837269024e+03 -4.0719124555873332e+03 0.0000000000000000e+00 6.2959604900000004e+03 03200
 0.0000000000000000e+00 0.0000000000000000e+00 0.0000000000000000e+00 7.5324127100000000e+00 20300
 0.0000000000000000e+00 0.0000000000000000e+00 0.0000000000000000e+00 -1.7311873199999999e+02 11300
 -1.5535749105785311e+02 1.0828814267037103e+03 3.4670135499175939e+02 1.0774482200000000e+03 02300
 7.1908209591432950e+00 0.0000000000000000e+00 0.0000000000000000e+00 -1.1124031400000001e+00 10400
 -9.4308092376627627e+01 -4.2183694458436271e+01 0.0000000000000000e+00 -1.0768688200000000e+02 01400
 7.8242074011926181e+00 1.4006039491829745e+02 -3.0318522179668992e+01 -1.3675491200000001e+00 00500
 0.0000000000000000e+00 8.9748520844022096e+01 -5.2440328953978907e+00 -4.8581986499999999e+01 40010
 -1.5172764848805235e+01 -1.8366332897282480e+03 0.0000000000000000e+00 1.9529719100000000e+03 31010
 5.5614805621195856e+03 9.8696349616504358e+03 0.0000000000000000e+00 -2.0776508900000001e+04 22010
 0.0000000000000000e+00 0.0000000000000000e+00 0.0000000000000000e+00 7.9440774900000004e+04 13010
 -4.1720471543189388e+05 -9.5316628200468884e+04 0.0000000000000000e+00 -7.1841567599999995e+04 04010
 0.0000000000000000e+00 3.3534398715203974e+02 0.0000000000000000e+00 6.3779292800000000e+01 30110
 3.9165141066303255e+02 0.0000000000000000e+00 0.0000000000000000e+00 -1.7658266000000001e+03 21110
 0.0000000000000000e+00 5.6073395798323390e+03 0.0000000000000000e+00 1.1961652899999999e+04 12110
 1.9605052914709515e+03 -1.1294931282223600e+05 0.0000000000000000e+00 -3.6062570899999999e+04 03110
 0.0000000000000000e+00 -1.1743601342731795e+02 0.0000000000000000e+00 -8.6987571199999998e+00 20210
 3.8396406516597295e+02 0.0000000000000000e+00 0.0000000000000000e+00 1.6077307200000000e+03 11210
 0.0000000000000000e+00 -2.0852391786492452e+04 0.0000000000000000e+00 -1.1675984399999999e+04 02210
 0.0000000000000000e+00 0.0000000000000000e+00 0.0000000000000000e+00 1.6598224700000000e+02 10310
 0.0000000000000000e+00 2.9557653973878255e+03 -4.7730600530219300e+02 9.4686973100000000e+02 01310
 0.0000000000000000e+00 0.0000000000000000e+00 0.0000000000000000e+00 1.6439557600000001e+02 00410
 1.0394706555438459e+02 0.0000000000000000e+00 0.0000000000000000e+00 -2.4076491099999998e+03 30020
 0.0000000000000000e+00 -1.2508555337245660e+04 0.0000000000000000e+00 5.5520991600000001e+04 21020
 0.0000000000000000e+00 -2.0217545346845544e+05 0.0000000000000000e+00 -4.1814969699999999e+05 12020
 0.0000000000000000e+00 1.1103804581990782e+06 0.0000000000000000e+00 1.1185970900000001e+06 03020
 -9.3856740828821569e+02 0.0000000000000000e+00 0.0000000000000000e+00 3.3250162999999998e+02 20120
 0.0000000000000000e+00 0.0000000000000000e+00 0.0000000000000000e+00 -1.4254245100000000e+04 11120
 0.0000000000000000e+00 0.0000000000000000e+00 0.0000000000000000e+00 5.2657758800000003e+04 02120
 0.0000000000000000e+00 0.0000000000000000e+00 0.0000000000000000e+00 -3.9989584300000001e+03 10220
 0.0000000000000000e+00 0.0000000000000000e+00 0.0000000000000000e+00 2.5102144300000000e+04 01220
 0.0000000000000000e+00 0.0000000000000000e+00 0.0000000000000000e+00 9.0266857599999994e+01 00320
 0.0000000000000000e+00 0.0000000000000000e+00 0.0000000000000000e+00 -9.3089900000000000e+02 20030
 2.1275667721913356e+04 -3.6086709272617759e+05 0.0000000000000000e+00 3.9788767800000001e+04 11030
 0.0000000000000000e+00 1.2438569642828426e+06 0.0000000000000000e+00 -1.1875274700000000e+05 02030
 0.0000000000000000e+00 0.0000000000000000e+00 0.0000000000000000e+00 2.9493169800000000e+04 10130
 0.0000000000000000e+00 0.0000000000000000e+00 0.0000000000000000e+00 -2.5987719800000000e+05 01130
 -1.5820462816948657e+03 0.0000000000000000e+00 0.0000000000000000e+00 1.1004152400000000e+03 00230
 2.3344810667048507e+04 -3.1006485927246214e+05 0.0000000000000000e+00 -1.3196676600000001e+04 10040
 0.0000000000000000e+00 0.0000000000000000e+00 0.0000000000000000e+00 3.0309427799999999e+05 01040
 0.0000000000000000e+00 -5.6408375915281102e+05 8.3774579349809326e+04 -1.7333469400000002e+04 00140
 0.0000000000000000e+00 3.9196957567200274e+05 0.0000000000000000e+00 3.0963153100000000e+04 00050
 -2.0007827459560726e+01 1.3058973008616239e+00 -1.2440524350584775e-01 0.0000000000000000e+00 60000
 2.7624891252634103e+02 0.0000000000000000e+00 0.0000000000000000e+00 0.0000000000000000e+00 51000
 0.0000000000000000e+00 -1.0340783687095075e+02 0.0000000000000000e+00 0.0000000000000000e+00 42000
 0.0000000000000000e+00 0.0000000000000000e+00 0.0000000000000000e+00 0.0000000000000000e+00 33000
 -1.0632313153904496e+05 0.0000000000000000e+00 5.3962160345819484e+02 0.0000000000000000e+00 24000
 0.0000000000000000e+00 0.0000000000000000e+00 0.0000000000000000e+00 0.0000000000000000e+00 15000
 2.8374047200561487e+06 3.4022565701795858e+04 0.0000000000000000e+00 0.0000000000000000e+00 06000
 3.2950595608431437e+00 0.0000000000000000e+00 7.6397091361983871e-01 0.0000000000000000e+00 50100
 0.0000000000000000e+00 5.6627042593594908e+01 0.0000000000000000e+00 0.0000000000000000e+00 41100
 1.1601672664692308e+03 0.0000000000000000e+00 0.0000000000000000e+00 0.0000000000000000e+00 32100
 0.0000000000000000e+00 3.9739378751567915e+02 0.0000000000000000e+00 0.0000000000000000e+00 23100
 0.0000000000000000e+00 -8.5321938180316400e+04 0.0000000000000000e+00 0.0000000000000000e+00 14100
 -7.1700913525199471e+05 3.4337679170043970e+05 5.4489607121007000e+04 0.0000000000000000e+00 05100
 -9.6649064519148844e+00 2.7681878368743053e+01 -4.5989392891245666e+00 0.0000000000000000e+00 40200
 2.1819191288571344e+02 -3.1983644928326521e+02 0.0000000000000000e+00 0.0000000000000000e+00 31200
 0.0000000000000000e+00 0.0000000000000000e+00 0.0000000000000000e+00 0.0000000000000000e+00 22200
 0.0000000000000000e+00 0.0000000000000000e+00 0.0000000000000000e+00 0.0000000000000000e+00 13200
 -7.2318618466025000e+04 2.2295173776668013e+04 0.0000000000000000e+00 0.0000000000000000e+00 04200
 0.0000000000000000e+00 8.8441973364238358e+00 0.0000000000000000e+00 0.0000000000000000e+00 30300
 0.0000000000000000e+00 0.0000000000000000e+00 0.0000000000000000e+00 0.0000000000000000e+00 21300
 0.0000000000000000e+00 -1.2255068210296704e+03 0.0000000000000000e+00 0.0000000000000000e+00 12300
 4.9043449104463707e+03 0.0000000000000000e+00 -1.2623161197371453e+03 0.0000000000000000e+00 03300
 0.0000000000000000e+00 -4.1325051501225865e+00 0.0000000000000000e+00 0.0000000000000000e+00 20400
 1.6408744426488983e+01 5.3943520249732615e+01 0.0000000000000000e+00 0.0000000000000000e+00 11400
 0.0000000000000000e+00 0.0000000000000000e+00 1.4864387298968063e+02 0.0000000000000000e+00 02400
 0.0000000000000000e+00 -3.0530136264169624e+02 6.7453898643428360e+01 0.0000000000000000e+00 10500
 0.0000000000000000e+00 -1.1805816407109355e+03 0.0000000000000000e+00 0.0000000000000000e+00 01500
 -3.0546726681004991e+01 1.4689866913864277e+01 0.0000000000000000e+00 0.0000000000000000e+00 00600
 0.0000000000000000e+00 -1.8313936977055430e+01 0.0000000000000000e+00 0.0000000000000000e+00 50010
 -1.6496750580683110e+03 0.0000000000000000e+00 0.0000000000000000e+00 0.0000000000000000e+00 41010
 0.0000000000000000e+00 5.0132763251336237e+03 0.0000000000000000e+00 0.0000000000000000e+00 32010
 0.0000000000000000e+00 0.0000000000000000e+00 -2.6442458719158494e+04 0.0000000000000000e+00 23010
 0.0000000000000000e+00 0.0000000000000000e+00 0.0000000000000000e+00 0.0000000000000000e+00 14010
 6.9740644439543420e+06 1.6458254518931944e+05 0.0000000000000000e+00 0.0000000000000000e+00 05010
 -2.4707855394877237e+02 -4.1090886721868900e+00 0.0000000000000000e+00 0.0000000000000000e+00 40110
 1.4642441461110500e+03 0.0000000000000000e+00 0.0000000000000000e+00 0.0000000000000000e+00 31110
 0.0000000000000000e+00 0.0000000000000000e+00 0.0000000000000000e+00 0.0000000000000000e+00 22110
 0.0000000000000000e+00 7.3217166398071407e+04 0.0000000000000000e+00 0.0000000000000000e+00 13110
 0.0000000000000000e+00 6.4202288413969195e+05 0.0000000000000000e+00 0.0000000000000000e+00 04110
 0.0000000000000000e+00 0.0000000000000000e+00 -6.0682013519736330e+01 0.0000000000000000e+00 30210
 0.0000000000000000e+00 0.0000000000000000e+00 1.0860704257545265e+03 0.0000000000000000e+00 21210
 0.0000000000000000e+00 0.0000000000000000e+00 0.0000000000000000e+00 0.0000000000000000e+00 12210
 0.0000000000000000e+00 6.0141826227449090e+05 0.0000000000000000e+00 0.0000000000000000e+00 03210
 0.0000000000000000e+00 -2.5915723796942126e+02 0.0000000000000000e+00 0.0000000000000000e+00 20310
 4.5068618916623370e+02 0.0000000000000000e+00 0.0000000000000000e+00 0.0000000000000000e+00 11310
 0.0000000000000000e+00 6.8474934170827219e+03 0.0000000000000000e+00 0.0000000000000000e+00 02310
 0.0000000000000000e+00 0.0000000000000000e+00 0.0000000000000000e+00 0.0000000000000000e+00 10410
 0.0000000000000000e+00 1.0076556791066641e+04 0.0000000000000000e+00 0.0000000000000000e+00 01410
 0.0000000000000000e+00 0.0000000000000000e+00 4.6007250999451003e+02 0.0000000000000000e+00 00510
 3.1452903086013933e+01 -1.2494317967386066e+02 2.7475749999520980e+02 0.0000000000000000e+00 40020
 0.0000000000000000e+00 0.0000000000000000e+00 5.1733838696253006e+03 0.0000000000000000e+00 31020
 0.0000000000000000e+00 0.0000000000000000e+00 0.0000000000000000e+00 0.0000000000000000e+00 22020
 0.0000000000000000e+00 0.0000000000000000e+00 0.0000000000000000e+00 0.0000000000000000e+00 13020
 4.8566011817990514e+06 -1.2939123281947888e+07 -9.2096421339571162e+05 0.0000000000000000e+00 04020
 0.0000000000000000e+00 0.0000000000000000e+00 0.0000000000000000e+00 0.0000000000000000e+00 30120
 0.0000000000000000e+00 0.0000000000000000e+00 0.0000000000000000e+00 0.0000000000000000e+00 21120
 0.0000000000000000e+00 -1.0326565977755989e+06 0.0000000000000000e+00 0.0000000000000000e+00 12120
 0.0000000000000000e+00 -1.2360543460475525e+06 0.0000000000000000e+00 0.0000000000000000e+00 03120
 0.0000000000000000e+00 1.3034292482148243e+04 0.0000000000000000e+00 0.0000000000000000e+00 20220
 0.0000000000000000e+00 0.0000000000000000e+00 0.0000000000000000e+00 0.0000000000000000e+00 11220
 0.0000000000000000e+00 0.0000000000000000e+00 0.0000000000000000e+00 0.0000000000000000e+00 02220
 0.0000000000000000e+00 1.3785072254794883e+05 0.0000000000000000e+00 0.0000000000000000e+00 10320
 2.8471753081714120e+04 0.0000000000000000e+00 0.0000000000000000e+00 0.0000000000000000e+00 01320
 0.0000000000000000e+00 -5.2374156941011985e+04 -6.2189620834257794e+03 0.0000000000000000e+00 00420
 0.0000000000000000e+00 -5.7737060689502059e+03 0.0000000000000000e+00 0.0000000000000000e+00 30030
 -1.6033346852830006e+05 0.0000000000000000e+00 0.0000000000000000e+00 0.0000000000000000e+00 21030
 0.0000000000000000e+00 0.0000000000000000e+00 0.0000000000000000e+00 0.0000000000000000e+00 12030
 0.0000000000000000e+00 8.3725598747450411e+06 2.1373933514729994e+06 0.0000000000000000e+00 03030
 0.0000000000000000e+00 -2.0557905215997289e+04 0.0000000000000000e+00 0.0000000000000000e+00 20130
 0.0000000000000000e+00 0.0000000000000000e+00 0.0000000000000000e+00 0.0000000000000000e+00 11130
 0.0000000000000000e+00 0.0000000000000000e+00 0.0000000000000000e+00 0.0000000000000000e+00 02130
 0.0000000000000000e+00 -8.8058311733003776e+05 -2.9701766753988189e+05 0.0000000000000000e+00 10230
 0.0000000000000000e+00 0.0000000000000000e+00 2.9021364289750101e+05 0.0000000000000000e+00 01230
 0.0000000000000000e+00 6.3856850522921572e+05 0.0000000000000000e+00 0.0000000000000000e+00 00330
 -1.1670492615322248e+04 -5.2426439353799267e+05 -1.3772227268755159e+05 0.0000000000000000e+00 20040
 0.0000000000000000e+00 0.0000000000000000e+00 0.0000000000000000e+00 0.0000000000000000e+00 11040
 0.0000000000000000e+00 0.0000000000000000e+00 -1.8040216657926063e+06 0.0000000000000000e+00 02040
 0.0000000000000000e+00 0.0000000000000000e+00 1.5603736820595814e+06 0.0000000000000000e+00 10140
 0.0000000000000000e+00 0.0000000000000000e+00 0.0000000000000000e+00 0.0000000000000000e+00 01140
 0.0000000000000000e+00 0.0000000000000000e+00 0.0000000000000000e+00 0.0000000000000000e+00 00240
 0.0000000000000000e+00 0.0000000000000000e+00 0.0000000000000000e+00 0.0000000000000000e+00 10050
 -8.8078760502744205e+06 -5.1506045645256707e+05 0.0000000000000000e+00 0.0000000000000000e+00 01050
 1.0448548188384826e+06 0.0000000000000000e+00 0.0000000000000000e+00 0.0000000000000000e+00 00150
 0.0000000000000000e+00 -9.7643884541392043e+07 -3.5195498771444741e+06 0.0000000000000000e+00 00060
 1.1258424199999999e+00 0.0000000000000000e+00 0.0000000000000000e+00 7.6817769999999996e-01 00001
 -3.3092960599999999e+00 0.0000000000000000e+00 0.0000000000000000e+00 -1.2482495400000000e+00 10001
 9.5582156000000005e+00 0.0000000000000000e+00 0.0000000000000000e+00 7.1898036500000000e+00 01001
 -1.2807550800000000e+01 0.0000000000000000e+00 0.0000000000000000e+00 -1.7948002400000000e+00 00002
 3.1328287000000000e+01 0.0000000000000000e+00 0.0000000000000000e+00 4.3097902599999998e+00 20001
 -3.6635859399999998e+02 0.0000000000000000e+00 0.0000000000000000e+00 -4.7514103499999997e+01 11001
 1.2812726399999999e+03 0.0000000000000000e+00 0.0000000000000000e+00 1.2740499699999999e+02 02001
 8.4649294600000005e+00 0.0000000000000000e+00 0.0000000000000000e+00 1.5213236200000000e+00 00201
 -2.1218133200000000e+02 0.0000000000000000e+00 0.0000000000000000e+00 -4.4842024199999997e+01 00111
 8.6216804499999995e+01 0.0000000000000000e+00 0.0000000000000000e+00 1.3903586900000001e+01 10002
 -2.0237557699999999e+02 0.0000000000000000e+00 0.0000000000000000e+00 -7.5177002500000000e+01 01002
 1.2924057499999999e+03 0.0000000000000000e+00 0.0000000000000000e+00 3.3294530099999997e+02 00021
 1.5246574300000000e+02 4.1239841799999999e+02 -1.1855168000000000e+02 0.0000000000000000e+00 00012
 5.6814234300000003e+01 0.0000000000000000e+00 0.0000000000000000e+00 1.5595186500000001e+01 00003
 -1.1109064100000001e+02 0.0000000000000000e+00 0.0000000000000000e+00 -1.5717735800000000e+01 30001
 1.3012309000000000e+03 0.0000000000000000e+00 0.0000000000000000e+00 2.4992499500000000e+02 21001
 -3.3776413699999998e+03 0.0000000000000000e+00 0.0000000000000000e+00 -1.2056100300000001e+03 12001
 -1.0805725299999999e+03 0.0000000000000000e+00 0.0000000000000000e+00 1.6507063800000001e+03 03001
 -2.0675836699999999e+02 0.0000000000000000e+00 0.0000000000000000e+00 -8.6394541199999999e+00 10201
 1.2861228000000001e+03 0.0000000000000000e+00 0.0000000000000000e+00 5.1734533999999996e+01 01201
 4.5738898999999998e+02 0.0000000000000000e+00 0.0000000000000000e+00 2.4632876999999999e+02 10111
 3.1552100700000000e+02 0.0000000000000000e+00 0.0000000000000000e+00 -1.4688802499999999e+03 01111
 -2.8637608399999999e+00 0.0000000000000000e+00 0.0000000000000000e+00 -7.7696205800000001e+01 20002
 -2.8453250400000002e+02 0.0000000000000000e+00 0.0000000000000000e+00 8.0826721799999996e+02 11002
 -5.4968678599999997e+01 0.0000000000000000e+00 0.0000000000000000e+00 -1.8872739300000001e+03 02002
 -8.9490322900000001e+02 0.0000000000000000e+00 0.0000000000000000e+00 -1.3172162699999999e+01 00202
 -5.8186814800000001e+01 0.0000000000000000e+00 0.0000000000000000e+00 -1.7587238100000000e+03 10021
 2.8100110300000001e+01 0.0000000000000000e+00 0.0000000000000000e+00 1.0443614200000000e+04 01021
 2.4986902400000002e+01 0.0000000000000000e+00 0.0000000000000000e+00 3.7717688900000002e+02 00112
 -4.7104892700000001e+00 0.0000000000000000e+00 0.0000000000000000e+00 -1.7433297400000001e+02 10003
 -9.4935661400000004e-01 0.0000000000000000e+00 0.0000000000000000e+00 8.9351807699999995e+02 01003
 5.9109615599999996e+00 0.0000000000000000e+00 0.0000000000000000e+00 -2.7085707800000000e+03 00022
 1.0590745000000000e-01 0.0000000000000000e+00 0.0000000000000000e+00 -1.4915634900000001e+02 00004
 7.4420433400000000e-02 0.0000000000000000e+00 0.0000000000000000e+00 0.0000000000000000e+00 00101
 -9.3204445700000005e-01 0.0000000000000000e+00 0.0000000000000000e+00 0.0000000000000000e+00 00011
 2.8452158100000000e+00 0.0000000000000000e+00 0.0000000000000000e+00 0.0000000000000000e+00 10101
 -2.5439373000000000e+01 0.0000000000000000e+00 0.0000000000000000e+00 0.0000000000000000e+00 01101
 1.3705155500000000e+01 0.0000000000000000e+00 0.0000000000000000e+00 0.0000000000000000e+00 10011
 -7.2542508699999999e+01 0.0000000000000000e+00 0.0000000000000000e+00 0.0000000000000000e+00 01011
 1.1188551900000000e+01 0.0000000000000000e+00 0.0000000000000000e+00 0.0000000000000000e+00 00102
 -2.9857603999999998e+01 0.0000000000000000e+00 0.0000000000000000e+00 0.0000000000000000e+00 20101
 2.5760759400000001e+02 0.0000000000000000e+00 0.0000000000000000e+00 0.0000000000000000e+00 11101
 2.2280062200000000e+02 0.0000000000000000e+00 0.0000000000000000e+00 0.0000000000000000e+00 02101
 -5.7470399800000003e+00 0.0000000000000000e+00 0.0000000000000000e+00 0.0000000000000000e+00 00301
 -5.8377417100000002e+01 0.0000000000000000e+00 0.0000000000000000e+00 0.0000000000000000e+00 20011
 -7.5798640700000007e+01 0.0000000000000000e+00 0.0000000000000000e+00 0.0000000000000000e+00 11011
 -2.0030666900000000e+01 0.0000000000000000e+00 0.0000000000000000e+00 0.0000000000000000e+00 02011
 8.1569985000000003e+01 0.0000000000000000e+00 0.0000000000000000e+00 0.0000000000000000e+00 00211
 3.9907235700000001e+01 0.0000000000000000e+00 0.0000000000000000e+00 0.0000000000000000e+00 10102
 2.6133789799999999e+01 0.0000000000000000e+00 0.0000000000000000e+00 0.0000000000000000e+00 01102
 1.1102801200000000e+01 0.0000000000000000e+00 0.0000000000000000e+00 0.0000000000000000e+00 00121
 1.5806418400000000e+01 0.0000000000000000e+00 0.0000000000000000e+00 0.0000000000000000e+00 10012
 2.5233279000000000e+00 0.0000000000000000e+00 0.0000000000000000e+00 0.0000000000000000e+00 01012
 1.4961163900000001e+00 0.0000000000000000e+00 0.0000000000000000e+00 0.0000000000000000e+00 00103
 2.9442717200000001e+00 0.0000000000000000e+00 0.0000000000000000e+00 0.0000000000000000e+00 00031
 1.9644430600000001e-01 0.0000000000000000e+00 0.0000000000000000e+00 0.0000000000000000e+00 00013
 1.6957368000000000e+02 0.0000000000000000e+00 0.0000000000000000e+00 0.0000000000000000e+00 40001
 -1.1884030900000000e+03 0.0000000000000000e+00 0.0000000000000000e+00 0.0000000000000000e+00 31001
 -2.5640085899999999e+03 0.0000000000000000e+00 0.0000000000000000e+00 0.0000000000000000e+00 22001
 -7.9612626599999999e+02 0.0000000000000000e+00 0.0000000000000000e+00 0.0000000000000000e+00 13001
 -1.7013585599999999e+02 0.0000000000000000e+00 0.0000000000000000e+00 0.0000000000000000e+00 04001
 2.5273732400000000e+01 0.0000000000000000e+00 0.0000000000000000e+00 0.0000000000000000e+00 30101
 -3.0211779799999999e+02 0.0000000000000000e+00 0.0000000000000000e+00 0.0000000000000000e+00 21101
 1.0508874799999999e+01 0.0000000000000000e+00 0.0000000000000000e+00 0.0000000000000000e+00 12101
 1.7954560900000001e+01 0.0000000000000000e+00 0.0000000000000000e+00 0.0000000000000000e+00 03101
 3.9304286900000000e+02 0.0000000000000000e+00 0.0000000000000000e+00 0.0000000000000000e+00 20201
 -2.6547935800000000e+03 0.0000000000000000e+00 0.0000000000000000e+00 0.0000000000000000e+00 11201
 -6.7520795899999996e+02 0.0000000000000000e+00 0.0000000000000000e+00 0.0000000000000000e+00 02201
 3.1537455800000000e+01 0.0000000000000000e+00 0.0000000000000000e+00 0.0000000000000000e+00 10301
 -6.6287274900000000e+01 0.0000000000000000e+00 0.0000000000000000e+00 0.0000000000000000e+00 01301
 1.1048366800000000e+01 0.0000000000000000e+00 0.0000000000000000e+00 0.0000000000000000e+00 00401
 5.3995273300000001e+01 0.0000000000000000e+00 0.0000000000000000e+00 0.0000000000000000e+00 30011
 1.9851422299999999e+01 0.0000000000000000e+00 0.0000000000000000e+00 0.0000000000000000e+00 21011
 6.9951277899999997e+00 0.0000000000000000e+00 0.0000000000000000e+00 0.0000000000000000e+00 12011
 2.0305896899999998e+00 0.0000000000000000e+00 0.0000000000000000e+00 0.0000000000000000e+00 03011
 -4.1475572199999999e+02 0.0000000000000000e+00 0.0000000000000000e+00 0.0000000000000000e+00 20111
 -2.4292429500000000e+02 0.0000000000000000e+00 0.0000000000000000e+00 0.0000000000000000e+00 11111
 -5.3283176900000001e+01 0.0000000000000000e+00 0.0000000000000000e+00 0.0000000000000000e+00 02111
 1.4085442600000000e+01 0.0000000000000000e+00 0.0000000000000000e+00 0.0000000000000000e+00 10211
 -7.1897002499999996e+00 0.0000000000000000e+00 0.0000000000000000e+00 0.0000000000000000e+00 01211
 4.6617528200000002e+01 0.0000000000000000e+00 0.0000000000000000e+00 0.0000000000000000e+00 00311
 3.2702350999999999e+02 0.0000000000000000e+00 0.0000000000000000e+00 0.0000000000000000e+00 30002
 -4.6760376399999998e+01 0.0000000000000000e+00 0.0000000000000000e+00 0.0000000000000000e+00 21002
 -1.3113077600000000e+01 0.0000000000000000e+00 0.0000000000000000e+00 0.0000000000000000e+00 12002
 -2.1460877500000000e+00 0.0000000000000000e+00 0.0000000000000000e+00 0.0000000000000000e+00 03002
 -4.0516263400000003e+02 0.0000000000000000e+00 0.0000000000000000e+00 0.0000000000000000e+00 20102
 -3.7832739400000001e+01 0.0000000000000000e+00 0.0000000000000000e+00 0.0000000000000000e+00 11102
 -3.2861643300000001e+00 0.0000000000000000e+00 0.0000000000000000e+00 0.0000000000000000e+00 02102
 -7.9775662299999999e+02 0.0000000000000000e+00 0.0000000000000000e+00 0.0000000000000000e+00 10202
 -1.0025346300000000e+02 0.0000000000000000e+00 0.0000000000000000e+00 0.0000000000000000e+00 01202
 -5.8149400000000000e+01 0.0000000000000000e+00 0.0000000000000000e+00 0.0000000000000000e+00 00302
 -4.9721882500000000e+01 0.0000000000000000e+00 0.0000000000000000e+00 0.0000000000000000e+00 20021
 -2.3494000000000000e+01 0.0000000000000000e+00 0.0000000000000000e+00 0.0000000000000000e+00 11021
 -4.6306529500000000e+00 0.0000000000000000e+00 0.0000000000000000e+00 0.0000000000000000e+00 02021
 -7.0125265800000003e+00 0.0000000000000000e+00 0.0000000000000000e+00 0.0000000000000000e+00 10121
 -1.6612841400000000e+00 0.0000000000000000e+00 0.0000000000000000e+00 0.0000000000000000e+00 01121
 8.9976115900000000e+00 0.0000000000000000e+00 0.0000000000000000e+00 0.0000000000000000e+00 00221
 -2.6915856399999999e+01 0.0000000000000000e+00 0.0000000000000000e+00 0.0000000000000000e+00 20012
 -2.9374057699999998e+00 0.0000000000000000e+00 0.0000000000000000e+00 0.0000000000000000e+00 11012
 -2.8169995599999997e-01 0.0000000000000000e+00 0.0000000000000000e+00 0.0000000000000000e+00 02012
 -4.4261380600000003e+01 0.0000000000000000e+00 0.0000000000000000e+00 0.0000000000000000e+00 10112
 -5.1887392600000002e+00 0.0000000000000000e+00 0.0000000000000000e+00 0.0000000000000000e+00 01112
 -2.3091301500000001e+00 0.0000000000000000e+00 0.0000000000000000e+00 0.0000000000000000e+00 00212
 1.2974281100000001e+01 0.0000000000000000e+00 0.0000000000000000e+00 0.0000000000000000e+00 20003
 1.2986379400000001e+00 0.0000000000000000e+00 0.0000000000000000e+00 0.0000000000000000e+00 11003
 1.7931982099999999e-01 0.0000000000000000e+00 0.0000000000000000e+00 0.0000000000000000e+00 02003
 3.5963604300000002e-01 0.0000000000000000e+00 0.0000000000000000e+00 0.0000000000000000e+00 10103
 -6.8600012500000002e-02 0.0000000000000000e+00 0.0000000000000000e+00 0.0000000000000000e+00 01103
 4.7989772600000002e-01 0.0000000000000000e+00 0.0000000000000000e+00 0.0000000000000000e+00 00203
 -1.5183764099999999e+00 0.0000000000000000e+00 0.0000000000000000e+00 0.0000000000000000e+00 10031
 -2.5950537600000001e-01 0.0000000000000000e+00 0.0000000000000000e+00 0.0000000000000000e+00 01031
 1.2137887100000000e+00 0.0000000000000000e+00 0.0000000000000000e+00 0.0000000000000000e+00 00131
 -3.8339448699999998e+00 0.0000000000000000e+00 0.0000000000000000e+00 0.0000000000000000e+00 10022
 -4.4880310099999998e-01 0.0000000000000000e+00 0.0000000000000000e+00 0.0000000000000000e+00 01022
 4.3274224600000001e-02 0.0000000000000000e+00 0.0000000000000000e+00 0.0000000000000000e+00 00122
 4.3379578000000002e-02 0.0000000000000000e+00 0.0000000000000000e+00 0.0000000000000000e+00 10013
 3.8101713399999999e-04 0.0000000000000000e+00 0.0000000000000000e+00 0.0000000000000000e+00 01013
 7.1732702300000006e-02 0.0000000000000000e+00 0.0000000000000000e+00 0.0000000000000000e+00 00113
 4.0493515200000002e-03 0.0000000000000000e+00 0.0000000000000000e+00 0.0000000000000000e+00 10004
 -7.0401424799999997e-04 0.0000000000000000e+00 0.0000000000000000e+00 0.0000000000000000e+00 01004
 4.1771769200000001e-03 0.0000000000000000e+00 0.0000000000000000e+00 0.0000000000000000e+00 00104
 2.6521246799999998e-01 0.0000000000000000e+00 0.0000000000000000e+00 0.0000000000000000e+00 00041
 3.4293861799999999e-02 0.0000000000000000e+00 0.0000000000000000e+00 0.0000000000000000e+00 00032
 2.7421903000000001e-02 0.0000000000000000e+00 0.0000000000000000e+00 0.0000000000000000e+00 00023
 3.8234677400000002e-03 0.0000000000000000e+00 0.0000000000000000e+00 0.0000000000000000e+00 00014
 1.4659581000000001e-03 0.0000000000000000e+00 0.0000000000000000e+00 0.0000000000000000e+00 00005
 -2.2197897499999999e+02 0.0000000000000000e+00 0.0000000000000000e+00 0.0000000000000000e+00 50001
 2.0814843300000002e+03 0.0000000000000000e+00 0.0000000000000000e+00 0.0000000000000000e+00 41001
 -4.3056093600000003e+02 0.0000000000000000e+00 0.0000000000000000e+00 0.0000000000000000e+00 32001
 -2.1805028799999999e+02 0.0000000000000000e+00 0.0000000000000000e+00 0.0000000000000000e+00 23001
 -5.5584450099999998e+01 0.0000000000000000e+00 0.0000000000000000e+00 0.0000000000000000e+00 14001
 -1.1364256800000000e+01 0.0000000000000000e+00 0.0000000000000000e+00 0.0000000000000000e+00 05001
 1.0843246300000000e+02 0.0000000000000000e+00 0.0000000000000000e+00 0.0000000000000000e+00 40101
 -9.3186493399999995e+02 0.0000000000000000e+00 0.0000000000000000e+00 0.0000000000000000e+00 31101
 -1.9297715800000000e+02 0.0000000000000000e+00 0.0000000000000000e+00 0.0000000000000000e+00 22101
 -2.8647338300000001e+01 0.0000000000000000e+00 0.0000000000000000e+00 0.0000000000000000e+00 13101
 -3.4101753399999999e+00 0.0000000000000000e+00 0.0000000000000000e+00 0.0000000000000000e+00 04101
 6.1327849800000003e+01 0.0000000000000000e+00 0.0000000000000000e+00 0.0000000000000000e+00 30201
 -4.3628918599999999e+01 0.0000000000000000e+00 0.0000000000000000e+00 0.0000000000000000e+00 21201
 -4.7152181900000002e+01 0.0000000000000000e+00 0.0000000000000000e+00 0.0000000000000000e+00 12201
 -1.4919883000000000e+01 0.0000000000000000e+00 0.0000000000000000e+00 0.0000000000000000e+00 03201
 5.8831090099999997e+01 0.0000000000000000e+00 0.0000000000000000e+00 0.0000000000000000e+00 20301
 -3.6337865000000001e+01 0.0000000000000000e+00 0.0000000000000000e+00 0.0000000000000000e+00 11301
 -8.0151232799999992e+00 0.0000000000000000e+00 0.0000000000000000e+00 0.0000000000000000e+00 02301
 -1.0494428700000000e+02 0.0000000000000000e+00 0.0000000000000000e+00 0.0000000000000000e+00 10401
 3.4771335299999997e+01 0.0000000000000000e+00 0.0000000000000000e+00 0.0000000000000000e+00 01401
 -1.2228812499999999e+02 0.0000000000000000e+00 0.0000000000000000e+00 0.0000000000000000e+00 00501
 -7.7545342300000002e+01 0.0000000000000000e+00 0.0000000000000000e+00 0.0000000000000000e+00 40011
 -6.4131444900000005e+01 0.0000000000000000e+00 0.0000000000000000e+00 0.0000000000000000e+00 31011
 -1.3985750500000000e+01 0.0000000000000000e+00 0.0000000000000000e+00 0.0000000000000000e+00 22011
 -2.3365408200000002e+00 0.0000000000000000e+00 0.0000000000000000e+00 0.0000000000000000e+00 13011
 -3.4059649100000000e-01 0.0000000000000000e+00 0.0000000000000000e+00 0.0000000000000000e+00 04011
 2.9339419400000001e+01 0.0000000000000000e+00 0.0000000000000000e+00 0.0000000000000000e+00 30111
 4.8114933100000002e+01 0.0000000000000000e+00 0.0000000000000000e+00 0.0000000000000000e+00 21111
 9.5017492400000005e+00 0.0000000000000000e+00 0.0000000000000000e+00 0.0000000000000000e+00 12111
 1.3883754100000001e+00 0.0000000000000000e+00 0.0000000000000000e+00 0.0000000000000000e+00 03111
 5.2479251499999997e+01 0.0000000000000000e+00 0.0000000000000000e+00 0.0000000000000000e+00 20211
 3.8005874199999998e+00 0.0000000000000000e+00 0.0000000000000000e+00 0.0000000000000000e+00 11211
 2.3455513600000000e-01 0.0000000000000000e+00 0.0000000000000000e+00 0.0000000000000000e+00 02211
 3.9580808500000003e+01 0.0000000000000000e+00 0.0000000000000000e+00 0.0000000000000000e+00 10311
 1.5256354200000001e+01 0.0000000000000000e+00 0.0000000000000000e+00 0.0000000000000000e+00 01311
 -7.2808032699999998e+00 0.0000000000000000e+00 0.0000000000000000e+00 0.0000000000000000e+00 00411
 -5.9749734599999999e+02 0.0000000000000000e+00 0.0000000000000000e+00 0.0000000000000000e+00 40002
 -1.0272174900000000e+02 0.0000000000000000e+00 0.0000000000000000e+00 0.0000000000000000e+00 31002
 -1.5368110700000001e+01 0.0000000000000000e+00 0.0000000000000000e+00 0.0000000000000000e+00 22002
 -2.1720831600000001e+00 0.0000000000000000e+00 0.0000000000000000e+00 0.0000000000000000e+00 13002
 -2.7460926400000002e-01 0.0000000000000000e+00 0.0000000000000000e+00 0.0000000000000000e+00 04002
 1.0683798299999999e+02 0.0000000000000000e+00 0.0000000000000000e+00 0.0000000000000000e+00 30102
 1.2376615800000000e+01 0.0000000000000000e+00 0.0000000000000000e+00 0.0000000000000000e+00 21102
 1.4653033000000000e+00 0.0000000000000000e+00 0.0000000000000000e+00 0.0000000000000000e+00 12102
 1.8539329299999999e-01 0.0000000000000000e+00 0.0000000000000000e+00 0.0000000000000000e+00 03102
 1.1888713100000000e+01 0.0000000000000000e+00 0.0000000000000000e+00 0.0000000000000000e+00 20202
 -2.5566998800000000e+00 0.0000000000000000e+00 0.0000000000000000e+00 0.0000000000000000e+00 11202
 -8.6380901700000001e-01 0.0000000000000000e+00 0.0000000000000000e+00 0.0000000000000000e+00 02202
 1.8804701399999999e+01 0.0000000000000000e+00 0.0000000000000000e+00 0.0000000000000000e+00 10302
 2.4966757999999998e+00 0.0000000000000000e+00 0.0000000000000000e+00 0.0000000000000000e+00 01302
 -3.9308849700000001e+00 0.0000000000000000e+00 0.0000000000000000e+00 0.0000000000000000e+00 00402
 1.2703465100000001e+01 0.0000000000000000e+00 0.0000000000000000e+00 0.0000000000000000e+00 30021
 7.9618751600000000e+00 0.0000000000000000e+00 0.0000000000000000e+00 0.0000000000000000e+00 21021
 1.6098250700000001e+00 0.0000000000000000e+00 0.0000000000000000e+00 0.0000000000000000e+00 12021
 2.5756567499999999e-01 0.0000000000000000e+00 0.0000000000000000e+00 0.0000000000000000e+00 03021
 5.9357450700000003e+00 0.0000000000000000e+00 0.0000000000000000e+00 0.0000000000000000e+00 20121
 6.7934845300000002e-01 0.0000000000000000e+00 0.0000000000000000e+00 0.0000000000000000e+00 11121
 7.5755015100000003e-02 0.0000000000000000e+00 0.0000000000000000e+00 0.0000000000000000e+00 02121
 7.3629458100000003e+00 0.0000000000000000e+00 0.0000000000000000e+00 0.0000000000000000e+00 10221
 2.3008013500000000e+00 0.0000000000000000e+00 0.0000000000000000e+00 0.0000000000000000e+00 01221
 -1.1838300700000000e-01 0.0000000000000000e+00 0.0000000000000000e+00 0.0000000000000000e+00 00321
 1.4425814500000000e+01 0.0000000000000000e+00 0.0000000000000000e+00 0.0000000000000000e+00 30012
 1.5265816299999999e+00 0.0000000000000000e+00 0.0000000000000000e+00 0.0000000000000000e+00 21012
 1.6302881699999999e-01 0.0000000000000000e+00 0.0000000000000000e+00 0.0000000000000000e+00 12012
 1.7168950900000000e-02 0.0000000000000000e+00 0.0000000000000000e+00 0.0000000000000000e+00 03012
 1.5074373400000001e+01 0.0000000000000000e+00 0.0000000000000000e+00 0.0000000000000000e+00 20112
 1.6070658300000000e+00 0.0000000000000000e+00 0.0000000000000000e+00 0.0000000000000000e+00 11112
 1.6646502299999999e-01 0.0000000000000000e+00 0.0000000000000000e+00 0.0000000000000000e+00 02112
 2.2880329700000002e+00 0.0000000000000000e+00 0.0000000000000000e+00 0.0000000000000000e+00 10212
 2.6541344900000002e-01 0.0000000000000000e+00 0.0000000000000000e+00 0.0000000000000000e+00 01212
 3.2668393000000000e+00 0.0000000000000000e+00 0.0000000000000000e+00 0.0000000000000000e+00 00312
 -1.4469480500000000e+00 0.0000000000000000e+00 0.0000000000000000e+00 0.0000000000000000e+00 30003
 -3.0155182100000000e-01 0.0000000000000000e+00 0.0000000000000000e+00 0.0000000000000000e+00 21003
 -9.7940595800000002e-02 0.0000000000000000e+00 0.0000000000000000e+00 0.0000000000000000e+00 12003
 -2.1887463300000000e-02 0.0000000000000000e+00 0.0000000000000000e+00 0.0000000000000000e+00 03003
 2.1373127700000000e-01 0.0000000000000000e+00 0.0000000000000000e+00 0.0000000000000000e+00 20103
 -4.2487175700000003e-03 0.0000000000000000e+00 0.0000000000000000e+00 0.0000000000000000e+00 11103
 -2.6398123599999999e-03 0.0000000000000000e+00 0.0000000000000000e+00 0.0000000000000000e+00 02103
 -3.9033618199999998e-01 0.0000000000000000e+00 0.0000000000000000e+00 0.0000000000000000e+00 10203
 -2.2056344900000000e-02 0.0000000000000000e+00 0.0000000000000000e+00 0.0000000000000000e+00 01203
 -2.5206106999999998e-02 0.0000000000000000e+00 0.0000000000000000e+00 0.0000000000000000e+00 00303
 8.3539572600000001e-01 0.0000000000000000e+00 0.0000000000000000e+00 0.0000000000000000e+00 20031
 1.0108242400000000e-01 0.0000000000000000e+00 0.0000000000000000e+00 0.0000000000000000e+00 11031
 1.1382651500000000e-02 0.0000000000000000e+00 0.0000000000000000e+00 0.0000000000000000e+00 02031
 9.6753924199999997e-01 0.0000000000000000e+00 0.0000000000000000e+00 0.0000000000000000e+00 10131
 2.8394057299999997e-01 0.0000000000000000e+00 0.0000000000000000e+00 0.0000000000000000e+00 01131
 7.0409468399999994e-02 0.0000000000000000e+00 0.0000000000000000e+00 0.0000000000000000e+00 00231
 1.9662115200000001e+00 0.0000000000000000e+00 0.0000000000000000e+00 0.0000000000000000e+00 20022
 2.1192966199999999e-01 0.0000000000000000e+00 0.0000000000000000e+00 0.0000000000000000e+00 11022
 2.2229702000000000e-02 0.0000000000000000e+00 0.0000000000000000e+00 0.0000000000000000e+00 02022
 1.9217672799999999e-01 0.0000000000000000e+00 0.0000000000000000e+00 0.0000000000000000e+00 10122
 2.0842935900000002e-02 0.0000000000000000e+00 0.0000000000000000e+00 0.0000000000000000e+00 01122
 4.0919772199999999e-01 0.0000000000000000e+00 0.0000000000000000e+00 0.0000000000000000e+00 00222
 1.1620879799999999e-02 0.0000000000000000e+00 0.0000000000000000e+00 0.0000000000000000e+00 20013
 -8.6175197900000000e-04 0.0000000000000000e+00 0.0000000000000000e+00 0.0000000000000000e+00 11013
 -3.6803400800000002e-04 0.0000000000000000e+00 0.0000000000000000e+00 0.0000000000000000e+00 02013
 -3.0559588299999999e-02 0.0000000000000000e+00 0.0000000000000000e+00 0.0000000000000000e+00 10113
 7.9282077300000002e-04 0.0000000000000000e+00 0.0000000000000000e+00 0.0000000000000000e+00 01113
 -1.0358131200000000e-03 0.0000000000000000e+00 0.0000000000000000e+00 0.0000000000000000e+00 00213
 -3.1766529600000003e-02 0.0000000000000000e+00 0.0000000000000000e+00 0.0000000000000000e+00 20004
 -8.6869289399999997e-03 0.0000000000000000e+00 0.0000000000000000e+00 0.0000000000000000e+00 11004
 -1.3033663300000000e-03 0.0000000000000000e+00 0.0000000000000000e+00 0.0000000000000000e+00 02004
 -4.8593005899999998e-03 0.0000000000000000e+00 0.0000000000000000e+00 0.0000000000000000e+00 10104
 -1.8132267699999999e-04 0.0000000000000000e+00 0.0000000000000000e+00 0.0000000000000000e+00 01104
 -2.2531301500000000e-02 0.0000000000000000e+00 0.0000000000000000e+00 0.0000000000000000e+00 00204
 1.0273608300000001e-01 0.0000000000000000e+00 0.0000000000000000e+00 0.0000000000000000e+00 10041
 3.1679181700000003e-02 0.0000000000000000e+00 0.0000000000000000e+00 0.0000000000000000e+00 01041
 1.7740698900000001e-02 0.0000000000000000e+00 0.0000000000000000e+00 0.0000000000000000e+00 00141
 1.2813031600000000e-02 0.0000000000000000e+00 0.0000000000000000e+00 0.0000000000000000e+00 10032
 1.3430987299999999e-03 0.0000000000000000e+00 0.0000000000000000e+00 0.0000000000000000e+00 01032
 4.4265491599999998e-02 0.0000000000000000e+00 0.0000000000000000e+00 0.0000000000000000e+00 00132
 -5.0074566800000003e-03 0.0000000000000000e+00 0.0000000000000000e+00 0.0000000000000000e+00 10023
 -3.6226490100000000e-05 0.0000000000000000e+00 0.0000000000000000e+00 0.0000000000000000e+00 01023
 -1.0084677400000000e-04 0.0000000000000000e+00 0.0000000000000000e+00 0.0000000000000000e+00 00123
 -2.5991156500000000e-04 0.0000000000000000e+00 0.0000000000000000e+00 0.0000000000000000e+00 10014
 -8.6598892899999998e-06 0.0000000000000000e+00 0.0000000000000000e+00 0.0000000000000000e+00 01014
 1.2643326200000000e-04 0.0000000000000000e+00 0.0000000000000000e+00 0.0000000000000000e+00 00114
 -3.7640531699999999e-04 0.0000000000000000e+00 0.0000000000000000e+00 0.0000000000000000e+00 10005
 -4.9526213000000003e-05 0.0000000000000000e+00 0.0000000000000000e+00 0.0000000000000000e+00 01005
 5.0543502499999998e-05 0.0000000000000000e+00 0.0000000000000000e+00 0.0000000000000000e+00 00105
 3.1877867700000001e-03 0.0000000000000000e+00 0.0000000000000000e+00 0.0000000000000000e+00 00051
 4.7427681699999998e-03 0.0000000000000000e+00 0.0000000000000000e+00 0.0000000000000000e+00 00042
 1.0854985800000000e-05 0.0000000000000000e+00 0.0000000000000000e+00 0.0000000000000000e+00 00033
 9.0835490000000001e-05 0.0000000000000000e+00 0.0000000000000000e+00 0.0000000000000000e+00 00024
 3.1187906300000002e-06 0.0000000000000000e+00 0.0000000000000000e+00 0.0000000000000000e+00 00015
 2.3269827100000001e-06 0.0000000000000000e+00 0.0000000000000000e+00 0.0000000000000000e+00 00006
 --------------------------------------------
