! Candidate angular fit; delta and xtar-dependent terms retained from frozen seed.
 --------------------------------------------
 1.2784073297503215e-03 1.6116949962759371e-04 4.9708620523048180e-04 0.0000000000000000e+00 00000
 3.4231109035722612e-01 1.4006873318233701e-02 -4.7980391051045861e-03 2.4527718100000001e-01 10000
 -3.0908161384117907e+00 -1.0069739343538918e-01 2.9011502051025165e-02 1.7923725400000001e-01 01000
 1.0941892844025896e-02 -4.7482846689387287e-01 2.8536115948755825e-01 1.5762221900000001e-02 00100
 4.7484191465300592e-02 4.3168835690625856e-01 -2.4177089601518249e+00 -2.7748113599999999e-02 00010
 -3.9366427360615908e-01 -2.3777416362059905e-02 5.0856561133854356e-03 -3.1763193899999997e-01 20000
 2.9338301894305392e+00 -1.0534318762256837e-02 1.3833329847464784e-02 3.2294487900000002e+00 11000
 5.0660021520196468e+00 1.0763746011193929e+00 -3.1174764450688780e-01 9.9624983800000000e-01 02000
 -2.8391733112876361e-01 9.5643452821918529e-01 -3.0109089360674191e-01 -6.9868989000000006e-02 10100
 1.6374731846118742e+00 3.5346073372870483e+00 -5.2396251104908753e-01 -2.7273720299999998e-01 01100
 -4.7073785236869128e-02 3.9341733816570162e-02 0.0000000000000000e+00 -1.7795864400000000e-02 00200
 8.8881223026719802e-01 -1.7795081356197926e+01 4.9196416133249157e+00 -1.7964206399999999e-01 10010
 -1.5004823640976162e+00 -2.3450910222565025e+01 4.4391122687413835e+00 5.1434082800000001e+00 01010
 -0.0000000000000000e+00 -0.0000000000000000e+00 3.7214852449634772e-01 4.5628469799999999e-01 00110
 -0.0000000000000000e+00 -5.2543766909786678e+00 4.6610965985047964e-01 -6.4079203600000003e+00 00020
 7.9703535099425349e-01 0.0000000000000000e+00 -0.0000000000000000e+00 9.3683431900000003e-01 30000
 -7.5534039817837746e+00 1.3411772587071755e-02 -5.2391664223478490e-02 -1.3540589900000001e+01 21000
 -0.0000000000000000e+00 -0.0000000000000000e+00 -0.0000000000000000e+00 5.1879764199999997e+01 12000
 4.1216860934273910e+01 -1.2174180255620525e+01 3.8088249793417890e+00 -2.0498985000000001e+01 03000
 4.0090946460915350e-01 -0.0000000000000000e+00 2.9935893046409045e-02 -3.1254219399999998e-02 20100
 -0.0000000000000000e+00 0.0000000000000000e+00 -0.0000000000000000e+00 2.8400841199999999e-01 11100
 -1.9787335494871357e+01 0.0000000000000000e+00 -6.0656540978978271e+00 3.9556433100000001e+00 02100
 3.1571049464267081e-01 -0.0000000000000000e+00 0.0000000000000000e+00 9.5431561099999995e-01 10200
 -0.0000000000000000e+00 5.1516335232592880e-01 -8.0535220162140445e-02 -7.0688381700000003e+00 01200
 7.2480122527644297e-01 -1.3052401946772230e+00 3.1135622109021521e-01 -3.5820566700000001e-01 00300
 -5.5046539376811330e+00 1.6726160148151788e+01 -5.9702673898900764e+00 -2.7448817499999998e+00 20010
 0.0000000000000000e+00 -1.3176559084474158e+02 4.4605134206390424e+01 1.0681983600000001e+01 11010
 3.0155423020651870e+02 -0.0000000000000000e+00 0.0000000000000000e+00 -4.6776265000000002e+01 02010
 0.0000000000000000e+00 -0.0000000000000000e+00 0.0000000000000000e+00 4.3468718099999998e-01 10110
 -2.1065158985970982e+01 5.9742218412930391e+01 -1.8108350659217106e+01 2.5692412099999999e+01 01110
 0.0000000000000000e+00 -0.0000000000000000e+00 0.0000000000000000e+00 -3.1559352000000001e+00 00210
 0.0000000000000000e+00 -4.4736979623698659e+01 2.2182816568378531e+01 3.1907757499999999e+01 10020
 -7.7202566846613053e+01 0.0000000000000000e+00 -0.0000000000000000e+00 -4.6789810199999999e+02 01020
 -0.0000000000000000e+00 -1.1653772786659049e+02 3.4029710434755593e+01 3.4179037000000001e+01 00120
 0.0000000000000000e+00 1.7497081243832856e+03 -5.6292589948475256e+02 -7.1508536199999995e+01 00030
 -8.9531606178724210e-01 -0.0000000000000000e+00 0.0000000000000000e+00 -2.3027877499999998e+00 40000
 5.5791018338487683e+00 -0.0000000000000000e+00 0.0000000000000000e+00 5.8024830899999998e+01 31000
 4.1561425697179715e+01 -0.0000000000000000e+00 0.0000000000000000e+00 -4.9156237399999998e+02 22000
 0.0000000000000000e+00 0.0000000000000000e+00 -0.0000000000000000e+00 1.7182972100000000e+03 13000
 -1.3157714279143609e+03 3.3558831020808512e+01 -4.0282353837097375e+01 -1.9501040300000000e+03 04000
 -0.0000000000000000e+00 -0.0000000000000000e+00 0.0000000000000000e+00 -1.4621283800000000e+00 30100
 -0.0000000000000000e+00 1.8461124741971076e+01 -2.8210722451533261e+00 4.7295753499999996e+01 21100
 -0.0000000000000000e+00 1.7236650642842225e+01 -0.0000000000000000e+00 -4.3237295599999999e+02 12100
 0.0000000000000000e+00 -2.9729972508716480e+02 0.0000000000000000e+00 1.3233994800000000e+03 03100
 -7.6226324829563208e-01 4.0409492658241225e-01 -0.0000000000000000e+00 -1.0047251200000000e+00 20200
 0.0000000000000000e+00 -0.0000000000000000e+00 0.0000000000000000e+00 1.6743462399999999e+01 11200
 0.0000000000000000e+00 -5.5958319124743248e+01 5.2168714643998806e+00 -6.7273158699999996e+01 02200
 -1.1365161864745406e+00 0.0000000000000000e+00 -0.0000000000000000e+00 4.9815545700000001e+00 10300
 0.0000000000000000e+00 0.0000000000000000e+00 -0.0000000000000000e+00 -3.7436718100000000e+01 01300
 -0.0000000000000000e+00 0.0000000000000000e+00 0.0000000000000000e+00 3.8352631700000002e+00 00400
 3.4873977538807774e+00 -8.4343100431733511e+00 0.0000000000000000e+00 2.0406354700000001e+01 30010
 -0.0000000000000000e+00 -0.0000000000000000e+00 0.0000000000000000e+00 -5.2187064599999997e+02 21010
 -5.7081630689684879e+01 -0.0000000000000000e+00 0.0000000000000000e+00 4.0218560800000000e+03 12010
 -9.1684275820937103e+02 -2.6823363023494703e+03 2.7770043044310256e+02 -1.1081659400000000e+04 03010
 -0.0000000000000000e+00 0.0000000000000000e+00 -0.0000000000000000e+00 -2.6109065900000001e+01 20110
 9.1086106252463253e+01 -0.0000000000000000e+00 0.0000000000000000e+00 3.4366059500000000e+02 11110
 0.0000000000000000e+00 -0.0000000000000000e+00 0.0000000000000000e+00 -9.7405222100000003e+02 02110
 0.0000000000000000e+00 0.0000000000000000e+00 -0.0000000000000000e+00 -3.6510193000000001e+01 10210
 2.0190414908429382e+01 4.3529594504524297e+01 -7.3567315328765339e+00 2.9243684000000002e+02 01210
 0.0000000000000000e+00 0.0000000000000000e+00 0.0000000000000000e+00 -8.4939199799999997e+01 00310
 -0.0000000000000000e+00 0.0000000000000000e+00 -0.0000000000000000e+00 4.0636932100000001e+02 20020
 0.0000000000000000e+00 0.0000000000000000e+00 -0.0000000000000000e+00 -4.5869649099999997e+03 11020
 -0.0000000000000000e+00 1.9013646993602752e+03 -2.2900246995882063e+02 9.3584628599999996e+03 02020
 0.0000000000000000e+00 -0.0000000000000000e+00 0.0000000000000000e+00 6.0264629700000000e+01 10120
 0.0000000000000000e+00 0.0000000000000000e+00 -0.0000000000000000e+00 -6.9720597099999998e+02 01120
 0.0000000000000000e+00 -0.0000000000000000e+00 0.0000000000000000e+00 7.2697501299999999e+02 00220
 5.7347265123070201e+02 -2.2467636294787067e+03 5.2005187912887322e+01 5.3606629499999997e+02 10030
 -0.0000000000000000e+00 0.0000000000000000e+00 0.0000000000000000e+00 -2.3364836399999999e+03 01030
 0.0000000000000000e+00 -0.0000000000000000e+00 5.2073825572541573e+01 -1.6674671400000000e+03 00130
 0.0000000000000000e+00 -0.0000000000000000e+00 0.0000000000000000e+00 3.9121164899999999e+03 00040
 3.3797131750155296e-01 4.6940114708839353e-02 -0.0000000000000000e+00 4.9678190300000002e+00 50000
 -0.0000000000000000e+00 0.0000000000000000e+00 -4.9335547316820487e-02 -2.1463550799999999e+02 41000
 -8.6310199603549123e+01 0.0000000000000000e+00 -0.0000000000000000e+00 3.4385126599999999e+03 32000
 -0.0000000000000000e+00 -0.0000000000000000e+00 -0.0000000000000000e+00 -2.7888407800000001e+04 23000
 0.0000000000000000e+00 -0.0000000000000000e+00 0.0000000000000000e+00 1.1885052899999999e+05 14000
 3.1660549467403725e+04 -0.0000000000000000e+00 0.0000000000000000e+00 -2.0979779999999999e+05 05000
 2.3355874661686651e-01 -2.8857176465820009e+00 5.3938243143853026e-01 3.0790796100000000e+00 40100
 -0.0000000000000000e+00 0.0000000000000000e+00 -0.0000000000000000e+00 -7.1757031799999993e+01 31100
 -0.0000000000000000e+00 0.0000000000000000e+00 -0.0000000000000000e+00 1.7523077900000001e+02 22100
 -0.0000000000000000e+00 6.1094942339826730e+01 -0.0000000000000000e+00 3.6607079199999998e+03 13100
 -0.0000000000000000e+00 1.3084461045881524e+04 -1.0457801615786907e+03 -1.8679771700000001e+04 04100
 1.9455133544863858e+00 -9.8875312362061735e-02 0.0000000000000000e+00 -9.8292970799999999e+00 30200
 -0.0000000000000000e+00 0.0000000000000000e+00 -0.0000000000000000e+00 2.2322339500000001e+02 21200
 -0.0000000000000000e+00 0.0000000000000000e+00 -0.0000000000000000e+00 -1.9345593400000000e+03 12200
 0.0000000000000000e+00 5.4128447712092111e+02 -0.0000000000000000e+00 6.2959604900000004e+03 03200
 -0.0000000000000000e+00 0.0000000000000000e+00 -0.0000000000000000e+00 7.5324127100000000e+00 20300
 -0.0000000000000000e+00 0.0000000000000000e+00 0.0000000000000000e+00 -1.7311873199999999e+02 11300
 -3.0765737338824908e+02 0.0000000000000000e+00 0.0000000000000000e+00 1.0774482200000000e+03 02300
 0.0000000000000000e+00 -0.0000000000000000e+00 0.0000000000000000e+00 -1.1124031400000001e+00 10400
 -1.8845197779335930e+01 1.2684036546392484e+01 -1.3491900224845075e+00 -1.0768688200000000e+02 01400
 3.1964808149624613e+00 1.7901917490622900e+01 -6.3464474826210369e+00 -1.3675491200000001e+00 00500
 -0.0000000000000000e+00 3.7772186448050967e+01 -0.0000000000000000e+00 -4.8581986499999999e+01 40010
 0.0000000000000000e+00 -0.0000000000000000e+00 0.0000000000000000e+00 1.9529719100000000e+03 31010
 9.0351216851958114e+01 -1.8952226212324890e+03 1.4680778621089078e+02 -2.0776508900000001e+04 22010
 0.0000000000000000e+00 -7.6455079000922960e+03 1.6392637380152843e+02 7.9440774900000004e+04 13010
 0.0000000000000000e+00 -0.0000000000000000e+00 0.0000000000000000e+00 -7.1841567599999995e+04 04010
 0.0000000000000000e+00 -0.0000000000000000e+00 0.0000000000000000e+00 6.3779292800000000e+01 30110
 -8.1007154674258487e+01 0.0000000000000000e+00 -0.0000000000000000e+00 -1.7658266000000001e+03 21110
 -0.0000000000000000e+00 0.0000000000000000e+00 -0.0000000000000000e+00 1.1961652899999999e+04 12110
 0.0000000000000000e+00 0.0000000000000000e+00 -0.0000000000000000e+00 -3.6062570899999999e+04 03110
 -0.0000000000000000e+00 0.0000000000000000e+00 -0.0000000000000000e+00 -8.6987571199999998e+00 20210
 -0.0000000000000000e+00 0.0000000000000000e+00 0.0000000000000000e+00 1.6077307200000000e+03 11210
 -0.0000000000000000e+00 0.0000000000000000e+00 0.0000000000000000e+00 -1.1675984399999999e+04 02210
 0.0000000000000000e+00 -0.0000000000000000e+00 0.0000000000000000e+00 1.6598224700000000e+02 10310
 -3.5611591659479757e+02 1.5693492649407594e+02 -1.9489552634174893e+02 9.4686973100000000e+02 01310
 0.0000000000000000e+00 0.0000000000000000e+00 -0.0000000000000000e+00 1.6439557600000001e+02 00410
 0.0000000000000000e+00 -0.0000000000000000e+00 0.0000000000000000e+00 -2.4076491099999998e+03 30020
 -0.0000000000000000e+00 -0.0000000000000000e+00 0.0000000000000000e+00 5.5520991600000001e+04 21020
 -0.0000000000000000e+00 -0.0000000000000000e+00 0.0000000000000000e+00 -4.1814969699999999e+05 12020
 0.0000000000000000e+00 -0.0000000000000000e+00 0.0000000000000000e+00 1.1185970900000001e+06 03020
 -0.0000000000000000e+00 0.0000000000000000e+00 -0.0000000000000000e+00 3.3250162999999998e+02 20120
 -0.0000000000000000e+00 -0.0000000000000000e+00 0.0000000000000000e+00 -1.4254245100000000e+04 11120
 -0.0000000000000000e+00 0.0000000000000000e+00 0.0000000000000000e+00 5.2657758800000003e+04 02120
 0.0000000000000000e+00 -0.0000000000000000e+00 0.0000000000000000e+00 -3.9989584300000001e+03 10220
 -0.0000000000000000e+00 0.0000000000000000e+00 -0.0000000000000000e+00 2.5102144300000000e+04 01220
 0.0000000000000000e+00 -0.0000000000000000e+00 0.0000000000000000e+00 9.0266857599999994e+01 00320
 -2.4442561957850471e+03 0.0000000000000000e+00 -8.8131949152423056e+02 -9.3089900000000000e+02 20030
 0.0000000000000000e+00 -0.0000000000000000e+00 0.0000000000000000e+00 3.9788767800000001e+04 11030
 0.0000000000000000e+00 0.0000000000000000e+00 -0.0000000000000000e+00 -1.1875274700000000e+05 02030
 0.0000000000000000e+00 -0.0000000000000000e+00 0.0000000000000000e+00 2.9493169800000000e+04 10130
 -0.0000000000000000e+00 0.0000000000000000e+00 -0.0000000000000000e+00 -2.5987719800000000e+05 01130
 -0.0000000000000000e+00 -0.0000000000000000e+00 0.0000000000000000e+00 1.1004152400000000e+03 00230
 0.0000000000000000e+00 -0.0000000000000000e+00 0.0000000000000000e+00 -1.3196676600000001e+04 10040
 -0.0000000000000000e+00 0.0000000000000000e+00 -0.0000000000000000e+00 3.0309427799999999e+05 01040
 -0.0000000000000000e+00 -1.0679038762422324e+05 4.7751192289422361e+04 -1.7333469400000002e+04 00140
 -0.0000000000000000e+00 -0.0000000000000000e+00 0.0000000000000000e+00 3.0963153100000000e+04 00050
 -0.0000000000000000e+00 0.0000000000000000e+00 -0.0000000000000000e+00 0.0000000000000000e+00 60000
 0.0000000000000000e+00 -0.0000000000000000e+00 0.0000000000000000e+00 0.0000000000000000e+00 51000
 4.0010997708569725e+01 -0.0000000000000000e+00 0.0000000000000000e+00 0.0000000000000000e+00 42000
 0.0000000000000000e+00 -0.0000000000000000e+00 0.0000000000000000e+00 0.0000000000000000e+00 33000
 0.0000000000000000e+00 0.0000000000000000e+00 0.0000000000000000e+00 0.0000000000000000e+00 24000
 -0.0000000000000000e+00 0.0000000000000000e+00 -0.0000000000000000e+00 0.0000000000000000e+00 15000
 -2.7723750388980965e+05 0.0000000000000000e+00 -0.0000000000000000e+00 0.0000000000000000e+00 06000
 -0.0000000000000000e+00 -5.7732498500975531e+00 1.3387824789684779e+00 0.0000000000000000e+00 50100
 -0.0000000000000000e+00 0.0000000000000000e+00 -0.0000000000000000e+00 0.0000000000000000e+00 41100
 -0.0000000000000000e+00 1.3886955642400093e+02 -0.0000000000000000e+00 0.0000000000000000e+00 32100
 -0.0000000000000000e+00 0.0000000000000000e+00 -0.0000000000000000e+00 0.0000000000000000e+00 23100
 0.0000000000000000e+00 -0.0000000000000000e+00 -0.0000000000000000e+00 0.0000000000000000e+00 14100
 2.5940657621662584e+04 -1.6487242815817826e+05 2.3311510545091853e+04 0.0000000000000000e+00 05100
 -0.0000000000000000e+00 0.0000000000000000e+00 -0.0000000000000000e+00 0.0000000000000000e+00 40200
 0.0000000000000000e+00 0.0000000000000000e+00 0.0000000000000000e+00 0.0000000000000000e+00 31200
 0.0000000000000000e+00 -0.0000000000000000e+00 0.0000000000000000e+00 0.0000000000000000e+00 22200
 0.0000000000000000e+00 -0.0000000000000000e+00 0.0000000000000000e+00 0.0000000000000000e+00 13200
 -0.0000000000000000e+00 -0.0000000000000000e+00 0.0000000000000000e+00 0.0000000000000000e+00 04200
 -0.0000000000000000e+00 -0.0000000000000000e+00 0.0000000000000000e+00 0.0000000000000000e+00 30300
 0.0000000000000000e+00 0.0000000000000000e+00 -0.0000000000000000e+00 0.0000000000000000e+00 21300
 0.0000000000000000e+00 -0.0000000000000000e+00 -0.0000000000000000e+00 0.0000000000000000e+00 12300
 0.0000000000000000e+00 -7.7452019803572136e+02 -0.0000000000000000e+00 0.0000000000000000e+00 03300
 -1.3970958839557019e+01 6.6794464422016082e+00 -0.0000000000000000e+00 0.0000000000000000e+00 20400
 0.0000000000000000e+00 -0.0000000000000000e+00 0.0000000000000000e+00 0.0000000000000000e+00 11400
 2.6208062391150236e+02 -1.6857117942512300e+03 3.5814037060054051e+02 0.0000000000000000e+00 02400
 -0.0000000000000000e+00 -6.2391927750019844e+00 6.8435753815409308e+00 0.0000000000000000e+00 10500
 0.0000000000000000e+00 -6.2866083259985821e+01 0.0000000000000000e+00 0.0000000000000000e+00 01500
 -0.0000000000000000e+00 1.0260190612345800e+01 -5.3491341871148803e+00 0.0000000000000000e+00 00600
 0.0000000000000000e+00 0.0000000000000000e+00 -0.0000000000000000e+00 0.0000000000000000e+00 50010
 -0.0000000000000000e+00 0.0000000000000000e+00 -0.0000000000000000e+00 0.0000000000000000e+00 41010
 -0.0000000000000000e+00 2.1765609847999781e+03 -1.0456381921051376e+02 0.0000000000000000e+00 32010
 -0.0000000000000000e+00 1.3808474097684286e+04 -2.4830806384088414e+03 0.0000000000000000e+00 23010
 -0.0000000000000000e+00 0.0000000000000000e+00 -0.0000000000000000e+00 0.0000000000000000e+00 14010
 0.0000000000000000e+00 0.0000000000000000e+00 0.0000000000000000e+00 0.0000000000000000e+00 05010
 -0.0000000000000000e+00 0.0000000000000000e+00 -0.0000000000000000e+00 0.0000000000000000e+00 40110
 0.0000000000000000e+00 -0.0000000000000000e+00 0.0000000000000000e+00 0.0000000000000000e+00 31110
 6.7555487703048193e+03 -0.0000000000000000e+00 0.0000000000000000e+00 0.0000000000000000e+00 22110
 0.0000000000000000e+00 -0.0000000000000000e+00 0.0000000000000000e+00 0.0000000000000000e+00 13110
 -0.0000000000000000e+00 -0.0000000000000000e+00 0.0000000000000000e+00 0.0000000000000000e+00 04110
 0.0000000000000000e+00 0.0000000000000000e+00 -0.0000000000000000e+00 0.0000000000000000e+00 30210
 0.0000000000000000e+00 0.0000000000000000e+00 -0.0000000000000000e+00 0.0000000000000000e+00 21210
 0.0000000000000000e+00 0.0000000000000000e+00 -0.0000000000000000e+00 0.0000000000000000e+00 12210
 0.0000000000000000e+00 -0.0000000000000000e+00 -0.0000000000000000e+00 0.0000000000000000e+00 03210
 -0.0000000000000000e+00 7.0024696344297283e+01 -1.4079844977841149e+00 0.0000000000000000e+00 20310
 0.0000000000000000e+00 -0.0000000000000000e+00 0.0000000000000000e+00 0.0000000000000000e+00 11310
 0.0000000000000000e+00 -0.0000000000000000e+00 0.0000000000000000e+00 0.0000000000000000e+00 02310
 0.0000000000000000e+00 -0.0000000000000000e+00 0.0000000000000000e+00 0.0000000000000000e+00 10410
 0.0000000000000000e+00 -0.0000000000000000e+00 -0.0000000000000000e+00 0.0000000000000000e+00 01410
 0.0000000000000000e+00 0.0000000000000000e+00 -0.0000000000000000e+00 0.0000000000000000e+00 00510
 -0.0000000000000000e+00 -0.0000000000000000e+00 -0.0000000000000000e+00 0.0000000000000000e+00 40020
 1.1080868011356340e+03 0.0000000000000000e+00 0.0000000000000000e+00 0.0000000000000000e+00 31020
 0.0000000000000000e+00 0.0000000000000000e+00 0.0000000000000000e+00 0.0000000000000000e+00 22020
 0.0000000000000000e+00 0.0000000000000000e+00 -0.0000000000000000e+00 0.0000000000000000e+00 13020
 -4.6380756304607801e+06 1.8591640741105101e+06 -9.0396430149589636e+04 0.0000000000000000e+00 04020
 0.0000000000000000e+00 -0.0000000000000000e+00 0.0000000000000000e+00 0.0000000000000000e+00 30120
 0.0000000000000000e+00 0.0000000000000000e+00 -0.0000000000000000e+00 0.0000000000000000e+00 21120
 -0.0000000000000000e+00 0.0000000000000000e+00 -0.0000000000000000e+00 0.0000000000000000e+00 12120
 -0.0000000000000000e+00 -0.0000000000000000e+00 -0.0000000000000000e+00 0.0000000000000000e+00 03120
 -0.0000000000000000e+00 0.0000000000000000e+00 -0.0000000000000000e+00 0.0000000000000000e+00 20220
 0.0000000000000000e+00 -0.0000000000000000e+00 0.0000000000000000e+00 0.0000000000000000e+00 11220
 0.0000000000000000e+00 -0.0000000000000000e+00 0.0000000000000000e+00 0.0000000000000000e+00 02220
 0.0000000000000000e+00 -0.0000000000000000e+00 0.0000000000000000e+00 0.0000000000000000e+00 10320
 2.2195775153241589e+03 -0.0000000000000000e+00 -0.0000000000000000e+00 0.0000000000000000e+00 01320
 0.0000000000000000e+00 0.0000000000000000e+00 -0.0000000000000000e+00 0.0000000000000000e+00 00420
 0.0000000000000000e+00 -0.0000000000000000e+00 0.0000000000000000e+00 0.0000000000000000e+00 30030
 -0.0000000000000000e+00 0.0000000000000000e+00 -0.0000000000000000e+00 0.0000000000000000e+00 21030
 -0.0000000000000000e+00 0.0000000000000000e+00 -0.0000000000000000e+00 0.0000000000000000e+00 12030
 -4.3284588866772112e+06 -0.0000000000000000e+00 0.0000000000000000e+00 0.0000000000000000e+00 03030
 -0.0000000000000000e+00 0.0000000000000000e+00 -0.0000000000000000e+00 0.0000000000000000e+00 20130
 0.0000000000000000e+00 0.0000000000000000e+00 -0.0000000000000000e+00 0.0000000000000000e+00 11130
 0.0000000000000000e+00 -0.0000000000000000e+00 0.0000000000000000e+00 0.0000000000000000e+00 02130
 0.0000000000000000e+00 0.0000000000000000e+00 -0.0000000000000000e+00 0.0000000000000000e+00 10230
 0.0000000000000000e+00 0.0000000000000000e+00 -0.0000000000000000e+00 0.0000000000000000e+00 01230
 0.0000000000000000e+00 0.0000000000000000e+00 -0.0000000000000000e+00 0.0000000000000000e+00 00330
 -3.7163979569787807e+04 1.3217537994075334e+05 -9.0871733609454051e+04 0.0000000000000000e+00 20040
 -0.0000000000000000e+00 0.0000000000000000e+00 -0.0000000000000000e+00 0.0000000000000000e+00 11040
 -0.0000000000000000e+00 0.0000000000000000e+00 -0.0000000000000000e+00 0.0000000000000000e+00 02040
 8.1078700182789427e+04 0.0000000000000000e+00 -0.0000000000000000e+00 0.0000000000000000e+00 10140
 0.0000000000000000e+00 0.0000000000000000e+00 -4.1148783454530255e+05 0.0000000000000000e+00 01140
 0.0000000000000000e+00 0.0000000000000000e+00 -0.0000000000000000e+00 0.0000000000000000e+00 00240
 0.0000000000000000e+00 0.0000000000000000e+00 -0.0000000000000000e+00 0.0000000000000000e+00 10050
 0.0000000000000000e+00 1.7186439415975213e+07 -1.8442405608485909e+06 0.0000000000000000e+00 01050
 0.0000000000000000e+00 0.0000000000000000e+00 -0.0000000000000000e+00 0.0000000000000000e+00 00150
 0.0000000000000000e+00 0.0000000000000000e+00 -0.0000000000000000e+00 0.0000000000000000e+00 00060
 1.1258424199999999e+00 0.0000000000000000e+00 0.0000000000000000e+00 7.6817769999999996e-01 00001
 -3.3092960599999999e+00 0.0000000000000000e+00 0.0000000000000000e+00 -1.2482495400000000e+00 10001
 9.5582156000000005e+00 0.0000000000000000e+00 0.0000000000000000e+00 7.1898036500000000e+00 01001
 -1.2807550800000000e+01 0.0000000000000000e+00 0.0000000000000000e+00 -1.7948002400000000e+00 00002
 3.1328287000000000e+01 0.0000000000000000e+00 0.0000000000000000e+00 4.3097902599999998e+00 20001
 -3.6635859399999998e+02 0.0000000000000000e+00 0.0000000000000000e+00 -4.7514103499999997e+01 11001
 1.2812726399999999e+03 0.0000000000000000e+00 0.0000000000000000e+00 1.2740499699999999e+02 02001
 8.4649294600000005e+00 0.0000000000000000e+00 0.0000000000000000e+00 1.5213236200000000e+00 00201
 -2.1218133200000000e+02 0.0000000000000000e+00 0.0000000000000000e+00 -4.4842024199999997e+01 00111
 8.6216804499999995e+01 0.0000000000000000e+00 0.0000000000000000e+00 1.3903586900000001e+01 10002
 -2.0237557699999999e+02 0.0000000000000000e+00 0.0000000000000000e+00 -7.5177002500000000e+01 01002
 1.2924057499999999e+03 0.0000000000000000e+00 0.0000000000000000e+00 3.3294530099999997e+02 00021
 1.5246574300000000e+02 4.1239841799999999e+02 -1.1855168000000000e+02 0.0000000000000000e+00 00012
 5.6814234300000003e+01 0.0000000000000000e+00 0.0000000000000000e+00 1.5595186500000001e+01 00003
 -1.1109064100000001e+02 0.0000000000000000e+00 0.0000000000000000e+00 -1.5717735800000000e+01 30001
 1.3012309000000000e+03 0.0000000000000000e+00 0.0000000000000000e+00 2.4992499500000000e+02 21001
 -3.3776413699999998e+03 0.0000000000000000e+00 0.0000000000000000e+00 -1.2056100300000001e+03 12001
 -1.0805725299999999e+03 0.0000000000000000e+00 0.0000000000000000e+00 1.6507063800000001e+03 03001
 -2.0675836699999999e+02 0.0000000000000000e+00 0.0000000000000000e+00 -8.6394541199999999e+00 10201
 1.2861228000000001e+03 0.0000000000000000e+00 0.0000000000000000e+00 5.1734533999999996e+01 01201
 4.5738898999999998e+02 0.0000000000000000e+00 0.0000000000000000e+00 2.4632876999999999e+02 10111
 3.1552100700000000e+02 0.0000000000000000e+00 0.0000000000000000e+00 -1.4688802499999999e+03 01111
 -2.8637608399999999e+00 0.0000000000000000e+00 0.0000000000000000e+00 -7.7696205800000001e+01 20002
 -2.8453250400000002e+02 0.0000000000000000e+00 0.0000000000000000e+00 8.0826721799999996e+02 11002
 -5.4968678599999997e+01 0.0000000000000000e+00 0.0000000000000000e+00 -1.8872739300000001e+03 02002
 -8.9490322900000001e+02 0.0000000000000000e+00 0.0000000000000000e+00 -1.3172162699999999e+01 00202
 -5.8186814800000001e+01 0.0000000000000000e+00 0.0000000000000000e+00 -1.7587238100000000e+03 10021
 2.8100110300000001e+01 0.0000000000000000e+00 0.0000000000000000e+00 1.0443614200000000e+04 01021
 2.4986902400000002e+01 0.0000000000000000e+00 0.0000000000000000e+00 3.7717688900000002e+02 00112
 -4.7104892700000001e+00 0.0000000000000000e+00 0.0000000000000000e+00 -1.7433297400000001e+02 10003
 -9.4935661400000004e-01 0.0000000000000000e+00 0.0000000000000000e+00 8.9351807699999995e+02 01003
 5.9109615599999996e+00 0.0000000000000000e+00 0.0000000000000000e+00 -2.7085707800000000e+03 00022
 1.0590745000000000e-01 0.0000000000000000e+00 0.0000000000000000e+00 -1.4915634900000001e+02 00004
 7.4420433400000000e-02 0.0000000000000000e+00 0.0000000000000000e+00 0.0000000000000000e+00 00101
 -9.3204445700000005e-01 0.0000000000000000e+00 0.0000000000000000e+00 0.0000000000000000e+00 00011
 2.8452158100000000e+00 0.0000000000000000e+00 0.0000000000000000e+00 0.0000000000000000e+00 10101
 -2.5439373000000000e+01 0.0000000000000000e+00 0.0000000000000000e+00 0.0000000000000000e+00 01101
 1.3705155500000000e+01 0.0000000000000000e+00 0.0000000000000000e+00 0.0000000000000000e+00 10011
 -7.2542508699999999e+01 0.0000000000000000e+00 0.0000000000000000e+00 0.0000000000000000e+00 01011
 1.1188551900000000e+01 0.0000000000000000e+00 0.0000000000000000e+00 0.0000000000000000e+00 00102
 -2.9857603999999998e+01 0.0000000000000000e+00 0.0000000000000000e+00 0.0000000000000000e+00 20101
 2.5760759400000001e+02 0.0000000000000000e+00 0.0000000000000000e+00 0.0000000000000000e+00 11101
 2.2280062200000000e+02 0.0000000000000000e+00 0.0000000000000000e+00 0.0000000000000000e+00 02101
 -5.7470399800000003e+00 0.0000000000000000e+00 0.0000000000000000e+00 0.0000000000000000e+00 00301
 -5.8377417100000002e+01 0.0000000000000000e+00 0.0000000000000000e+00 0.0000000000000000e+00 20011
 -7.5798640700000007e+01 0.0000000000000000e+00 0.0000000000000000e+00 0.0000000000000000e+00 11011
 -2.0030666900000000e+01 0.0000000000000000e+00 0.0000000000000000e+00 0.0000000000000000e+00 02011
 8.1569985000000003e+01 0.0000000000000000e+00 0.0000000000000000e+00 0.0000000000000000e+00 00211
 3.9907235700000001e+01 0.0000000000000000e+00 0.0000000000000000e+00 0.0000000000000000e+00 10102
 2.6133789799999999e+01 0.0000000000000000e+00 0.0000000000000000e+00 0.0000000000000000e+00 01102
 1.1102801200000000e+01 0.0000000000000000e+00 0.0000000000000000e+00 0.0000000000000000e+00 00121
 1.5806418400000000e+01 0.0000000000000000e+00 0.0000000000000000e+00 0.0000000000000000e+00 10012
 2.5233279000000000e+00 0.0000000000000000e+00 0.0000000000000000e+00 0.0000000000000000e+00 01012
 1.4961163900000001e+00 0.0000000000000000e+00 0.0000000000000000e+00 0.0000000000000000e+00 00103
 2.9442717200000001e+00 0.0000000000000000e+00 0.0000000000000000e+00 0.0000000000000000e+00 00031
 1.9644430600000001e-01 0.0000000000000000e+00 0.0000000000000000e+00 0.0000000000000000e+00 00013
 1.6957368000000000e+02 0.0000000000000000e+00 0.0000000000000000e+00 0.0000000000000000e+00 40001
 -1.1884030900000000e+03 0.0000000000000000e+00 0.0000000000000000e+00 0.0000000000000000e+00 31001
 -2.5640085899999999e+03 0.0000000000000000e+00 0.0000000000000000e+00 0.0000000000000000e+00 22001
 -7.9612626599999999e+02 0.0000000000000000e+00 0.0000000000000000e+00 0.0000000000000000e+00 13001
 -1.7013585599999999e+02 0.0000000000000000e+00 0.0000000000000000e+00 0.0000000000000000e+00 04001
 2.5273732400000000e+01 0.0000000000000000e+00 0.0000000000000000e+00 0.0000000000000000e+00 30101
 -3.0211779799999999e+02 0.0000000000000000e+00 0.0000000000000000e+00 0.0000000000000000e+00 21101
 1.0508874799999999e+01 0.0000000000000000e+00 0.0000000000000000e+00 0.0000000000000000e+00 12101
 1.7954560900000001e+01 0.0000000000000000e+00 0.0000000000000000e+00 0.0000000000000000e+00 03101
 3.9304286900000000e+02 0.0000000000000000e+00 0.0000000000000000e+00 0.0000000000000000e+00 20201
 -2.6547935800000000e+03 0.0000000000000000e+00 0.0000000000000000e+00 0.0000000000000000e+00 11201
 -6.7520795899999996e+02 0.0000000000000000e+00 0.0000000000000000e+00 0.0000000000000000e+00 02201
 3.1537455800000000e+01 0.0000000000000000e+00 0.0000000000000000e+00 0.0000000000000000e+00 10301
 -6.6287274900000000e+01 0.0000000000000000e+00 0.0000000000000000e+00 0.0000000000000000e+00 01301
 1.1048366800000000e+01 0.0000000000000000e+00 0.0000000000000000e+00 0.0000000000000000e+00 00401
 5.3995273300000001e+01 0.0000000000000000e+00 0.0000000000000000e+00 0.0000000000000000e+00 30011
 1.9851422299999999e+01 0.0000000000000000e+00 0.0000000000000000e+00 0.0000000000000000e+00 21011
 6.9951277899999997e+00 0.0000000000000000e+00 0.0000000000000000e+00 0.0000000000000000e+00 12011
 2.0305896899999998e+00 0.0000000000000000e+00 0.0000000000000000e+00 0.0000000000000000e+00 03011
 -4.1475572199999999e+02 0.0000000000000000e+00 0.0000000000000000e+00 0.0000000000000000e+00 20111
 -2.4292429500000000e+02 0.0000000000000000e+00 0.0000000000000000e+00 0.0000000000000000e+00 11111
 -5.3283176900000001e+01 0.0000000000000000e+00 0.0000000000000000e+00 0.0000000000000000e+00 02111
 1.4085442600000000e+01 0.0000000000000000e+00 0.0000000000000000e+00 0.0000000000000000e+00 10211
 -7.1897002499999996e+00 0.0000000000000000e+00 0.0000000000000000e+00 0.0000000000000000e+00 01211
 4.6617528200000002e+01 0.0000000000000000e+00 0.0000000000000000e+00 0.0000000000000000e+00 00311
 3.2702350999999999e+02 0.0000000000000000e+00 0.0000000000000000e+00 0.0000000000000000e+00 30002
 -4.6760376399999998e+01 0.0000000000000000e+00 0.0000000000000000e+00 0.0000000000000000e+00 21002
 -1.3113077600000000e+01 0.0000000000000000e+00 0.0000000000000000e+00 0.0000000000000000e+00 12002
 -2.1460877500000000e+00 0.0000000000000000e+00 0.0000000000000000e+00 0.0000000000000000e+00 03002
 -4.0516263400000003e+02 0.0000000000000000e+00 0.0000000000000000e+00 0.0000000000000000e+00 20102
 -3.7832739400000001e+01 0.0000000000000000e+00 0.0000000000000000e+00 0.0000000000000000e+00 11102
 -3.2861643300000001e+00 0.0000000000000000e+00 0.0000000000000000e+00 0.0000000000000000e+00 02102
 -7.9775662299999999e+02 0.0000000000000000e+00 0.0000000000000000e+00 0.0000000000000000e+00 10202
 -1.0025346300000000e+02 0.0000000000000000e+00 0.0000000000000000e+00 0.0000000000000000e+00 01202
 -5.8149400000000000e+01 0.0000000000000000e+00 0.0000000000000000e+00 0.0000000000000000e+00 00302
 -4.9721882500000000e+01 0.0000000000000000e+00 0.0000000000000000e+00 0.0000000000000000e+00 20021
 -2.3494000000000000e+01 0.0000000000000000e+00 0.0000000000000000e+00 0.0000000000000000e+00 11021
 -4.6306529500000000e+00 0.0000000000000000e+00 0.0000000000000000e+00 0.0000000000000000e+00 02021
 -7.0125265800000003e+00 0.0000000000000000e+00 0.0000000000000000e+00 0.0000000000000000e+00 10121
 -1.6612841400000000e+00 0.0000000000000000e+00 0.0000000000000000e+00 0.0000000000000000e+00 01121
 8.9976115900000000e+00 0.0000000000000000e+00 0.0000000000000000e+00 0.0000000000000000e+00 00221
 -2.6915856399999999e+01 0.0000000000000000e+00 0.0000000000000000e+00 0.0000000000000000e+00 20012
 -2.9374057699999998e+00 0.0000000000000000e+00 0.0000000000000000e+00 0.0000000000000000e+00 11012
 -2.8169995599999997e-01 0.0000000000000000e+00 0.0000000000000000e+00 0.0000000000000000e+00 02012
 -4.4261380600000003e+01 0.0000000000000000e+00 0.0000000000000000e+00 0.0000000000000000e+00 10112
 -5.1887392600000002e+00 0.0000000000000000e+00 0.0000000000000000e+00 0.0000000000000000e+00 01112
 -2.3091301500000001e+00 0.0000000000000000e+00 0.0000000000000000e+00 0.0000000000000000e+00 00212
 1.2974281100000001e+01 0.0000000000000000e+00 0.0000000000000000e+00 0.0000000000000000e+00 20003
 1.2986379400000001e+00 0.0000000000000000e+00 0.0000000000000000e+00 0.0000000000000000e+00 11003
 1.7931982099999999e-01 0.0000000000000000e+00 0.0000000000000000e+00 0.0000000000000000e+00 02003
 3.5963604300000002e-01 0.0000000000000000e+00 0.0000000000000000e+00 0.0000000000000000e+00 10103
 -6.8600012500000002e-02 0.0000000000000000e+00 0.0000000000000000e+00 0.0000000000000000e+00 01103
 4.7989772600000002e-01 0.0000000000000000e+00 0.0000000000000000e+00 0.0000000000000000e+00 00203
 -1.5183764099999999e+00 0.0000000000000000e+00 0.0000000000000000e+00 0.0000000000000000e+00 10031
 -2.5950537600000001e-01 0.0000000000000000e+00 0.0000000000000000e+00 0.0000000000000000e+00 01031
 1.2137887100000000e+00 0.0000000000000000e+00 0.0000000000000000e+00 0.0000000000000000e+00 00131
 -3.8339448699999998e+00 0.0000000000000000e+00 0.0000000000000000e+00 0.0000000000000000e+00 10022
 -4.4880310099999998e-01 0.0000000000000000e+00 0.0000000000000000e+00 0.0000000000000000e+00 01022
 4.3274224600000001e-02 0.0000000000000000e+00 0.0000000000000000e+00 0.0000000000000000e+00 00122
 4.3379578000000002e-02 0.0000000000000000e+00 0.0000000000000000e+00 0.0000000000000000e+00 10013
 3.8101713399999999e-04 0.0000000000000000e+00 0.0000000000000000e+00 0.0000000000000000e+00 01013
 7.1732702300000006e-02 0.0000000000000000e+00 0.0000000000000000e+00 0.0000000000000000e+00 00113
 4.0493515200000002e-03 0.0000000000000000e+00 0.0000000000000000e+00 0.0000000000000000e+00 10004
 -7.0401424799999997e-04 0.0000000000000000e+00 0.0000000000000000e+00 0.0000000000000000e+00 01004
 4.1771769200000001e-03 0.0000000000000000e+00 0.0000000000000000e+00 0.0000000000000000e+00 00104
 2.6521246799999998e-01 0.0000000000000000e+00 0.0000000000000000e+00 0.0000000000000000e+00 00041
 3.4293861799999999e-02 0.0000000000000000e+00 0.0000000000000000e+00 0.0000000000000000e+00 00032
 2.7421903000000001e-02 0.0000000000000000e+00 0.0000000000000000e+00 0.0000000000000000e+00 00023
 3.8234677400000002e-03 0.0000000000000000e+00 0.0000000000000000e+00 0.0000000000000000e+00 00014
 1.4659581000000001e-03 0.0000000000000000e+00 0.0000000000000000e+00 0.0000000000000000e+00 00005
 -2.2197897499999999e+02 0.0000000000000000e+00 0.0000000000000000e+00 0.0000000000000000e+00 50001
 2.0814843300000002e+03 0.0000000000000000e+00 0.0000000000000000e+00 0.0000000000000000e+00 41001
 -4.3056093600000003e+02 0.0000000000000000e+00 0.0000000000000000e+00 0.0000000000000000e+00 32001
 -2.1805028799999999e+02 0.0000000000000000e+00 0.0000000000000000e+00 0.0000000000000000e+00 23001
 -5.5584450099999998e+01 0.0000000000000000e+00 0.0000000000000000e+00 0.0000000000000000e+00 14001
 -1.1364256800000000e+01 0.0000000000000000e+00 0.0000000000000000e+00 0.0000000000000000e+00 05001
 1.0843246300000000e+02 0.0000000000000000e+00 0.0000000000000000e+00 0.0000000000000000e+00 40101
 -9.3186493399999995e+02 0.0000000000000000e+00 0.0000000000000000e+00 0.0000000000000000e+00 31101
 -1.9297715800000000e+02 0.0000000000000000e+00 0.0000000000000000e+00 0.0000000000000000e+00 22101
 -2.8647338300000001e+01 0.0000000000000000e+00 0.0000000000000000e+00 0.0000000000000000e+00 13101
 -3.4101753399999999e+00 0.0000000000000000e+00 0.0000000000000000e+00 0.0000000000000000e+00 04101
 6.1327849800000003e+01 0.0000000000000000e+00 0.0000000000000000e+00 0.0000000000000000e+00 30201
 -4.3628918599999999e+01 0.0000000000000000e+00 0.0000000000000000e+00 0.0000000000000000e+00 21201
 -4.7152181900000002e+01 0.0000000000000000e+00 0.0000000000000000e+00 0.0000000000000000e+00 12201
 -1.4919883000000000e+01 0.0000000000000000e+00 0.0000000000000000e+00 0.0000000000000000e+00 03201
 5.8831090099999997e+01 0.0000000000000000e+00 0.0000000000000000e+00 0.0000000000000000e+00 20301
 -3.6337865000000001e+01 0.0000000000000000e+00 0.0000000000000000e+00 0.0000000000000000e+00 11301
 -8.0151232799999992e+00 0.0000000000000000e+00 0.0000000000000000e+00 0.0000000000000000e+00 02301
 -1.0494428700000000e+02 0.0000000000000000e+00 0.0000000000000000e+00 0.0000000000000000e+00 10401
 3.4771335299999997e+01 0.0000000000000000e+00 0.0000000000000000e+00 0.0000000000000000e+00 01401
 -1.2228812499999999e+02 0.0000000000000000e+00 0.0000000000000000e+00 0.0000000000000000e+00 00501
 -7.7545342300000002e+01 0.0000000000000000e+00 0.0000000000000000e+00 0.0000000000000000e+00 40011
 -6.4131444900000005e+01 0.0000000000000000e+00 0.0000000000000000e+00 0.0000000000000000e+00 31011
 -1.3985750500000000e+01 0.0000000000000000e+00 0.0000000000000000e+00 0.0000000000000000e+00 22011
 -2.3365408200000002e+00 0.0000000000000000e+00 0.0000000000000000e+00 0.0000000000000000e+00 13011
 -3.4059649100000000e-01 0.0000000000000000e+00 0.0000000000000000e+00 0.0000000000000000e+00 04011
 2.9339419400000001e+01 0.0000000000000000e+00 0.0000000000000000e+00 0.0000000000000000e+00 30111
 4.8114933100000002e+01 0.0000000000000000e+00 0.0000000000000000e+00 0.0000000000000000e+00 21111
 9.5017492400000005e+00 0.0000000000000000e+00 0.0000000000000000e+00 0.0000000000000000e+00 12111
 1.3883754100000001e+00 0.0000000000000000e+00 0.0000000000000000e+00 0.0000000000000000e+00 03111
 5.2479251499999997e+01 0.0000000000000000e+00 0.0000000000000000e+00 0.0000000000000000e+00 20211
 3.8005874199999998e+00 0.0000000000000000e+00 0.0000000000000000e+00 0.0000000000000000e+00 11211
 2.3455513600000000e-01 0.0000000000000000e+00 0.0000000000000000e+00 0.0000000000000000e+00 02211
 3.9580808500000003e+01 0.0000000000000000e+00 0.0000000000000000e+00 0.0000000000000000e+00 10311
 1.5256354200000001e+01 0.0000000000000000e+00 0.0000000000000000e+00 0.0000000000000000e+00 01311
 -7.2808032699999998e+00 0.0000000000000000e+00 0.0000000000000000e+00 0.0000000000000000e+00 00411
 -5.9749734599999999e+02 0.0000000000000000e+00 0.0000000000000000e+00 0.0000000000000000e+00 40002
 -1.0272174900000000e+02 0.0000000000000000e+00 0.0000000000000000e+00 0.0000000000000000e+00 31002
 -1.5368110700000001e+01 0.0000000000000000e+00 0.0000000000000000e+00 0.0000000000000000e+00 22002
 -2.1720831600000001e+00 0.0000000000000000e+00 0.0000000000000000e+00 0.0000000000000000e+00 13002
 -2.7460926400000002e-01 0.0000000000000000e+00 0.0000000000000000e+00 0.0000000000000000e+00 04002
 1.0683798299999999e+02 0.0000000000000000e+00 0.0000000000000000e+00 0.0000000000000000e+00 30102
 1.2376615800000000e+01 0.0000000000000000e+00 0.0000000000000000e+00 0.0000000000000000e+00 21102
 1.4653033000000000e+00 0.0000000000000000e+00 0.0000000000000000e+00 0.0000000000000000e+00 12102
 1.8539329299999999e-01 0.0000000000000000e+00 0.0000000000000000e+00 0.0000000000000000e+00 03102
 1.1888713100000000e+01 0.0000000000000000e+00 0.0000000000000000e+00 0.0000000000000000e+00 20202
 -2.5566998800000000e+00 0.0000000000000000e+00 0.0000000000000000e+00 0.0000000000000000e+00 11202
 -8.6380901700000001e-01 0.0000000000000000e+00 0.0000000000000000e+00 0.0000000000000000e+00 02202
 1.8804701399999999e+01 0.0000000000000000e+00 0.0000000000000000e+00 0.0000000000000000e+00 10302
 2.4966757999999998e+00 0.0000000000000000e+00 0.0000000000000000e+00 0.0000000000000000e+00 01302
 -3.9308849700000001e+00 0.0000000000000000e+00 0.0000000000000000e+00 0.0000000000000000e+00 00402
 1.2703465100000001e+01 0.0000000000000000e+00 0.0000000000000000e+00 0.0000000000000000e+00 30021
 7.9618751600000000e+00 0.0000000000000000e+00 0.0000000000000000e+00 0.0000000000000000e+00 21021
 1.6098250700000001e+00 0.0000000000000000e+00 0.0000000000000000e+00 0.0000000000000000e+00 12021
 2.5756567499999999e-01 0.0000000000000000e+00 0.0000000000000000e+00 0.0000000000000000e+00 03021
 5.9357450700000003e+00 0.0000000000000000e+00 0.0000000000000000e+00 0.0000000000000000e+00 20121
 6.7934845300000002e-01 0.0000000000000000e+00 0.0000000000000000e+00 0.0000000000000000e+00 11121
 7.5755015100000003e-02 0.0000000000000000e+00 0.0000000000000000e+00 0.0000000000000000e+00 02121
 7.3629458100000003e+00 0.0000000000000000e+00 0.0000000000000000e+00 0.0000000000000000e+00 10221
 2.3008013500000000e+00 0.0000000000000000e+00 0.0000000000000000e+00 0.0000000000000000e+00 01221
 -1.1838300700000000e-01 0.0000000000000000e+00 0.0000000000000000e+00 0.0000000000000000e+00 00321
 1.4425814500000000e+01 0.0000000000000000e+00 0.0000000000000000e+00 0.0000000000000000e+00 30012
 1.5265816299999999e+00 0.0000000000000000e+00 0.0000000000000000e+00 0.0000000000000000e+00 21012
 1.6302881699999999e-01 0.0000000000000000e+00 0.0000000000000000e+00 0.0000000000000000e+00 12012
 1.7168950900000000e-02 0.0000000000000000e+00 0.0000000000000000e+00 0.0000000000000000e+00 03012
 1.5074373400000001e+01 0.0000000000000000e+00 0.0000000000000000e+00 0.0000000000000000e+00 20112
 1.6070658300000000e+00 0.0000000000000000e+00 0.0000000000000000e+00 0.0000000000000000e+00 11112
 1.6646502299999999e-01 0.0000000000000000e+00 0.0000000000000000e+00 0.0000000000000000e+00 02112
 2.2880329700000002e+00 0.0000000000000000e+00 0.0000000000000000e+00 0.0000000000000000e+00 10212
 2.6541344900000002e-01 0.0000000000000000e+00 0.0000000000000000e+00 0.0000000000000000e+00 01212
 3.2668393000000000e+00 0.0000000000000000e+00 0.0000000000000000e+00 0.0000000000000000e+00 00312
 -1.4469480500000000e+00 0.0000000000000000e+00 0.0000000000000000e+00 0.0000000000000000e+00 30003
 -3.0155182100000000e-01 0.0000000000000000e+00 0.0000000000000000e+00 0.0000000000000000e+00 21003
 -9.7940595800000002e-02 0.0000000000000000e+00 0.0000000000000000e+00 0.0000000000000000e+00 12003
 -2.1887463300000000e-02 0.0000000000000000e+00 0.0000000000000000e+00 0.0000000000000000e+00 03003
 2.1373127700000000e-01 0.0000000000000000e+00 0.0000000000000000e+00 0.0000000000000000e+00 20103
 -4.2487175700000003e-03 0.0000000000000000e+00 0.0000000000000000e+00 0.0000000000000000e+00 11103
 -2.6398123599999999e-03 0.0000000000000000e+00 0.0000000000000000e+00 0.0000000000000000e+00 02103
 -3.9033618199999998e-01 0.0000000000000000e+00 0.0000000000000000e+00 0.0000000000000000e+00 10203
 -2.2056344900000000e-02 0.0000000000000000e+00 0.0000000000000000e+00 0.0000000000000000e+00 01203
 -2.5206106999999998e-02 0.0000000000000000e+00 0.0000000000000000e+00 0.0000000000000000e+00 00303
 8.3539572600000001e-01 0.0000000000000000e+00 0.0000000000000000e+00 0.0000000000000000e+00 20031
 1.0108242400000000e-01 0.0000000000000000e+00 0.0000000000000000e+00 0.0000000000000000e+00 11031
 1.1382651500000000e-02 0.0000000000000000e+00 0.0000000000000000e+00 0.0000000000000000e+00 02031
 9.6753924199999997e-01 0.0000000000000000e+00 0.0000000000000000e+00 0.0000000000000000e+00 10131
 2.8394057299999997e-01 0.0000000000000000e+00 0.0000000000000000e+00 0.0000000000000000e+00 01131
 7.0409468399999994e-02 0.0000000000000000e+00 0.0000000000000000e+00 0.0000000000000000e+00 00231
 1.9662115200000001e+00 0.0000000000000000e+00 0.0000000000000000e+00 0.0000000000000000e+00 20022
 2.1192966199999999e-01 0.0000000000000000e+00 0.0000000000000000e+00 0.0000000000000000e+00 11022
 2.2229702000000000e-02 0.0000000000000000e+00 0.0000000000000000e+00 0.0000000000000000e+00 02022
 1.9217672799999999e-01 0.0000000000000000e+00 0.0000000000000000e+00 0.0000000000000000e+00 10122
 2.0842935900000002e-02 0.0000000000000000e+00 0.0000000000000000e+00 0.0000000000000000e+00 01122
 4.0919772199999999e-01 0.0000000000000000e+00 0.0000000000000000e+00 0.0000000000000000e+00 00222
 1.1620879799999999e-02 0.0000000000000000e+00 0.0000000000000000e+00 0.0000000000000000e+00 20013
 -8.6175197900000000e-04 0.0000000000000000e+00 0.0000000000000000e+00 0.0000000000000000e+00 11013
 -3.6803400800000002e-04 0.0000000000000000e+00 0.0000000000000000e+00 0.0000000000000000e+00 02013
 -3.0559588299999999e-02 0.0000000000000000e+00 0.0000000000000000e+00 0.0000000000000000e+00 10113
 7.9282077300000002e-04 0.0000000000000000e+00 0.0000000000000000e+00 0.0000000000000000e+00 01113
 -1.0358131200000000e-03 0.0000000000000000e+00 0.0000000000000000e+00 0.0000000000000000e+00 00213
 -3.1766529600000003e-02 0.0000000000000000e+00 0.0000000000000000e+00 0.0000000000000000e+00 20004
 -8.6869289399999997e-03 0.0000000000000000e+00 0.0000000000000000e+00 0.0000000000000000e+00 11004
 -1.3033663300000000e-03 0.0000000000000000e+00 0.0000000000000000e+00 0.0000000000000000e+00 02004
 -4.8593005899999998e-03 0.0000000000000000e+00 0.0000000000000000e+00 0.0000000000000000e+00 10104
 -1.8132267699999999e-04 0.0000000000000000e+00 0.0000000000000000e+00 0.0000000000000000e+00 01104
 -2.2531301500000000e-02 0.0000000000000000e+00 0.0000000000000000e+00 0.0000000000000000e+00 00204
 1.0273608300000001e-01 0.0000000000000000e+00 0.0000000000000000e+00 0.0000000000000000e+00 10041
 3.1679181700000003e-02 0.0000000000000000e+00 0.0000000000000000e+00 0.0000000000000000e+00 01041
 1.7740698900000001e-02 0.0000000000000000e+00 0.0000000000000000e+00 0.0000000000000000e+00 00141
 1.2813031600000000e-02 0.0000000000000000e+00 0.0000000000000000e+00 0.0000000000000000e+00 10032
 1.3430987299999999e-03 0.0000000000000000e+00 0.0000000000000000e+00 0.0000000000000000e+00 01032
 4.4265491599999998e-02 0.0000000000000000e+00 0.0000000000000000e+00 0.0000000000000000e+00 00132
 -5.0074566800000003e-03 0.0000000000000000e+00 0.0000000000000000e+00 0.0000000000000000e+00 10023
 -3.6226490100000000e-05 0.0000000000000000e+00 0.0000000000000000e+00 0.0000000000000000e+00 01023
 -1.0084677400000000e-04 0.0000000000000000e+00 0.0000000000000000e+00 0.0000000000000000e+00 00123
 -2.5991156500000000e-04 0.0000000000000000e+00 0.0000000000000000e+00 0.0000000000000000e+00 10014
 -8.6598892899999998e-06 0.0000000000000000e+00 0.0000000000000000e+00 0.0000000000000000e+00 01014
 1.2643326200000000e-04 0.0000000000000000e+00 0.0000000000000000e+00 0.0000000000000000e+00 00114
 -3.7640531699999999e-04 0.0000000000000000e+00 0.0000000000000000e+00 0.0000000000000000e+00 10005
 -4.9526213000000003e-05 0.0000000000000000e+00 0.0000000000000000e+00 0.0000000000000000e+00 01005
 5.0543502499999998e-05 0.0000000000000000e+00 0.0000000000000000e+00 0.0000000000000000e+00 00105
 3.1877867700000001e-03 0.0000000000000000e+00 0.0000000000000000e+00 0.0000000000000000e+00 00051
 4.7427681699999998e-03 0.0000000000000000e+00 0.0000000000000000e+00 0.0000000000000000e+00 00042
 1.0854985800000000e-05 0.0000000000000000e+00 0.0000000000000000e+00 0.0000000000000000e+00 00033
 9.0835490000000001e-05 0.0000000000000000e+00 0.0000000000000000e+00 0.0000000000000000e+00 00024
 3.1187906300000002e-06 0.0000000000000000e+00 0.0000000000000000e+00 0.0000000000000000e+00 00015
 2.3269827100000001e-06 0.0000000000000000e+00 0.0000000000000000e+00 0.0000000000000000e+00 00006
 --------------------------------------------
