! Candidate angular fit; delta and xtar-dependent terms retained from frozen seed.
 --------------------------------------------
 1.2335421824655464e-03 1.0833847411640014e-04 5.0479757652316902e-04 0.0000000000000000e+00 00000
 3.2692646279336479e-01 1.5247144202188995e-02 -5.0076762167157902e-03 2.4527718100000001e-01 10000
 -2.9703795830752013e+00 -1.2809716886863970e-01 3.7599276769887266e-02 1.7923725400000001e-01 01000
 -2.7079510495428192e-03 -4.5571165825217913e-01 2.7691171096627726e-01 1.5762221900000001e-02 00100
 1.3481138110664706e-01 3.2992677080038731e-02 -2.3415229620788311e+00 -2.7748113599999999e-02 00010
 -2.7998746620939158e-01 -3.2563347732550797e-02 1.1481555449962429e-02 -3.1763193899999997e-01 20000
 1.8522682448468188e+00 1.2383087659932726e-01 -2.5147049079875714e-03 3.2294487900000002e+00 11000
 6.8297091753206267e+00 8.4471499146205142e-01 -3.6617891644503842e-01 9.9624983800000000e-01 02000
 -5.7985019641344275e-02 1.4087751038056469e+00 -4.1855353683011925e-01 -6.9868989000000006e-02 10100
 7.1188170171117404e-01 9.8640821620738650e-01 1.2364964477143719e-01 -2.7273720299999998e-01 01100
 -1.6704146864420852e-01 -5.8099319659129560e-02 -2.0099893687104069e-02 -1.7795864400000000e-02 00200
 -3.4471396574366114e-01 -1.9385613010111829e+01 5.1499986266478812e+00 -1.7964206399999999e-01 10010
 3.0906142028581312e+00 -2.1284718069060528e+01 3.3707452988770616e+00 5.1434082800000001e+00 01010
 5.7504489664323621e-01 -6.1790867713158637e-01 -4.8519572430388513e-02 4.5628469799999999e-01 00110
 -7.7404010080338486e+00 3.0198791144493735e+00 -4.9124336250542644e-01 -6.4079203600000003e+00 00020
 1.4136326299886572e+00 2.2344425115739774e-01 -9.6764971770624250e-02 9.3683431900000003e-01 30000
 -2.8758151829237626e+01 -2.2369263779642159e+00 1.1193495449613982e+00 -1.3540589900000001e+01 21000
 2.0528778330763029e+02 2.2791717493006978e+00 -3.8016317316360966e+00 5.1879764199999997e+01 12000
 -5.5354287626831513e+02 3.2720059483984059e+01 -1.1418381933481856e+00 -2.0498985000000001e+01 03000
 2.5303924189113127e+00 -5.1218504772637328e+00 1.2588596879172327e+00 -3.1254219399999998e-02 20100
 -2.6826737266850675e+01 5.5686061939533829e+01 -1.2862423041618232e+01 2.8400841199999999e-01 11100
 3.4873837496783445e+01 -1.3570411119352801e+02 2.5805347579120919e+01 3.9556433100000001e+00 02100
 5.1625513434914860e-01 3.2816482520485986e+00 -5.2399241479353009e-01 9.5431561099999995e-01 10200
 2.2845394740521336e+00 -2.1894668970632988e+01 3.3551935933918702e+00 -7.0688381700000003e+00 01200
 1.0687641841524407e+00 -2.1227633182329428e-01 5.0740663052298274e-01 -3.5820566700000001e-01 00300
 -6.6120747844715231e+00 6.4062678940474825e+01 -1.7020778164549775e+01 -2.7448817499999998e+00 20010
 8.5368669797036446e+01 -7.1675142215893209e+02 1.7548472817581759e+02 1.0681983600000001e+01 11010
 -1.0477371774999698e+02 1.8112214344061913e+03 -3.6777953598770921e+02 -4.6776265000000002e+01 02010
 -3.9256244619179057e+01 -5.3753202646155081e+01 6.7381039707463426e+00 4.3468718099999998e-01 10110
 1.6413905327952199e+02 3.8240065756441118e+02 -6.8224783822944687e+01 2.5692412099999999e+01 01110
 3.2540032556756762e+00 7.4659755107445449e+01 3.3697015406737485e+00 -3.1559352000000001e+00 00210
 2.5468435508514733e+02 -1.8215319141067801e+00 1.1831772061385879e+01 3.1907757499999999e+01 10020
 -2.0161618703916490e+03 -1.5864855920455122e+02 -4.1481938640427963e+01 -4.6789810199999999e+02 01020
 -4.3190860274862196e+01 -1.2082752602632684e+03 2.1262852180638077e+02 3.4179037000000001e+01 00120
 1.2949282455864562e+02 5.6657940323600142e+03 -1.2873916865809731e+03 -7.1508536199999995e+01 00030
 -8.1223067017526631e+00 1.4960423015231533e-01 -1.8184091854306081e-01 -2.3027877499999998e+00 40000
 1.7645602117523006e+02 -8.5775674902921857e+00 3.5252897281262747e+00 5.8024830899999998e+01 31000
 -1.2988202611520128e+03 7.9928593897939678e+01 -5.3924042653928099e+00 -4.9156237399999998e+02 22000
 3.3944584407457960e+03 -1.0011999378464390e+02 -2.3347633777453157e+02 1.7182972100000000e+03 13000
 -8.0179519321386022e+02 -7.6104045605726299e+02 9.7536858284782556e+02 -1.9501040300000000e+03 04000
 -2.5213456853225022e+01 9.1781751277351802e+00 -1.9476215833023667e+00 -1.4621283800000000e+00 30100
 4.2916952749693195e+02 -9.0342168906462817e+01 1.7455722874033444e+01 4.7295753499999996e+01 21100
 -2.5232285337413882e+03 1.0939384975833866e+01 3.4933776673124676e+01 -4.3237295599999999e+02 12100
 5.6864608422328793e+03 1.1913949896886629e+03 -4.8021913503271151e+02 1.3233994800000000e+03 03100
 -2.0542157543366768e+00 -9.8971353126764416e+00 -1.5111213538572563e+00 -1.0047251200000000e+00 20200
 -2.7559008295177950e+01 8.2330537272233443e+01 1.9872760474304279e+01 1.6743462399999999e+01 11200
 3.0414739559659057e+02 -3.5150551036436504e+01 -1.0545053844779666e+02 -6.7273158699999996e+01 02200
 -3.4258583429757081e+01 -2.1056482398321322e-01 1.0539070317179711e+01 4.9815545700000001e+00 10300
 1.9163950502373913e+02 -2.2972481534417486e+02 -6.3003417520523488e+00 -3.7436718100000000e+01 01300
 1.2334240463845163e+01 -1.6690117853316494e+01 1.1238985468003328e+01 3.8352631700000002e+00 00400
 1.4943935548442397e+02 -1.6452206694995397e+02 3.3121068283866819e+01 2.0406354700000001e+01 30010
 -2.0121614935896152e+03 2.2095523231975576e+03 -3.6883657692043391e+02 -5.2187064599999997e+02 21010
 8.8868566071026526e+03 -7.5761647853369886e+03 3.8172875893214820e+02 4.0218560800000000e+03 12010
 -2.1162792589606961e+04 1.0133514648864381e+03 4.5590672299083699e+03 -1.1081659400000000e+04 03010
 1.6573853778469825e+01 4.2879552004723689e+02 -1.4257758564412475e+01 -2.6109065900000001e+01 20110
 9.1927655472193874e+02 -3.7087989238087562e+03 1.1368180362213881e+01 3.4366059500000000e+02 11110
 -5.5538004656711355e+03 3.1274616831100411e+03 1.7898849067979349e+03 -9.7405222100000003e+02 02110
 5.1089586614629377e+02 -2.7686866132872598e+02 -9.2249398180108329e+01 -3.6510193000000001e+01 10210
 -3.2090725585067630e+03 4.0471748334303775e+03 -1.6455281014049876e+02 2.9243684000000002e+02 01210
 -1.9499729964541430e+02 -1.6016975015493340e+01 1.1552716436960182e+02 -8.4939199799999997e+01 00310
 5.3921608227619785e+01 -2.2567817615325189e+03 4.5494319910238698e+02 4.0636932100000001e+02 20020
 -8.9501999923080130e+03 1.6064249883668626e+04 -6.2760815070368935e+03 -4.5869649099999997e+03 11020
 4.6891755383466741e+04 -3.7244154311475645e+03 1.3952526480042325e+04 9.3584628599999996e+03 02020
 -3.0998257514804968e+03 4.9987641691963781e+03 1.3227545387145060e+03 6.0264629700000000e+01 10120
 2.6102884771352306e+04 -2.2750265256221537e+04 1.0583728041631895e+01 -6.9720597099999998e+02 01120
 7.2783456383748251e+02 1.8531518226886622e+03 -3.0280886056420868e+03 7.2697501299999999e+02 00220
 7.5302772486641643e+03 -2.9561894683461251e+04 3.7986290785757978e+03 5.3606629499999997e+02 10030
 -6.9045508324166556e+04 9.7831158095224280e+04 -1.1430824988950073e+04 -2.3364836399999999e+03 01030
 -2.0757301981498484e+04 -2.7486933673172357e+03 1.2085205014331765e+04 -1.6674671400000000e+03 00130
 1.4412718780960669e+05 -5.2773342085975455e+04 2.0371407429857147e+04 3.9121164899999999e+03 00040
 2.3852178987226932e+01 -7.7507492010018044e+00 3.5212263651140643e+00 4.9678190300000002e+00 50000
 -4.6192785419066053e+02 2.4078754765982956e+02 -1.1165004646779967e+02 -2.1463550799999999e+02 41000
 1.4775854248168878e+03 -3.0498886294873550e+03 1.5046949006642883e+03 3.4385126599999999e+03 32000
 2.2746458707675607e+04 1.8434034987633637e+04 -1.0350904982464137e+04 -2.7888407800000001e+04 23000
 -1.9116089061545246e+05 -4.9929719617115108e+04 3.5078033959462031e+04 1.1885052899999999e+05 14000
 4.2458744164097717e+05 3.4510064317922726e+04 -4.3695948267393513e+04 -2.0979779999999999e+05 05000
 6.2478163693142307e+01 9.5546386542327233e-01 -1.9222186180623708e+00 3.0790796100000000e+00 40100
 -9.0641918100101407e+02 -1.7448901406339647e+02 4.1436190302055046e+01 -7.1757031799999993e+01 31100
 2.6008765333340540e+02 3.8384621855357027e+03 -2.7675036615359238e+02 1.7523077900000001e+02 22100
 3.7415302403027381e+04 -2.5710463502480248e+04 -3.2690359831906261e+02 3.6607079199999998e+03 13100
 -9.7233708502671885e+04 5.4296033549581938e+04 5.7833557823791252e+03 -1.8679771700000001e+04 04100
 2.8769624633319520e+01 -1.3546206062032430e+01 2.9199442440186608e+01 -9.8292970799999999e+00 30200
 -2.5882730159976023e+02 1.8944497247112372e+02 -1.8587784338424873e+02 2.2322339500000001e+02 21200
 1.1403149995452173e+02 -2.4103977410682332e+03 -1.3650792571825668e+03 -1.9345593400000000e+03 12200
 -6.2245573697864586e+02 8.3791316936777130e+03 1.0370593100193943e+04 6.2959604900000004e+03 03200
 1.5541498808815552e+02 -5.3804815672985580e+00 -3.8799510523007619e+01 7.5324127100000000e+00 20300
 -7.6938609065099217e+02 2.2686626242671602e+02 6.8471616313023063e+01 -1.7311873199999999e+02 11300
 -1.7710495442685633e+03 5.8853984047258664e+03 -1.9980732748049255e+02 1.0774482200000000e+03 02300
 4.1448414742165426e+01 1.0689555669533040e+02 -6.3225568626433940e+01 -1.1124031400000001e+00 10400
 -8.0012514042108512e+02 1.5507415776521407e+02 5.2137959424425105e+01 -1.0768688200000000e+02 01400
 3.5429287974222428e+00 1.6753665072773427e+02 -1.1349800801149567e+02 -1.3675491200000001e+00 00500
 -1.1357329833205620e+03 1.6298770193633015e+02 8.9792973244355334e+00 -4.8581986499999999e+01 40010
 2.2626962546723404e+04 -1.0209195725632669e+03 -5.8663760218889763e+02 1.9529719100000000e+03 31010
 -1.4566615596107289e+05 -2.6664560004730767e+04 1.0882212216995198e+04 -2.0776508900000001e+04 22010
 2.8050646479001042e+05 2.7485086550982308e+05 -6.7137509072135828e+04 7.9440774900000004e+04 13010
 5.9709671864316093e+04 -7.1125405288454646e+05 1.1326293130629056e+05 -7.1841567599999995e+04 04010
 1.3010676431288093e+03 -1.4261118065380149e+03 -2.9105475940609659e+02 6.3779292800000000e+01 30110
 -3.0013891693383754e+04 2.4169951679908325e+04 1.5804807789521133e+03 -1.7658266000000001e+03 21110
 2.3185537419030021e+05 -1.0075280820890103e+05 1.4999942552585810e+04 1.1961652899999999e+04 12110
 -5.2648133342514676e+05 8.3606704253238480e+04 -9.6526557842936643e+04 -3.6062570899999999e+04 03110
 -3.1071749690275851e+03 1.3061917455871151e+03 7.4696000773817786e+02 -8.6987571199999998e+00 20210
 1.0176546850489436e+04 -3.8384211318381560e+04 3.2443587875396279e+03 1.6077307200000000e+03 11210
 6.5991631089055576e+04 1.7584183434050345e+04 -3.2781765225907126e+04 -1.1675984399999999e+04 02210
 3.8348364306028469e+02 -1.6458473122581270e+03 5.8396320698669990e+02 1.6598224700000000e+02 10310
 1.1356527349379456e+04 4.4741576644989582e+03 -5.6622537275813556e+03 9.4686973100000000e+02 01310
 -2.1716133264485889e+03 2.7878991211123953e+03 -1.2619367420963360e+03 1.6439557600000001e+02 00410
 -1.3174356141017466e+04 1.2374757747327976e+04 5.1242229223281981e+02 -2.4076491099999998e+03 30020
 2.8849884176190756e+05 -1.7445226392300485e+05 -6.5711979718614666e+03 5.5520991600000001e+04 21020
 -2.1919916542281397e+06 5.3424228500891093e+05 2.9965130610310018e+04 -4.1814969699999999e+05 12020
 5.7356997944227420e+06 -2.3390502364741173e+05 -1.4436197457947643e+04 1.1185970900000001e+06 03020
 2.8807568242374651e+04 -1.5667286287711429e+04 -4.7767509711612984e+03 3.3250162999999998e+02 20120
 -1.7453002162791407e+05 3.9372120086148015e+05 -2.6036852665759212e+04 -1.4254245100000000e+04 11120
 -1.0115662813205276e+05 -7.3950539022536809e+05 2.9426497094090632e+05 5.2657758800000003e+04 02120
 -3.2117154613158389e+04 5.2206235020040349e+03 1.1128771531457918e+04 -3.9989584300000001e+03 10220
 1.8143335377660420e+04 -8.7287527059919579e+04 5.9769347556943227e+04 2.5102144300000000e+04 01220
 4.8263743937055595e+04 -5.6880144118095908e+04 4.8167217543327191e+04 9.0266857599999994e+01 00320
 -1.0487126781603042e+05 5.0051305284777925e+04 3.6252135066412317e+04 -9.3089900000000000e+02 20030
 7.4738863533482456e+05 -1.0627541680701110e+06 1.7273957152817672e+05 3.9788767800000001e+04 11030
 7.6550831682542979e+04 3.3715829181479923e+06 -1.3245078921221488e+06 -1.1875274700000000e+05 02030
 2.1339523874775507e+05 5.2697406413501223e+04 -1.0496950330507058e+05 2.9493169800000000e+04 10130
 -6.7873593996754894e+05 2.2309794760485864e+04 -2.5370588600799802e+05 -2.5987719800000000e+05 01130
 -4.3467714688590018e+05 1.2650992987767329e+05 -3.5521613303172606e+05 1.1004152400000000e+03 00230
 -3.1374035701461334e+05 -7.3158278005722634e+04 1.5920515283949845e+05 -1.3196676600000001e+04 10040
 2.9547298387166625e+06 5.4215619589071302e+05 6.3027914498244168e+05 3.0309427799999999e+05 01040
 1.9085819136039019e+06 9.6986881729914772e+05 9.4341795669959811e+05 -1.7333469400000002e+04 00140
 -3.4471915127913994e+06 -3.3649180662777722e+06 -4.6934455503686686e+05 3.0963153100000000e+04 00050
 -2.6839770219921490e+01 2.2243670143964831e+01 -7.1904381633834298e+00 0.0000000000000000e+00 60000
 5.1254339634238443e+02 -9.1627406460096154e+02 3.1160394434702602e+02 0.0000000000000000e+00 51000
 -1.5266243980535476e+03 1.7308181372828200e+04 -6.0857811614029233e+03 0.0000000000000000e+00 42000
 -1.0160688456901245e+04 -1.8179864343807907e+05 6.5308690816979404e+04 0.0000000000000000e+00 33000
 -1.1683317949257971e+05 1.0941490683151525e+06 -3.9957018632103683e+05 0.0000000000000000e+00 24000
 1.7531606137508668e+06 -3.6186842807147587e+06 1.3381812247797700e+06 0.0000000000000000e+00 15000
 -4.9461121454208139e+06 5.2378349955284027e+06 -1.9381014789872963e+06 0.0000000000000000e+00 06000
 -1.8332280255139370e+01 -2.5380634694540554e+01 1.2112690641370355e+01 0.0000000000000000e+00 50100
 -5.0721166175694998e+02 5.1577496932030954e+02 -3.0472050011004404e+02 0.0000000000000000e+00 41100
 1.5570920003719668e+04 -3.8727532891900682e+03 3.7740993495507951e+03 0.0000000000000000e+00 32100
 -6.9716761162454422e+04 -9.3408614126524262e+03 -2.7245735461811997e+04 0.0000000000000000e+00 23100
 -1.8945544816699569e+05 2.2110200043300432e+05 1.2103124247702029e+05 0.0000000000000000e+00 14100
 6.0746363713336363e+05 -6.3293612619462248e+05 -2.1371388419993766e+05 0.0000000000000000e+00 05100
 -1.1894087280168623e+02 3.6432118695259568e+01 -7.8084684127495521e+01 0.0000000000000000e+00 40200
 2.8074484974357101e+03 -1.2461385198075847e+02 1.2455660590400007e+03 0.0000000000000000e+00 31200
 -2.5827916948500551e+04 -2.2997772931348372e+03 -1.1490246757958188e+04 0.0000000000000000e+00 22200
 1.1269908749132646e+05 3.8822020306666825e+04 8.9532699224002805e+04 0.0000000000000000e+00 13200
 -1.9633735943562773e+05 -1.1447924849955768e+05 -3.0243208024536859e+05 0.0000000000000000e+00 04200
 -1.9498858988054127e+02 1.5248563964527641e+01 4.2571669945668830e+01 0.0000000000000000e+00 30300
 1.1096316892834955e+03 5.9058198331440781e+02 -1.9025423167324826e+02 0.0000000000000000e+00 21300
 -4.3950113113139141e+03 -7.8819084313622843e+03 -2.0207009239101992e+03 0.0000000000000000e+00 12300
 4.3854377442892379e+04 -3.9555133173567963e+04 7.7176025429903839e+03 0.0000000000000000e+00 03300
 -1.9467098105491266e+02 -1.7268458509066562e+02 6.3547288005514986e+01 0.0000000000000000e+00 20400
 2.2929059721624744e+03 -2.9427154193012264e+01 5.0428539073667145e+02 0.0000000000000000e+00 11400
 2.4347919952310558e+03 -2.4241749599940345e+03 -4.3751725434916816e+03 0.0000000000000000e+00 02400
 5.4530001285727792e+01 -3.8590727860181181e+02 1.9218963959242859e+02 0.0000000000000000e+00 10500
 -2.6956890668991758e+02 -1.5285229042140259e+03 1.4556256310668832e+03 0.0000000000000000e+00 01500
 -1.9463069175921467e+02 -9.2467683939792224e+01 7.1118988399640584e+00 0.0000000000000000e+00 00600
 2.2954222090620774e+03 2.1081314657466407e+02 -2.1764358037114839e+01 0.0000000000000000e+00 50010
 -5.5497305253175677e+04 -1.0085469812727308e+04 -2.1848041724966974e+03 0.0000000000000000e+00 41010
 4.5508156691097777e+05 1.6573978043625402e+05 7.8118446463254091e+04 0.0000000000000000e+00 32010
 -1.8445565759015107e+06 -8.3870139972907933e+05 -9.2831441416275117e+05 0.0000000000000000e+00 23010
 5.5569352214104375e+06 -3.9061750492038525e+05 4.5175047778240154e+06 0.0000000000000000e+00 14010
 -6.1969785922022350e+06 8.1872671801622184e+06 -8.0219785320725730e+06 0.0000000000000000e+00 05010
 -3.2699917489226164e+03 2.0585591741212597e+03 4.8292139217820306e+02 0.0000000000000000e+00 40110
 8.1261542401720653e+04 -4.2299331358460731e+04 3.6675505499781248e+03 0.0000000000000000e+00 31110
 -6.3026281883782509e+05 1.7991378516088668e+05 -1.0644247279634151e+05 0.0000000000000000e+00 22110
 1.3711921342767775e+06 -1.0040793922007487e+05 2.5066258032576216e+05 0.0000000000000000e+00 13110
 9.2457964986185206e+05 6.1591896350124654e+04 1.0500151545240448e+06 0.0000000000000000e+00 04110
 7.0907379739027547e+03 -1.2772215948783312e+03 -1.3571355160965829e+03 0.0000000000000000e+00 30210
 -8.6703156327803052e+04 1.6107325391201528e+04 -1.0833049874223318e+04 0.0000000000000000e+00 21210
 6.3461035714099242e+05 5.3435436469786067e+05 1.2573476834978511e+05 0.0000000000000000e+00 12210
 -2.3727411336378744e+06 -1.0061158520958781e+06 -2.7426787897257000e+05 0.0000000000000000e+00 03210
 -1.1799954280726295e+03 5.6806470365507939e+03 -7.9468563698462128e+02 0.0000000000000000e+00 20310
 -4.0891319066377000e+04 -2.8834145899378953e+04 -1.6424270614632096e+04 0.0000000000000000e+00 11310
 -7.9072544403793232e+04 1.4902025419338327e+05 1.2152452731720955e+05 0.0000000000000000e+00 02310
 8.2533918423528339e+03 -1.5034520881042650e+02 -4.3191640571822518e+01 0.0000000000000000e+00 10410
 -1.8863092822932100e+04 -4.9180701515424538e+04 2.5420435527221842e+04 0.0000000000000000e+00 01410
 1.2799273527747193e+04 1.6842574186581624e+03 7.8118209079155690e+02 0.0000000000000000e+00 00510
 2.7201044508040253e+04 -3.6585549248138777e+04 -5.6187923805438832e+03 0.0000000000000000e+00 40020
 -5.3457664758977271e+05 7.0811527752721380e+05 1.0861259328455167e+05 0.0000000000000000e+00 31020
 2.2090704031937080e+06 -3.5879171756935688e+06 -1.0936537986708342e+06 0.0000000000000000e+00 22020
 1.1718510962963328e+07 1.0231506975322893e+06 7.7357001703443052e+06 0.0000000000000000e+00 13020
 -6.6246587982335597e+07 1.5254187392836029e+07 -2.3848616947597649e+07 0.0000000000000000e+00 04020
 -6.0092442159890314e+04 3.2378025964600605e+04 2.3800689563292624e+04 0.0000000000000000e+00 30120
 6.9900477302951354e+05 -8.4945334925744706e+05 3.1728989858049685e+04 0.0000000000000000e+00 21120
 -3.9193213737636725e+06 -4.5114248835194297e+06 -1.3849877381843692e+06 0.0000000000000000e+00 12120
 9.3970243914998546e+06 2.0563213557416037e+07 4.2858444319810476e+06 0.0000000000000000e+00 03120
 7.1811092780053368e+04 -5.3666485064661487e+04 -1.4978345318023938e+04 0.0000000000000000e+00 20220
 8.5001967646250001e+05 9.4017638023923559e+05 -1.9615905181626462e+04 0.0000000000000000e+00 11220
 -2.9009579991177469e+06 -1.9795063798911567e+06 -9.8746122834173206e+05 0.0000000000000000e+00 02220
 -1.9657685430933471e+05 1.9243868363279523e+05 -1.6348866828865948e+05 0.0000000000000000e+00 10320
 -2.2417991798671006e+05 8.8814371695258014e+05 -6.2344010383166547e+05 0.0000000000000000e+00 01320
 -1.8071138940161644e+05 -1.6924050433705002e+05 7.8309829598739307e+04 0.0000000000000000e+00 00420
 1.9053550703602465e+05 5.1941629336728867e+04 -1.8409336677367211e+05 0.0000000000000000e+00 30030
 -1.9247195321415022e+06 2.6380981510428380e+05 2.2028460942556034e+06 0.0000000000000000e+00 21030
 -3.3476310364004951e+06 4.1875198950001657e+07 -3.8027409313945076e+06 0.0000000000000000e+00 12030
 7.1551002562442839e+07 -1.6116602287151468e+08 -1.5023545859830918e+07 0.0000000000000000e+00 03030
 -4.1611845846637723e+05 -2.2886992292727862e+05 7.4640753399661114e+05 0.0000000000000000e+00 20130
 -1.3968021462630477e+07 -4.3652540541261649e+06 -4.4156805891635399e+06 0.0000000000000000e+00 11130
 6.9882441335427552e+07 -1.1221202699666830e+07 2.8337686590994686e+07 0.0000000000000000e+00 02130
 1.9889622862935311e+06 -4.0591976847865171e+05 1.9780915759509753e+06 0.0000000000000000e+00 10230
 6.3930349040885698e+06 -2.2195868198938370e+06 2.8935016835582424e+06 0.0000000000000000e+00 01230
 1.1813746597448087e+06 4.3705206489880001e+06 -2.5549874695897810e+06 0.0000000000000000e+00 00330
 -1.1552590913406629e+06 5.3068439880931498e+06 -5.4262709357344862e+06 0.0000000000000000e+00 20040
 8.1069024669848338e+07 -3.3515261780571900e+07 5.1196361729730852e+07 0.0000000000000000e+00 11040
 -3.6960616160924542e+08 2.1143800153461888e+08 -2.4316426496300870e+08 0.0000000000000000e+00 02040
 -1.1756448546047399e+07 -2.0533582028290499e+07 -4.3519493696704842e+06 0.0000000000000000e+00 10140
 -2.2751327052073121e+07 2.6366280288719116e+06 -1.4162581510272479e+07 0.0000000000000000e+00 01140
 -1.9363126811445829e+07 -3.7090577293260016e+07 2.2565394573725864e+07 0.0000000000000000e+00 00240
 2.9848162694131803e+07 1.1023072399166507e+08 -1.5252919703852888e+07 0.0000000000000000e+00 10050
 -1.0727317118104456e+07 -9.2987901062043414e+07 9.5290975361485928e+07 0.0000000000000000e+00 01050
 2.1803271228989980e+08 9.7173502507021248e+07 -5.1179409059095852e+07 0.0000000000000000e+00 00150
 -7.3622542270765340e+08 4.2321229967358381e+07 -8.8362755307634771e+07 0.0000000000000000e+00 00060
 1.1258424199999999e+00 0.0000000000000000e+00 0.0000000000000000e+00 7.6817769999999996e-01 00001
 -3.3092960599999999e+00 0.0000000000000000e+00 0.0000000000000000e+00 -1.2482495400000000e+00 10001
 9.5582156000000005e+00 0.0000000000000000e+00 0.0000000000000000e+00 7.1898036500000000e+00 01001
 -1.2807550800000000e+01 0.0000000000000000e+00 0.0000000000000000e+00 -1.7948002400000000e+00 00002
 3.1328287000000000e+01 0.0000000000000000e+00 0.0000000000000000e+00 4.3097902599999998e+00 20001
 -3.6635859399999998e+02 0.0000000000000000e+00 0.0000000000000000e+00 -4.7514103499999997e+01 11001
 1.2812726399999999e+03 0.0000000000000000e+00 0.0000000000000000e+00 1.2740499699999999e+02 02001
 8.4649294600000005e+00 0.0000000000000000e+00 0.0000000000000000e+00 1.5213236200000000e+00 00201
 -2.1218133200000000e+02 0.0000000000000000e+00 0.0000000000000000e+00 -4.4842024199999997e+01 00111
 8.6216804499999995e+01 0.0000000000000000e+00 0.0000000000000000e+00 1.3903586900000001e+01 10002
 -2.0237557699999999e+02 0.0000000000000000e+00 0.0000000000000000e+00 -7.5177002500000000e+01 01002
 1.2924057499999999e+03 0.0000000000000000e+00 0.0000000000000000e+00 3.3294530099999997e+02 00021
 1.5246574300000000e+02 4.1239841799999999e+02 -1.1855168000000000e+02 0.0000000000000000e+00 00012
 5.6814234300000003e+01 0.0000000000000000e+00 0.0000000000000000e+00 1.5595186500000001e+01 00003
 -1.1109064100000001e+02 0.0000000000000000e+00 0.0000000000000000e+00 -1.5717735800000000e+01 30001
 1.3012309000000000e+03 0.0000000000000000e+00 0.0000000000000000e+00 2.4992499500000000e+02 21001
 -3.3776413699999998e+03 0.0000000000000000e+00 0.0000000000000000e+00 -1.2056100300000001e+03 12001
 -1.0805725299999999e+03 0.0000000000000000e+00 0.0000000000000000e+00 1.6507063800000001e+03 03001
 -2.0675836699999999e+02 0.0000000000000000e+00 0.0000000000000000e+00 -8.6394541199999999e+00 10201
 1.2861228000000001e+03 0.0000000000000000e+00 0.0000000000000000e+00 5.1734533999999996e+01 01201
 4.5738898999999998e+02 0.0000000000000000e+00 0.0000000000000000e+00 2.4632876999999999e+02 10111
 3.1552100700000000e+02 0.0000000000000000e+00 0.0000000000000000e+00 -1.4688802499999999e+03 01111
 -2.8637608399999999e+00 0.0000000000000000e+00 0.0000000000000000e+00 -7.7696205800000001e+01 20002
 -2.8453250400000002e+02 0.0000000000000000e+00 0.0000000000000000e+00 8.0826721799999996e+02 11002
 -5.4968678599999997e+01 0.0000000000000000e+00 0.0000000000000000e+00 -1.8872739300000001e+03 02002
 -8.9490322900000001e+02 0.0000000000000000e+00 0.0000000000000000e+00 -1.3172162699999999e+01 00202
 -5.8186814800000001e+01 0.0000000000000000e+00 0.0000000000000000e+00 -1.7587238100000000e+03 10021
 2.8100110300000001e+01 0.0000000000000000e+00 0.0000000000000000e+00 1.0443614200000000e+04 01021
 2.4986902400000002e+01 0.0000000000000000e+00 0.0000000000000000e+00 3.7717688900000002e+02 00112
 -4.7104892700000001e+00 0.0000000000000000e+00 0.0000000000000000e+00 -1.7433297400000001e+02 10003
 -9.4935661400000004e-01 0.0000000000000000e+00 0.0000000000000000e+00 8.9351807699999995e+02 01003
 5.9109615599999996e+00 0.0000000000000000e+00 0.0000000000000000e+00 -2.7085707800000000e+03 00022
 1.0590745000000000e-01 0.0000000000000000e+00 0.0000000000000000e+00 -1.4915634900000001e+02 00004
 7.4420433400000000e-02 0.0000000000000000e+00 0.0000000000000000e+00 0.0000000000000000e+00 00101
 -9.3204445700000005e-01 0.0000000000000000e+00 0.0000000000000000e+00 0.0000000000000000e+00 00011
 2.8452158100000000e+00 0.0000000000000000e+00 0.0000000000000000e+00 0.0000000000000000e+00 10101
 -2.5439373000000000e+01 0.0000000000000000e+00 0.0000000000000000e+00 0.0000000000000000e+00 01101
 1.3705155500000000e+01 0.0000000000000000e+00 0.0000000000000000e+00 0.0000000000000000e+00 10011
 -7.2542508699999999e+01 0.0000000000000000e+00 0.0000000000000000e+00 0.0000000000000000e+00 01011
 1.1188551900000000e+01 0.0000000000000000e+00 0.0000000000000000e+00 0.0000000000000000e+00 00102
 -2.9857603999999998e+01 0.0000000000000000e+00 0.0000000000000000e+00 0.0000000000000000e+00 20101
 2.5760759400000001e+02 0.0000000000000000e+00 0.0000000000000000e+00 0.0000000000000000e+00 11101
 2.2280062200000000e+02 0.0000000000000000e+00 0.0000000000000000e+00 0.0000000000000000e+00 02101
 -5.7470399800000003e+00 0.0000000000000000e+00 0.0000000000000000e+00 0.0000000000000000e+00 00301
 -5.8377417100000002e+01 0.0000000000000000e+00 0.0000000000000000e+00 0.0000000000000000e+00 20011
 -7.5798640700000007e+01 0.0000000000000000e+00 0.0000000000000000e+00 0.0000000000000000e+00 11011
 -2.0030666900000000e+01 0.0000000000000000e+00 0.0000000000000000e+00 0.0000000000000000e+00 02011
 8.1569985000000003e+01 0.0000000000000000e+00 0.0000000000000000e+00 0.0000000000000000e+00 00211
 3.9907235700000001e+01 0.0000000000000000e+00 0.0000000000000000e+00 0.0000000000000000e+00 10102
 2.6133789799999999e+01 0.0000000000000000e+00 0.0000000000000000e+00 0.0000000000000000e+00 01102
 1.1102801200000000e+01 0.0000000000000000e+00 0.0000000000000000e+00 0.0000000000000000e+00 00121
 1.5806418400000000e+01 0.0000000000000000e+00 0.0000000000000000e+00 0.0000000000000000e+00 10012
 2.5233279000000000e+00 0.0000000000000000e+00 0.0000000000000000e+00 0.0000000000000000e+00 01012
 1.4961163900000001e+00 0.0000000000000000e+00 0.0000000000000000e+00 0.0000000000000000e+00 00103
 2.9442717200000001e+00 0.0000000000000000e+00 0.0000000000000000e+00 0.0000000000000000e+00 00031
 1.9644430600000001e-01 0.0000000000000000e+00 0.0000000000000000e+00 0.0000000000000000e+00 00013
 1.6957368000000000e+02 0.0000000000000000e+00 0.0000000000000000e+00 0.0000000000000000e+00 40001
 -1.1884030900000000e+03 0.0000000000000000e+00 0.0000000000000000e+00 0.0000000000000000e+00 31001
 -2.5640085899999999e+03 0.0000000000000000e+00 0.0000000000000000e+00 0.0000000000000000e+00 22001
 -7.9612626599999999e+02 0.0000000000000000e+00 0.0000000000000000e+00 0.0000000000000000e+00 13001
 -1.7013585599999999e+02 0.0000000000000000e+00 0.0000000000000000e+00 0.0000000000000000e+00 04001
 2.5273732400000000e+01 0.0000000000000000e+00 0.0000000000000000e+00 0.0000000000000000e+00 30101
 -3.0211779799999999e+02 0.0000000000000000e+00 0.0000000000000000e+00 0.0000000000000000e+00 21101
 1.0508874799999999e+01 0.0000000000000000e+00 0.0000000000000000e+00 0.0000000000000000e+00 12101
 1.7954560900000001e+01 0.0000000000000000e+00 0.0000000000000000e+00 0.0000000000000000e+00 03101
 3.9304286900000000e+02 0.0000000000000000e+00 0.0000000000000000e+00 0.0000000000000000e+00 20201
 -2.6547935800000000e+03 0.0000000000000000e+00 0.0000000000000000e+00 0.0000000000000000e+00 11201
 -6.7520795899999996e+02 0.0000000000000000e+00 0.0000000000000000e+00 0.0000000000000000e+00 02201
 3.1537455800000000e+01 0.0000000000000000e+00 0.0000000000000000e+00 0.0000000000000000e+00 10301
 -6.6287274900000000e+01 0.0000000000000000e+00 0.0000000000000000e+00 0.0000000000000000e+00 01301
 1.1048366800000000e+01 0.0000000000000000e+00 0.0000000000000000e+00 0.0000000000000000e+00 00401
 5.3995273300000001e+01 0.0000000000000000e+00 0.0000000000000000e+00 0.0000000000000000e+00 30011
 1.9851422299999999e+01 0.0000000000000000e+00 0.0000000000000000e+00 0.0000000000000000e+00 21011
 6.9951277899999997e+00 0.0000000000000000e+00 0.0000000000000000e+00 0.0000000000000000e+00 12011
 2.0305896899999998e+00 0.0000000000000000e+00 0.0000000000000000e+00 0.0000000000000000e+00 03011
 -4.1475572199999999e+02 0.0000000000000000e+00 0.0000000000000000e+00 0.0000000000000000e+00 20111
 -2.4292429500000000e+02 0.0000000000000000e+00 0.0000000000000000e+00 0.0000000000000000e+00 11111
 -5.3283176900000001e+01 0.0000000000000000e+00 0.0000000000000000e+00 0.0000000000000000e+00 02111
 1.4085442600000000e+01 0.0000000000000000e+00 0.0000000000000000e+00 0.0000000000000000e+00 10211
 -7.1897002499999996e+00 0.0000000000000000e+00 0.0000000000000000e+00 0.0000000000000000e+00 01211
 4.6617528200000002e+01 0.0000000000000000e+00 0.0000000000000000e+00 0.0000000000000000e+00 00311
 3.2702350999999999e+02 0.0000000000000000e+00 0.0000000000000000e+00 0.0000000000000000e+00 30002
 -4.6760376399999998e+01 0.0000000000000000e+00 0.0000000000000000e+00 0.0000000000000000e+00 21002
 -1.3113077600000000e+01 0.0000000000000000e+00 0.0000000000000000e+00 0.0000000000000000e+00 12002
 -2.1460877500000000e+00 0.0000000000000000e+00 0.0000000000000000e+00 0.0000000000000000e+00 03002
 -4.0516263400000003e+02 0.0000000000000000e+00 0.0000000000000000e+00 0.0000000000000000e+00 20102
 -3.7832739400000001e+01 0.0000000000000000e+00 0.0000000000000000e+00 0.0000000000000000e+00 11102
 -3.2861643300000001e+00 0.0000000000000000e+00 0.0000000000000000e+00 0.0000000000000000e+00 02102
 -7.9775662299999999e+02 0.0000000000000000e+00 0.0000000000000000e+00 0.0000000000000000e+00 10202
 -1.0025346300000000e+02 0.0000000000000000e+00 0.0000000000000000e+00 0.0000000000000000e+00 01202
 -5.8149400000000000e+01 0.0000000000000000e+00 0.0000000000000000e+00 0.0000000000000000e+00 00302
 -4.9721882500000000e+01 0.0000000000000000e+00 0.0000000000000000e+00 0.0000000000000000e+00 20021
 -2.3494000000000000e+01 0.0000000000000000e+00 0.0000000000000000e+00 0.0000000000000000e+00 11021
 -4.6306529500000000e+00 0.0000000000000000e+00 0.0000000000000000e+00 0.0000000000000000e+00 02021
 -7.0125265800000003e+00 0.0000000000000000e+00 0.0000000000000000e+00 0.0000000000000000e+00 10121
 -1.6612841400000000e+00 0.0000000000000000e+00 0.0000000000000000e+00 0.0000000000000000e+00 01121
 8.9976115900000000e+00 0.0000000000000000e+00 0.0000000000000000e+00 0.0000000000000000e+00 00221
 -2.6915856399999999e+01 0.0000000000000000e+00 0.0000000000000000e+00 0.0000000000000000e+00 20012
 -2.9374057699999998e+00 0.0000000000000000e+00 0.0000000000000000e+00 0.0000000000000000e+00 11012
 -2.8169995599999997e-01 0.0000000000000000e+00 0.0000000000000000e+00 0.0000000000000000e+00 02012
 -4.4261380600000003e+01 0.0000000000000000e+00 0.0000000000000000e+00 0.0000000000000000e+00 10112
 -5.1887392600000002e+00 0.0000000000000000e+00 0.0000000000000000e+00 0.0000000000000000e+00 01112
 -2.3091301500000001e+00 0.0000000000000000e+00 0.0000000000000000e+00 0.0000000000000000e+00 00212
 1.2974281100000001e+01 0.0000000000000000e+00 0.0000000000000000e+00 0.0000000000000000e+00 20003
 1.2986379400000001e+00 0.0000000000000000e+00 0.0000000000000000e+00 0.0000000000000000e+00 11003
 1.7931982099999999e-01 0.0000000000000000e+00 0.0000000000000000e+00 0.0000000000000000e+00 02003
 3.5963604300000002e-01 0.0000000000000000e+00 0.0000000000000000e+00 0.0000000000000000e+00 10103
 -6.8600012500000002e-02 0.0000000000000000e+00 0.0000000000000000e+00 0.0000000000000000e+00 01103
 4.7989772600000002e-01 0.0000000000000000e+00 0.0000000000000000e+00 0.0000000000000000e+00 00203
 -1.5183764099999999e+00 0.0000000000000000e+00 0.0000000000000000e+00 0.0000000000000000e+00 10031
 -2.5950537600000001e-01 0.0000000000000000e+00 0.0000000000000000e+00 0.0000000000000000e+00 01031
 1.2137887100000000e+00 0.0000000000000000e+00 0.0000000000000000e+00 0.0000000000000000e+00 00131
 -3.8339448699999998e+00 0.0000000000000000e+00 0.0000000000000000e+00 0.0000000000000000e+00 10022
 -4.4880310099999998e-01 0.0000000000000000e+00 0.0000000000000000e+00 0.0000000000000000e+00 01022
 4.3274224600000001e-02 0.0000000000000000e+00 0.0000000000000000e+00 0.0000000000000000e+00 00122
 4.3379578000000002e-02 0.0000000000000000e+00 0.0000000000000000e+00 0.0000000000000000e+00 10013
 3.8101713399999999e-04 0.0000000000000000e+00 0.0000000000000000e+00 0.0000000000000000e+00 01013
 7.1732702300000006e-02 0.0000000000000000e+00 0.0000000000000000e+00 0.0000000000000000e+00 00113
 4.0493515200000002e-03 0.0000000000000000e+00 0.0000000000000000e+00 0.0000000000000000e+00 10004
 -7.0401424799999997e-04 0.0000000000000000e+00 0.0000000000000000e+00 0.0000000000000000e+00 01004
 4.1771769200000001e-03 0.0000000000000000e+00 0.0000000000000000e+00 0.0000000000000000e+00 00104
 2.6521246799999998e-01 0.0000000000000000e+00 0.0000000000000000e+00 0.0000000000000000e+00 00041
 3.4293861799999999e-02 0.0000000000000000e+00 0.0000000000000000e+00 0.0000000000000000e+00 00032
 2.7421903000000001e-02 0.0000000000000000e+00 0.0000000000000000e+00 0.0000000000000000e+00 00023
 3.8234677400000002e-03 0.0000000000000000e+00 0.0000000000000000e+00 0.0000000000000000e+00 00014
 1.4659581000000001e-03 0.0000000000000000e+00 0.0000000000000000e+00 0.0000000000000000e+00 00005
 -2.2197897499999999e+02 0.0000000000000000e+00 0.0000000000000000e+00 0.0000000000000000e+00 50001
 2.0814843300000002e+03 0.0000000000000000e+00 0.0000000000000000e+00 0.0000000000000000e+00 41001
 -4.3056093600000003e+02 0.0000000000000000e+00 0.0000000000000000e+00 0.0000000000000000e+00 32001
 -2.1805028799999999e+02 0.0000000000000000e+00 0.0000000000000000e+00 0.0000000000000000e+00 23001
 -5.5584450099999998e+01 0.0000000000000000e+00 0.0000000000000000e+00 0.0000000000000000e+00 14001
 -1.1364256800000000e+01 0.0000000000000000e+00 0.0000000000000000e+00 0.0000000000000000e+00 05001
 1.0843246300000000e+02 0.0000000000000000e+00 0.0000000000000000e+00 0.0000000000000000e+00 40101
 -9.3186493399999995e+02 0.0000000000000000e+00 0.0000000000000000e+00 0.0000000000000000e+00 31101
 -1.9297715800000000e+02 0.0000000000000000e+00 0.0000000000000000e+00 0.0000000000000000e+00 22101
 -2.8647338300000001e+01 0.0000000000000000e+00 0.0000000000000000e+00 0.0000000000000000e+00 13101
 -3.4101753399999999e+00 0.0000000000000000e+00 0.0000000000000000e+00 0.0000000000000000e+00 04101
 6.1327849800000003e+01 0.0000000000000000e+00 0.0000000000000000e+00 0.0000000000000000e+00 30201
 -4.3628918599999999e+01 0.0000000000000000e+00 0.0000000000000000e+00 0.0000000000000000e+00 21201
 -4.7152181900000002e+01 0.0000000000000000e+00 0.0000000000000000e+00 0.0000000000000000e+00 12201
 -1.4919883000000000e+01 0.0000000000000000e+00 0.0000000000000000e+00 0.0000000000000000e+00 03201
 5.8831090099999997e+01 0.0000000000000000e+00 0.0000000000000000e+00 0.0000000000000000e+00 20301
 -3.6337865000000001e+01 0.0000000000000000e+00 0.0000000000000000e+00 0.0000000000000000e+00 11301
 -8.0151232799999992e+00 0.0000000000000000e+00 0.0000000000000000e+00 0.0000000000000000e+00 02301
 -1.0494428700000000e+02 0.0000000000000000e+00 0.0000000000000000e+00 0.0000000000000000e+00 10401
 3.4771335299999997e+01 0.0000000000000000e+00 0.0000000000000000e+00 0.0000000000000000e+00 01401
 -1.2228812499999999e+02 0.0000000000000000e+00 0.0000000000000000e+00 0.0000000000000000e+00 00501
 -7.7545342300000002e+01 0.0000000000000000e+00 0.0000000000000000e+00 0.0000000000000000e+00 40011
 -6.4131444900000005e+01 0.0000000000000000e+00 0.0000000000000000e+00 0.0000000000000000e+00 31011
 -1.3985750500000000e+01 0.0000000000000000e+00 0.0000000000000000e+00 0.0000000000000000e+00 22011
 -2.3365408200000002e+00 0.0000000000000000e+00 0.0000000000000000e+00 0.0000000000000000e+00 13011
 -3.4059649100000000e-01 0.0000000000000000e+00 0.0000000000000000e+00 0.0000000000000000e+00 04011
 2.9339419400000001e+01 0.0000000000000000e+00 0.0000000000000000e+00 0.0000000000000000e+00 30111
 4.8114933100000002e+01 0.0000000000000000e+00 0.0000000000000000e+00 0.0000000000000000e+00 21111
 9.5017492400000005e+00 0.0000000000000000e+00 0.0000000000000000e+00 0.0000000000000000e+00 12111
 1.3883754100000001e+00 0.0000000000000000e+00 0.0000000000000000e+00 0.0000000000000000e+00 03111
 5.2479251499999997e+01 0.0000000000000000e+00 0.0000000000000000e+00 0.0000000000000000e+00 20211
 3.8005874199999998e+00 0.0000000000000000e+00 0.0000000000000000e+00 0.0000000000000000e+00 11211
 2.3455513600000000e-01 0.0000000000000000e+00 0.0000000000000000e+00 0.0000000000000000e+00 02211
 3.9580808500000003e+01 0.0000000000000000e+00 0.0000000000000000e+00 0.0000000000000000e+00 10311
 1.5256354200000001e+01 0.0000000000000000e+00 0.0000000000000000e+00 0.0000000000000000e+00 01311
 -7.2808032699999998e+00 0.0000000000000000e+00 0.0000000000000000e+00 0.0000000000000000e+00 00411
 -5.9749734599999999e+02 0.0000000000000000e+00 0.0000000000000000e+00 0.0000000000000000e+00 40002
 -1.0272174900000000e+02 0.0000000000000000e+00 0.0000000000000000e+00 0.0000000000000000e+00 31002
 -1.5368110700000001e+01 0.0000000000000000e+00 0.0000000000000000e+00 0.0000000000000000e+00 22002
 -2.1720831600000001e+00 0.0000000000000000e+00 0.0000000000000000e+00 0.0000000000000000e+00 13002
 -2.7460926400000002e-01 0.0000000000000000e+00 0.0000000000000000e+00 0.0000000000000000e+00 04002
 1.0683798299999999e+02 0.0000000000000000e+00 0.0000000000000000e+00 0.0000000000000000e+00 30102
 1.2376615800000000e+01 0.0000000000000000e+00 0.0000000000000000e+00 0.0000000000000000e+00 21102
 1.4653033000000000e+00 0.0000000000000000e+00 0.0000000000000000e+00 0.0000000000000000e+00 12102
 1.8539329299999999e-01 0.0000000000000000e+00 0.0000000000000000e+00 0.0000000000000000e+00 03102
 1.1888713100000000e+01 0.0000000000000000e+00 0.0000000000000000e+00 0.0000000000000000e+00 20202
 -2.5566998800000000e+00 0.0000000000000000e+00 0.0000000000000000e+00 0.0000000000000000e+00 11202
 -8.6380901700000001e-01 0.0000000000000000e+00 0.0000000000000000e+00 0.0000000000000000e+00 02202
 1.8804701399999999e+01 0.0000000000000000e+00 0.0000000000000000e+00 0.0000000000000000e+00 10302
 2.4966757999999998e+00 0.0000000000000000e+00 0.0000000000000000e+00 0.0000000000000000e+00 01302
 -3.9308849700000001e+00 0.0000000000000000e+00 0.0000000000000000e+00 0.0000000000000000e+00 00402
 1.2703465100000001e+01 0.0000000000000000e+00 0.0000000000000000e+00 0.0000000000000000e+00 30021
 7.9618751600000000e+00 0.0000000000000000e+00 0.0000000000000000e+00 0.0000000000000000e+00 21021
 1.6098250700000001e+00 0.0000000000000000e+00 0.0000000000000000e+00 0.0000000000000000e+00 12021
 2.5756567499999999e-01 0.0000000000000000e+00 0.0000000000000000e+00 0.0000000000000000e+00 03021
 5.9357450700000003e+00 0.0000000000000000e+00 0.0000000000000000e+00 0.0000000000000000e+00 20121
 6.7934845300000002e-01 0.0000000000000000e+00 0.0000000000000000e+00 0.0000000000000000e+00 11121
 7.5755015100000003e-02 0.0000000000000000e+00 0.0000000000000000e+00 0.0000000000000000e+00 02121
 7.3629458100000003e+00 0.0000000000000000e+00 0.0000000000000000e+00 0.0000000000000000e+00 10221
 2.3008013500000000e+00 0.0000000000000000e+00 0.0000000000000000e+00 0.0000000000000000e+00 01221
 -1.1838300700000000e-01 0.0000000000000000e+00 0.0000000000000000e+00 0.0000000000000000e+00 00321
 1.4425814500000000e+01 0.0000000000000000e+00 0.0000000000000000e+00 0.0000000000000000e+00 30012
 1.5265816299999999e+00 0.0000000000000000e+00 0.0000000000000000e+00 0.0000000000000000e+00 21012
 1.6302881699999999e-01 0.0000000000000000e+00 0.0000000000000000e+00 0.0000000000000000e+00 12012
 1.7168950900000000e-02 0.0000000000000000e+00 0.0000000000000000e+00 0.0000000000000000e+00 03012
 1.5074373400000001e+01 0.0000000000000000e+00 0.0000000000000000e+00 0.0000000000000000e+00 20112
 1.6070658300000000e+00 0.0000000000000000e+00 0.0000000000000000e+00 0.0000000000000000e+00 11112
 1.6646502299999999e-01 0.0000000000000000e+00 0.0000000000000000e+00 0.0000000000000000e+00 02112
 2.2880329700000002e+00 0.0000000000000000e+00 0.0000000000000000e+00 0.0000000000000000e+00 10212
 2.6541344900000002e-01 0.0000000000000000e+00 0.0000000000000000e+00 0.0000000000000000e+00 01212
 3.2668393000000000e+00 0.0000000000000000e+00 0.0000000000000000e+00 0.0000000000000000e+00 00312
 -1.4469480500000000e+00 0.0000000000000000e+00 0.0000000000000000e+00 0.0000000000000000e+00 30003
 -3.0155182100000000e-01 0.0000000000000000e+00 0.0000000000000000e+00 0.0000000000000000e+00 21003
 -9.7940595800000002e-02 0.0000000000000000e+00 0.0000000000000000e+00 0.0000000000000000e+00 12003
 -2.1887463300000000e-02 0.0000000000000000e+00 0.0000000000000000e+00 0.0000000000000000e+00 03003
 2.1373127700000000e-01 0.0000000000000000e+00 0.0000000000000000e+00 0.0000000000000000e+00 20103
 -4.2487175700000003e-03 0.0000000000000000e+00 0.0000000000000000e+00 0.0000000000000000e+00 11103
 -2.6398123599999999e-03 0.0000000000000000e+00 0.0000000000000000e+00 0.0000000000000000e+00 02103
 -3.9033618199999998e-01 0.0000000000000000e+00 0.0000000000000000e+00 0.0000000000000000e+00 10203
 -2.2056344900000000e-02 0.0000000000000000e+00 0.0000000000000000e+00 0.0000000000000000e+00 01203
 -2.5206106999999998e-02 0.0000000000000000e+00 0.0000000000000000e+00 0.0000000000000000e+00 00303
 8.3539572600000001e-01 0.0000000000000000e+00 0.0000000000000000e+00 0.0000000000000000e+00 20031
 1.0108242400000000e-01 0.0000000000000000e+00 0.0000000000000000e+00 0.0000000000000000e+00 11031
 1.1382651500000000e-02 0.0000000000000000e+00 0.0000000000000000e+00 0.0000000000000000e+00 02031
 9.6753924199999997e-01 0.0000000000000000e+00 0.0000000000000000e+00 0.0000000000000000e+00 10131
 2.8394057299999997e-01 0.0000000000000000e+00 0.0000000000000000e+00 0.0000000000000000e+00 01131
 7.0409468399999994e-02 0.0000000000000000e+00 0.0000000000000000e+00 0.0000000000000000e+00 00231
 1.9662115200000001e+00 0.0000000000000000e+00 0.0000000000000000e+00 0.0000000000000000e+00 20022
 2.1192966199999999e-01 0.0000000000000000e+00 0.0000000000000000e+00 0.0000000000000000e+00 11022
 2.2229702000000000e-02 0.0000000000000000e+00 0.0000000000000000e+00 0.0000000000000000e+00 02022
 1.9217672799999999e-01 0.0000000000000000e+00 0.0000000000000000e+00 0.0000000000000000e+00 10122
 2.0842935900000002e-02 0.0000000000000000e+00 0.0000000000000000e+00 0.0000000000000000e+00 01122
 4.0919772199999999e-01 0.0000000000000000e+00 0.0000000000000000e+00 0.0000000000000000e+00 00222
 1.1620879799999999e-02 0.0000000000000000e+00 0.0000000000000000e+00 0.0000000000000000e+00 20013
 -8.6175197900000000e-04 0.0000000000000000e+00 0.0000000000000000e+00 0.0000000000000000e+00 11013
 -3.6803400800000002e-04 0.0000000000000000e+00 0.0000000000000000e+00 0.0000000000000000e+00 02013
 -3.0559588299999999e-02 0.0000000000000000e+00 0.0000000000000000e+00 0.0000000000000000e+00 10113
 7.9282077300000002e-04 0.0000000000000000e+00 0.0000000000000000e+00 0.0000000000000000e+00 01113
 -1.0358131200000000e-03 0.0000000000000000e+00 0.0000000000000000e+00 0.0000000000000000e+00 00213
 -3.1766529600000003e-02 0.0000000000000000e+00 0.0000000000000000e+00 0.0000000000000000e+00 20004
 -8.6869289399999997e-03 0.0000000000000000e+00 0.0000000000000000e+00 0.0000000000000000e+00 11004
 -1.3033663300000000e-03 0.0000000000000000e+00 0.0000000000000000e+00 0.0000000000000000e+00 02004
 -4.8593005899999998e-03 0.0000000000000000e+00 0.0000000000000000e+00 0.0000000000000000e+00 10104
 -1.8132267699999999e-04 0.0000000000000000e+00 0.0000000000000000e+00 0.0000000000000000e+00 01104
 -2.2531301500000000e-02 0.0000000000000000e+00 0.0000000000000000e+00 0.0000000000000000e+00 00204
 1.0273608300000001e-01 0.0000000000000000e+00 0.0000000000000000e+00 0.0000000000000000e+00 10041
 3.1679181700000003e-02 0.0000000000000000e+00 0.0000000000000000e+00 0.0000000000000000e+00 01041
 1.7740698900000001e-02 0.0000000000000000e+00 0.0000000000000000e+00 0.0000000000000000e+00 00141
 1.2813031600000000e-02 0.0000000000000000e+00 0.0000000000000000e+00 0.0000000000000000e+00 10032
 1.3430987299999999e-03 0.0000000000000000e+00 0.0000000000000000e+00 0.0000000000000000e+00 01032
 4.4265491599999998e-02 0.0000000000000000e+00 0.0000000000000000e+00 0.0000000000000000e+00 00132
 -5.0074566800000003e-03 0.0000000000000000e+00 0.0000000000000000e+00 0.0000000000000000e+00 10023
 -3.6226490100000000e-05 0.0000000000000000e+00 0.0000000000000000e+00 0.0000000000000000e+00 01023
 -1.0084677400000000e-04 0.0000000000000000e+00 0.0000000000000000e+00 0.0000000000000000e+00 00123
 -2.5991156500000000e-04 0.0000000000000000e+00 0.0000000000000000e+00 0.0000000000000000e+00 10014
 -8.6598892899999998e-06 0.0000000000000000e+00 0.0000000000000000e+00 0.0000000000000000e+00 01014
 1.2643326200000000e-04 0.0000000000000000e+00 0.0000000000000000e+00 0.0000000000000000e+00 00114
 -3.7640531699999999e-04 0.0000000000000000e+00 0.0000000000000000e+00 0.0000000000000000e+00 10005
 -4.9526213000000003e-05 0.0000000000000000e+00 0.0000000000000000e+00 0.0000000000000000e+00 01005
 5.0543502499999998e-05 0.0000000000000000e+00 0.0000000000000000e+00 0.0000000000000000e+00 00105
 3.1877867700000001e-03 0.0000000000000000e+00 0.0000000000000000e+00 0.0000000000000000e+00 00051
 4.7427681699999998e-03 0.0000000000000000e+00 0.0000000000000000e+00 0.0000000000000000e+00 00042
 1.0854985800000000e-05 0.0000000000000000e+00 0.0000000000000000e+00 0.0000000000000000e+00 00033
 9.0835490000000001e-05 0.0000000000000000e+00 0.0000000000000000e+00 0.0000000000000000e+00 00024
 3.1187906300000002e-06 0.0000000000000000e+00 0.0000000000000000e+00 0.0000000000000000e+00 00015
 2.3269827100000001e-06 0.0000000000000000e+00 0.0000000000000000e+00 0.0000000000000000e+00 00006
 --------------------------------------------
