! Candidate angular fit; delta and xtar-dependent terms retained from frozen seed.
 --------------------------------------------
 1.1125589383939771e-03 1.3397414862372165e-04 4.8645085605474080e-04 0.0000000000000000e+00 00000
 3.2908938251448500e-01 1.4938964062634364e-02 -5.1385212129753987e-03 2.4527718100000001e-01 10000
 -2.9864373442399308e+00 -1.2411496342112305e-01 3.6510324676076303e-02 1.7923725400000001e-01 01000
 -2.3311070648218205e-03 -4.5474680954824209e-01 2.7918025441091471e-01 1.5762221900000001e-02 00100
 1.1938667456839057e-01 2.4049478796645842e-02 -2.3415820841999468e+00 -2.7748113599999999e-02 00010
 -2.7532545155053939e-01 -2.5090648188350675e-02 8.5965027625065377e-03 -3.1763193899999997e-01 20000
 1.7568930018924565e+00 3.6748801932775479e-02 -3.8705065464098385e-03 3.2294487900000002e+00 11000
 7.5766674691047271e+00 1.0413478515958321e+00 -1.7542666697571191e-01 9.9624983800000000e-01 02000
 -1.5673762279450310e-01 1.4367401313605184e+00 -4.3070183856834543e-01 -6.9868989000000006e-02 10100
 1.4898375833727155e+00 7.6643053784791981e-01 1.2828061096513171e-01 -2.7273720299999998e-01 01100
 -9.9334497197903868e-02 -5.8483355714579771e-02 -2.9515481672323245e-02 -1.7795864400000000e-02 00200
 1.8927308582983984e-01 -2.0105067682304679e+01 5.5438005292032946e+00 -1.7964206399999999e-01 10010
 -2.1849166140896950e+00 -1.6405575445343075e+01 2.2847678371506821e+00 5.1434082800000001e+00 01010
 0.0000000000000000e+00 0.0000000000000000e+00 4.1378674137314619e-01 4.5628469799999999e-01 00110
 0.0000000000000000e+00 -2.5050487469851128e+00 7.0181568826282481e-01 -6.4079203600000003e+00 00020
 1.2869165881914875e+00 1.5287961585342805e-01 -2.7796213030568943e-02 9.3683431900000003e-01 30000
 -2.7036888327410527e+01 -9.3849014498112171e-01 6.1050756821943025e-02 -1.3540589900000001e+01 21000
 1.9855992076139435e+02 -2.3184646722857192e+00 0.0000000000000000e+00 5.1879764199999997e+01 12000
 -5.4119859065614367e+02 2.4809755389191093e+01 2.2605857114750378e+00 -2.0498985000000001e+01 03000
 2.3697515514850997e+00 -4.9524138311520041e+00 1.0908421438102782e+00 -3.1254219399999998e-02 20100
 -2.3474757708201530e+01 5.6407050384401799e+01 -1.1400587986891392e+01 2.8400841199999999e-01 11100
 1.2388464310095408e+01 -1.4144010409541849e+02 2.4136517728901893e+01 3.9556433100000001e+00 02100
 2.6061114326763557e-01 2.5177530402898451e+00 2.1665549676899157e-01 9.5431561099999995e-01 10200
 0.0000000000000000e+00 -2.2894911361997419e+01 0.0000000000000000e+00 -7.0688381700000003e+00 01200
 1.5301433178722799e+00 -1.5250356106406020e+00 6.6598190918070199e-01 -3.5820566700000001e-01 00300
 -1.2136272005531437e+01 6.4289766151281256e+01 -1.5799634795214756e+01 -2.7448817499999998e+00 20010
 1.4741536969034937e+02 -7.5295216615068807e+02 1.6987355855200749e+02 1.0681983600000001e+01 11010
 -2.1089300828621674e+02 1.9652334246477299e+03 -3.7557959879812796e+02 -4.6776265000000002e+01 02010
 -8.2995699595520218e+00 -5.7598662979449180e+01 0.0000000000000000e+00 4.3468718099999998e-01 10110
 0.0000000000000000e+00 4.4532671329848688e+02 -4.2137246720189204e+01 2.5692412099999999e+01 01110
 6.0010434399172556e+00 7.9122996139395440e+01 -1.6057547533541740e+01 -3.1559352000000001e+00 00210
 1.2063215714320047e+02 6.7572483206071567e+01 2.4861637401701522e+01 3.1907757499999999e+01 10020
 -9.6262315685850149e+02 -4.7129414064889494e+02 -5.9815148333216250e+01 -4.6789810199999999e+02 01020
 0.0000000000000000e+00 -1.2585361554959838e+03 2.4532362205328511e+02 3.4179037000000001e+01 00120
 0.0000000000000000e+00 6.0367561638738107e+03 -1.2820867763540809e+03 -7.1508536199999995e+01 00030
 -7.8511633923851942e+00 -2.5778142554932082e-01 0.0000000000000000e+00 -2.3027877499999998e+00 40000
 1.6798763241149845e+02 0.0000000000000000e+00 -9.4869403140201411e-02 5.8024830899999998e+01 31000
 -1.1986548856900095e+03 2.3057014697156632e+01 0.0000000000000000e+00 -4.9156237399999998e+02 22000
 2.8752909312503589e+03 0.0000000000000000e+00 0.0000000000000000e+00 1.7182972100000000e+03 13000
 0.0000000000000000e+00 -6.2915647948949072e+02 -1.0484459483490848e+02 -1.9501040300000000e+03 04000
 -2.4842248026766143e+01 1.0110024391397870e+01 -8.8052653634606293e-01 -1.4621283800000000e+00 30100
 4.3538972449882164e+02 -1.1859870460842359e+02 9.9760967487078016e+00 4.7295753499999996e+01 21100
 -2.6267591441480113e+03 2.2519416016336564e+02 0.0000000000000000e+00 -4.3237295599999999e+02 12100
 5.8111872315706414e+03 8.7234821963463264e+02 -1.2046674058944643e+02 1.3233994800000000e+03 03100
 0.0000000000000000e+00 -3.7318914525851223e+00 -7.3019493078272890e-01 -1.0047251200000000e+00 20200
 0.0000000000000000e+00 0.0000000000000000e+00 0.0000000000000000e+00 1.6743462399999999e+01 11200
 0.0000000000000000e+00 3.9393995688721577e+02 0.0000000000000000e+00 -6.7273158699999996e+01 02200
 -4.2983851581908015e+00 -1.0865164847472188e+01 0.0000000000000000e+00 4.9815545700000001e+00 10300
 0.0000000000000000e+00 -1.7868365438019239e+01 0.0000000000000000e+00 -3.7436718100000000e+01 01300
 0.0000000000000000e+00 9.1609868505942427e-01 0.0000000000000000e+00 3.8352631700000002e+00 00400
 1.5111551047870464e+02 -1.3980837824395797e+02 1.8547532742128713e+01 2.0406354700000001e+01 30010
 -2.0636253451476637e+03 1.7126190785385525e+03 -1.9759830816991447e+02 -5.2187064599999997e+02 21010
 8.5722295167259654e+03 -3.4467295207516422e+03 0.0000000000000000e+00 4.0218560800000000e+03 12010
 -1.5197544305753805e+04 -1.2629187541759435e+04 2.9007018386339491e+03 -1.1081659400000000e+04 03010
 0.0000000000000000e+00 3.2369981368712769e+02 0.0000000000000000e+00 -2.6109065900000001e+01 20110
 1.7058590324221919e+02 -2.9270231281568686e+03 0.0000000000000000e+00 3.4366059500000000e+02 11110
 0.0000000000000000e+00 -1.1337455840917314e+03 1.1342405095817949e+03 -9.7405222100000003e+02 02110
 0.0000000000000000e+00 0.0000000000000000e+00 0.0000000000000000e+00 -3.6510193000000001e+01 10210
 1.8551025155752993e+02 7.3922528875147577e+02 -8.3936781055767170e+01 2.9243684000000002e+02 01210
 0.0000000000000000e+00 0.0000000000000000e+00 0.0000000000000000e+00 -8.4939199799999997e+01 00310
 0.0000000000000000e+00 -1.7792021421445847e+03 0.0000000000000000e+00 4.0636932100000001e+02 20020
 0.0000000000000000e+00 1.1516176660327075e+04 0.0000000000000000e+00 -4.5869649099999997e+03 11020
 -1.3768524478556237e+04 3.0472463811902031e+04 -1.1311371955004881e+04 9.3584628599999996e+03 02020
 8.0685654679119750e+02 1.2558902926571809e+03 4.5345903542411850e+02 6.0264629700000000e+01 10120
 0.0000000000000000e+00 -5.4416560786328000e+03 0.0000000000000000e+00 -6.9720597099999998e+02 01120
 -1.3995610800979838e+02 -6.4844438522944472e+02 1.7897247268936184e+02 7.2697501299999999e+02 00220
 0.0000000000000000e+00 -1.2450508894678411e+04 -5.0361484321868932e+02 5.3606629499999997e+02 10030
 4.6594561550492381e+03 2.8434589823714159e+04 0.0000000000000000e+00 -2.3364836399999999e+03 01030
 0.0000000000000000e+00 1.9527960230462062e+02 0.0000000000000000e+00 -1.6674671400000000e+03 00130
 5.0696016032926518e+03 0.0000000000000000e+00 0.0000000000000000e+00 3.9121164899999999e+03 00040
 2.3044250890150629e+01 -1.1360277807983017e+00 1.1044815471476900e-01 4.9678190300000002e+00 50000
 -3.9294277464816588e+02 9.9764049548857994e+00 0.0000000000000000e+00 -2.1463550799999999e+02 41000
 0.0000000000000000e+00 0.0000000000000000e+00 0.0000000000000000e+00 3.4385126599999999e+03 32000
 3.6573078245721510e+04 0.0000000000000000e+00 0.0000000000000000e+00 -2.7888407800000001e+04 23000
 -2.5264207048054726e+05 -4.6586341596147258e+03 0.0000000000000000e+00 1.1885052899999999e+05 14000
 5.2844133381547849e+05 1.7182183315742022e+04 0.0000000000000000e+00 -2.0979779999999999e+05 05000
 8.3010925665201029e+01 -1.4015015922179154e+01 6.1511908062401414e-03 3.0790796100000000e+00 40100
 -1.4871747851330015e+03 2.0342675157714979e+02 0.0000000000000000e+00 -7.1757031799999993e+01 31100
 6.8990677050253316e+03 0.0000000000000000e+00 0.0000000000000000e+00 1.7523077900000001e+02 22100
 0.0000000000000000e+00 -9.2664274094345110e+03 0.0000000000000000e+00 3.6607079199999998e+03 13100
 -7.2718613885283403e+03 2.9930857826144402e+04 -1.8867693044046464e+03 -1.8679771700000001e+04 04100
 1.7340174732707911e+01 -1.0418880332648458e+01 8.8450967947688108e-01 -9.8292970799999999e+00 30200
 -2.9110615161599100e+01 1.3634849960719870e+02 0.0000000000000000e+00 2.2322339500000001e+02 21200
 -2.5205446122802114e+03 -2.4326258382554821e+02 0.0000000000000000e+00 -1.9345593400000000e+03 12200
 1.2733674359377244e+04 -4.2778412136988682e+03 0.0000000000000000e+00 6.2959604900000004e+03 03200
 0.0000000000000000e+00 0.0000000000000000e+00 0.0000000000000000e+00 7.5324127100000000e+00 20300
 0.0000000000000000e+00 0.0000000000000000e+00 0.0000000000000000e+00 -1.7311873199999999e+02 11300
 6.4334429026953073e+00 -1.5413677560231659e+02 2.8212072269296254e+02 1.0774482200000000e+03 02300
 -3.2412182485209722e+00 3.9566982791167376e+01 0.0000000000000000e+00 -1.1124031400000001e+00 10400
 2.0841878103373411e+01 -4.0704971040743345e+01 0.0000000000000000e+00 -1.0768688200000000e+02 01400
 -2.7674188041475722e-01 2.7325741975174401e+02 -3.1596348448395560e+01 -1.3675491200000001e+00 00500
 -9.5942039295710595e+02 1.7828923299372821e+02 0.0000000000000000e+00 -4.8581986499999999e+01 40010
 1.7277875161749766e+04 -7.9242264286424199e+02 0.0000000000000000e+00 1.9529719100000000e+03 31010
 -8.5738290839673427e+04 -3.2547826669269849e+04 0.0000000000000000e+00 -2.0776508900000001e+04 22010
 0.0000000000000000e+00 3.2940242501414136e+05 0.0000000000000000e+00 7.9440774900000004e+04 13010
 4.7586468661565229e+05 -8.5544250959592639e+05 0.0000000000000000e+00 -7.1841567599999995e+04 04010
 -1.0660573416002907e+02 -3.1520009227815984e+02 0.0000000000000000e+00 6.3779292800000000e+01 30110
 9.9154769997990832e+02 0.0000000000000000e+00 0.0000000000000000e+00 -1.7658266000000001e+03 21110
 0.0000000000000000e+00 6.0142953878824126e+04 0.0000000000000000e+00 1.1961652899999999e+04 12110
 2.3859887012998472e+04 -2.2492909024167043e+05 0.0000000000000000e+00 -3.6062570899999999e+04 03110
 0.0000000000000000e+00 -2.0925904196916517e+02 0.0000000000000000e+00 -8.6987571199999998e+00 20210
 -1.0748386156592628e+03 0.0000000000000000e+00 0.0000000000000000e+00 1.6077307200000000e+03 11210
 -4.4977116686816964e+02 -5.0838084281850506e+03 0.0000000000000000e+00 -1.1675984399999999e+04 02210
 0.0000000000000000e+00 0.0000000000000000e+00 0.0000000000000000e+00 1.6598224700000000e+02 10310
 -2.6104610919317707e+02 4.5427828160858883e+02 -8.3124107331514006e+02 9.4686973100000000e+02 01310
 0.0000000000000000e+00 0.0000000000000000e+00 0.0000000000000000e+00 1.6439557600000001e+02 00410
 -4.2359837206263546e+03 5.3556584656069581e+03 0.0000000000000000e+00 -2.4076491099999998e+03 30020
 1.0695500622549934e+05 -4.8754460842055742e+04 0.0000000000000000e+00 5.5520991600000001e+04 21020
 -9.0483388196063961e+05 -2.5466264211524287e+05 0.0000000000000000e+00 -4.1814969699999999e+05 12020
 2.4267145931944242e+06 1.3948580208657619e+06 0.0000000000000000e+00 1.1185970900000001e+06 03020
 9.5387922320677461e+01 0.0000000000000000e+00 0.0000000000000000e+00 3.3250162999999998e+02 20120
 0.0000000000000000e+00 0.0000000000000000e+00 0.0000000000000000e+00 -1.4254245100000000e+04 11120
 0.0000000000000000e+00 0.0000000000000000e+00 0.0000000000000000e+00 5.2657758800000003e+04 02120
 0.0000000000000000e+00 0.0000000000000000e+00 0.0000000000000000e+00 -3.9989584300000001e+03 10220
 0.0000000000000000e+00 0.0000000000000000e+00 0.0000000000000000e+00 2.5102144300000000e+04 01220
 0.0000000000000000e+00 -3.1522452037554780e+04 0.0000000000000000e+00 9.0266857599999994e+01 00320
 0.0000000000000000e+00 0.0000000000000000e+00 7.3739873414824897e+03 -9.3089900000000000e+02 20030
 1.0562468180085534e+05 -4.4569416902693498e+04 0.0000000000000000e+00 3.9788767800000001e+04 11030
 0.0000000000000000e+00 5.1733422741250257e+05 0.0000000000000000e+00 -1.1875274700000000e+05 02030
 0.0000000000000000e+00 0.0000000000000000e+00 0.0000000000000000e+00 2.9493169800000000e+04 10130
 0.0000000000000000e+00 0.0000000000000000e+00 0.0000000000000000e+00 -2.5987719800000000e+05 01130
 1.5601862793541827e+03 0.0000000000000000e+00 0.0000000000000000e+00 1.1004152400000000e+03 00230
 0.0000000000000000e+00 -1.5636924223442510e+05 0.0000000000000000e+00 -1.3196676600000001e+04 10040
 -1.8446949151758998e+05 0.0000000000000000e+00 0.0000000000000000e+00 3.0309427799999999e+05 01040
 0.0000000000000000e+00 1.5951683760475621e+06 1.5145474161340971e+05 -1.7333469400000002e+04 00140
 0.0000000000000000e+00 -5.5155850136299217e+06 0.0000000000000000e+00 3.0963153100000000e+04 00050
 -2.4097294924835897e+01 2.7639948776274954e+00 -9.4853343758633579e-02 0.0000000000000000e+00 60000
 3.7404375349268332e+02 0.0000000000000000e+00 0.0000000000000000e+00 0.0000000000000000e+00 51000
 0.0000000000000000e+00 -4.1235525902755626e+02 0.0000000000000000e+00 0.0000000000000000e+00 42000
 0.0000000000000000e+00 1.6873018247803980e+03 1.2185648899742547e+02 0.0000000000000000e+00 33000
 -3.9514846434129128e+05 0.0000000000000000e+00 0.0000000000000000e+00 0.0000000000000000e+00 24000
 3.4229436528621386e+06 0.0000000000000000e+00 0.0000000000000000e+00 0.0000000000000000e+00 15000
 -8.1429940131141301e+06 1.2383256299467943e+04 0.0000000000000000e+00 0.0000000000000000e+00 06000
 -8.2460239544445628e+01 0.0000000000000000e+00 4.5047060183310378e-01 0.0000000000000000e+00 50100
 1.4261676337510457e+03 -8.0421271764430074e+01 0.0000000000000000e+00 0.0000000000000000e+00 41100
 -5.0797745765581940e+03 0.0000000000000000e+00 0.0000000000000000e+00 0.0000000000000000e+00 32100
 0.0000000000000000e+00 -8.4875811649383877e+02 0.0000000000000000e+00 0.0000000000000000e+00 23100
 0.0000000000000000e+00 4.3353076074824094e+04 0.0000000000000000e+00 0.0000000000000000e+00 14100
 -5.6850980096211040e+05 -2.2665993642262259e+05 2.0666024748737022e+04 0.0000000000000000e+00 05100
 -6.3654106085627042e+01 9.3348166361715705e+00 0.0000000000000000e+00 0.0000000000000000e+00 40200
 6.7875779570307373e+02 0.0000000000000000e+00 0.0000000000000000e+00 0.0000000000000000e+00 31200
 0.0000000000000000e+00 0.0000000000000000e+00 0.0000000000000000e+00 0.0000000000000000e+00 22200
 0.0000000000000000e+00 0.0000000000000000e+00 0.0000000000000000e+00 0.0000000000000000e+00 13200
 -6.6613138027708235e+04 4.5383131399159625e+04 0.0000000000000000e+00 0.0000000000000000e+00 04200
 0.0000000000000000e+00 9.0389125091889014e+01 -1.3883204487517080e+01 0.0000000000000000e+00 30300
 0.0000000000000000e+00 0.0000000000000000e+00 0.0000000000000000e+00 0.0000000000000000e+00 21300
 0.0000000000000000e+00 3.7914782310090568e+03 0.0000000000000000e+00 0.0000000000000000e+00 12300
 -1.1082527909080179e+03 0.0000000000000000e+00 -3.0244062087441871e+03 0.0000000000000000e+00 03300
 0.0000000000000000e+00 -1.0095962942936040e+02 2.5704227538897921e+00 0.0000000000000000e+00 20400
 0.0000000000000000e+00 0.0000000000000000e+00 0.0000000000000000e+00 0.0000000000000000e+00 11400
 0.0000000000000000e+00 0.0000000000000000e+00 2.8246737382163383e+02 0.0000000000000000e+00 02400
 0.0000000000000000e+00 -5.4358846557094091e+02 9.1051455683529156e+01 0.0000000000000000e+00 10500
 0.0000000000000000e+00 -3.0938789727605085e+03 0.0000000000000000e+00 0.0000000000000000e+00 01500
 -1.3690687698210670e+01 -1.3223941952733475e+02 0.0000000000000000e+00 0.0000000000000000e+00 00600
 1.7577854595625436e+03 -1.1008771513645951e+02 0.0000000000000000e+00 0.0000000000000000e+00 50010
 -3.5100826658232792e+04 0.0000000000000000e+00 0.0000000000000000e+00 0.0000000000000000e+00 41010
 1.7121215692973987e+05 3.6108235305000737e+04 0.0000000000000000e+00 0.0000000000000000e+00 32010
 0.0000000000000000e+00 0.0000000000000000e+00 -1.1219291456930381e+04 0.0000000000000000e+00 23010
 0.0000000000000000e+00 -2.9517912023147736e+06 0.0000000000000000e+00 0.0000000000000000e+00 14010
 -5.6157593618361303e+05 1.1850924588166777e+07 0.0000000000000000e+00 0.0000000000000000e+00 05010
 4.5618669735446150e+02 2.4138839260711927e+02 0.0000000000000000e+00 0.0000000000000000e+00 40110
 -4.6951115102911081e+03 0.0000000000000000e+00 0.0000000000000000e+00 0.0000000000000000e+00 31110
 0.0000000000000000e+00 0.0000000000000000e+00 0.0000000000000000e+00 0.0000000000000000e+00 22110
 0.0000000000000000e+00 -5.6402642064853897e+05 0.0000000000000000e+00 0.0000000000000000e+00 13110
 0.0000000000000000e+00 2.8583599987631920e+06 0.0000000000000000e+00 0.0000000000000000e+00 04110
 0.0000000000000000e+00 -8.4686875343632244e+02 1.2015289765361625e+02 0.0000000000000000e+00 30210
 0.0000000000000000e+00 -5.4388367389492914e+03 9.5309323391418479e+02 0.0000000000000000e+00 21210
 0.0000000000000000e+00 0.0000000000000000e+00 0.0000000000000000e+00 0.0000000000000000e+00 12210
 0.0000000000000000e+00 1.1120046855469934e+03 0.0000000000000000e+00 0.0000000000000000e+00 03210
 0.0000000000000000e+00 1.6004244262426671e+03 -1.9670430280560055e+02 0.0000000000000000e+00 20310
 7.1593264228037526e+02 0.0000000000000000e+00 0.0000000000000000e+00 0.0000000000000000e+00 11310
 0.0000000000000000e+00 0.0000000000000000e+00 0.0000000000000000e+00 0.0000000000000000e+00 02310
 0.0000000000000000e+00 0.0000000000000000e+00 0.0000000000000000e+00 0.0000000000000000e+00 10410
 0.0000000000000000e+00 2.9815518314880839e+04 0.0000000000000000e+00 0.0000000000000000e+00 01410
 0.0000000000000000e+00 0.0000000000000000e+00 0.0000000000000000e+00 0.0000000000000000e+00 00510
 -1.9409765964276241e+02 -1.0715470834097849e+04 0.0000000000000000e+00 0.0000000000000000e+00 40020
 0.0000000000000000e+00 1.0077256880885393e+05 6.0891060362430753e+03 0.0000000000000000e+00 31020
 0.0000000000000000e+00 0.0000000000000000e+00 0.0000000000000000e+00 0.0000000000000000e+00 22020
 0.0000000000000000e+00 0.0000000000000000e+00 0.0000000000000000e+00 0.0000000000000000e+00 13020
 5.0002136556961602e+06 -1.3168389784878142e+07 -1.2070130864504604e+06 0.0000000000000000e+00 04020
 0.0000000000000000e+00 0.0000000000000000e+00 0.0000000000000000e+00 0.0000000000000000e+00 30120
 0.0000000000000000e+00 0.0000000000000000e+00 0.0000000000000000e+00 0.0000000000000000e+00 21120
 0.0000000000000000e+00 -5.7050047606603405e+05 0.0000000000000000e+00 0.0000000000000000e+00 12120
 0.0000000000000000e+00 0.0000000000000000e+00 0.0000000000000000e+00 0.0000000000000000e+00 03120
 0.0000000000000000e+00 2.6756302811703235e+03 0.0000000000000000e+00 0.0000000000000000e+00 20220
 0.0000000000000000e+00 0.0000000000000000e+00 0.0000000000000000e+00 0.0000000000000000e+00 11220
 0.0000000000000000e+00 0.0000000000000000e+00 0.0000000000000000e+00 0.0000000000000000e+00 02220
 0.0000000000000000e+00 2.9453480267431692e+05 0.0000000000000000e+00 0.0000000000000000e+00 10320
 0.0000000000000000e+00 0.0000000000000000e+00 0.0000000000000000e+00 0.0000000000000000e+00 01320
 0.0000000000000000e+00 3.9793843269247656e+04 0.0000000000000000e+00 0.0000000000000000e+00 00420
 0.0000000000000000e+00 3.6261636829968244e+04 0.0000000000000000e+00 0.0000000000000000e+00 30030
 -5.8570456714994318e+04 0.0000000000000000e+00 0.0000000000000000e+00 0.0000000000000000e+00 21030
 0.0000000000000000e+00 0.0000000000000000e+00 0.0000000000000000e+00 0.0000000000000000e+00 12030
 0.0000000000000000e+00 1.5193896882515369e+07 4.3696489230030254e+06 0.0000000000000000e+00 03030
 0.0000000000000000e+00 0.0000000000000000e+00 0.0000000000000000e+00 0.0000000000000000e+00 20130
 0.0000000000000000e+00 0.0000000000000000e+00 0.0000000000000000e+00 0.0000000000000000e+00 11130
 0.0000000000000000e+00 0.0000000000000000e+00 0.0000000000000000e+00 0.0000000000000000e+00 02130
 0.0000000000000000e+00 -2.6837712068857145e+06 -3.4909848151585460e+05 0.0000000000000000e+00 10230
 0.0000000000000000e+00 0.0000000000000000e+00 0.0000000000000000e+00 0.0000000000000000e+00 01230
 0.0000000000000000e+00 -2.1117861960998253e+05 -7.2822487053919640e+03 0.0000000000000000e+00 00330
 -9.8950577312146430e+04 0.0000000000000000e+00 -4.0458466032230157e+04 0.0000000000000000e+00 20040
 0.0000000000000000e+00 -2.2787687072396395e+06 0.0000000000000000e+00 0.0000000000000000e+00 11040
 0.0000000000000000e+00 0.0000000000000000e+00 -5.7005876243115002e+06 0.0000000000000000e+00 02040
 0.0000000000000000e+00 0.0000000000000000e+00 2.3456118565982399e+06 0.0000000000000000e+00 10140
 0.0000000000000000e+00 0.0000000000000000e+00 0.0000000000000000e+00 0.0000000000000000e+00 01140
 0.0000000000000000e+00 0.0000000000000000e+00 0.0000000000000000e+00 0.0000000000000000e+00 00240
 0.0000000000000000e+00 4.1750535424170800e+07 0.0000000000000000e+00 0.0000000000000000e+00 10050
 2.1765518084804127e+06 -1.7501909496628989e+07 0.0000000000000000e+00 0.0000000000000000e+00 01050
 0.0000000000000000e+00 0.0000000000000000e+00 0.0000000000000000e+00 0.0000000000000000e+00 00150
 0.0000000000000000e+00 0.0000000000000000e+00 -1.1099147423003852e+07 0.0000000000000000e+00 00060
 1.1258424199999999e+00 0.0000000000000000e+00 0.0000000000000000e+00 7.6817769999999996e-01 00001
 -3.3092960599999999e+00 0.0000000000000000e+00 0.0000000000000000e+00 -1.2482495400000000e+00 10001
 9.5582156000000005e+00 0.0000000000000000e+00 0.0000000000000000e+00 7.1898036500000000e+00 01001
 -1.2807550800000000e+01 0.0000000000000000e+00 0.0000000000000000e+00 -1.7948002400000000e+00 00002
 3.1328287000000000e+01 0.0000000000000000e+00 0.0000000000000000e+00 4.3097902599999998e+00 20001
 -3.6635859399999998e+02 0.0000000000000000e+00 0.0000000000000000e+00 -4.7514103499999997e+01 11001
 1.2812726399999999e+03 0.0000000000000000e+00 0.0000000000000000e+00 1.2740499699999999e+02 02001
 8.4649294600000005e+00 0.0000000000000000e+00 0.0000000000000000e+00 1.5213236200000000e+00 00201
 -2.1218133200000000e+02 0.0000000000000000e+00 0.0000000000000000e+00 -4.4842024199999997e+01 00111
 8.6216804499999995e+01 0.0000000000000000e+00 0.0000000000000000e+00 1.3903586900000001e+01 10002
 -2.0237557699999999e+02 0.0000000000000000e+00 0.0000000000000000e+00 -7.5177002500000000e+01 01002
 1.2924057499999999e+03 0.0000000000000000e+00 0.0000000000000000e+00 3.3294530099999997e+02 00021
 1.5246574300000000e+02 4.1239841799999999e+02 -1.1855168000000000e+02 0.0000000000000000e+00 00012
 5.6814234300000003e+01 0.0000000000000000e+00 0.0000000000000000e+00 1.5595186500000001e+01 00003
 -1.1109064100000001e+02 0.0000000000000000e+00 0.0000000000000000e+00 -1.5717735800000000e+01 30001
 1.3012309000000000e+03 0.0000000000000000e+00 0.0000000000000000e+00 2.4992499500000000e+02 21001
 -3.3776413699999998e+03 0.0000000000000000e+00 0.0000000000000000e+00 -1.2056100300000001e+03 12001
 -1.0805725299999999e+03 0.0000000000000000e+00 0.0000000000000000e+00 1.6507063800000001e+03 03001
 -2.0675836699999999e+02 0.0000000000000000e+00 0.0000000000000000e+00 -8.6394541199999999e+00 10201
 1.2861228000000001e+03 0.0000000000000000e+00 0.0000000000000000e+00 5.1734533999999996e+01 01201
 4.5738898999999998e+02 0.0000000000000000e+00 0.0000000000000000e+00 2.4632876999999999e+02 10111
 3.1552100700000000e+02 0.0000000000000000e+00 0.0000000000000000e+00 -1.4688802499999999e+03 01111
 -2.8637608399999999e+00 0.0000000000000000e+00 0.0000000000000000e+00 -7.7696205800000001e+01 20002
 -2.8453250400000002e+02 0.0000000000000000e+00 0.0000000000000000e+00 8.0826721799999996e+02 11002
 -5.4968678599999997e+01 0.0000000000000000e+00 0.0000000000000000e+00 -1.8872739300000001e+03 02002
 -8.9490322900000001e+02 0.0000000000000000e+00 0.0000000000000000e+00 -1.3172162699999999e+01 00202
 -5.8186814800000001e+01 0.0000000000000000e+00 0.0000000000000000e+00 -1.7587238100000000e+03 10021
 2.8100110300000001e+01 0.0000000000000000e+00 0.0000000000000000e+00 1.0443614200000000e+04 01021
 2.4986902400000002e+01 0.0000000000000000e+00 0.0000000000000000e+00 3.7717688900000002e+02 00112
 -4.7104892700000001e+00 0.0000000000000000e+00 0.0000000000000000e+00 -1.7433297400000001e+02 10003
 -9.4935661400000004e-01 0.0000000000000000e+00 0.0000000000000000e+00 8.9351807699999995e+02 01003
 5.9109615599999996e+00 0.0000000000000000e+00 0.0000000000000000e+00 -2.7085707800000000e+03 00022
 1.0590745000000000e-01 0.0000000000000000e+00 0.0000000000000000e+00 -1.4915634900000001e+02 00004
 7.4420433400000000e-02 0.0000000000000000e+00 0.0000000000000000e+00 0.0000000000000000e+00 00101
 -9.3204445700000005e-01 0.0000000000000000e+00 0.0000000000000000e+00 0.0000000000000000e+00 00011
 2.8452158100000000e+00 0.0000000000000000e+00 0.0000000000000000e+00 0.0000000000000000e+00 10101
 -2.5439373000000000e+01 0.0000000000000000e+00 0.0000000000000000e+00 0.0000000000000000e+00 01101
 1.3705155500000000e+01 0.0000000000000000e+00 0.0000000000000000e+00 0.0000000000000000e+00 10011
 -7.2542508699999999e+01 0.0000000000000000e+00 0.0000000000000000e+00 0.0000000000000000e+00 01011
 1.1188551900000000e+01 0.0000000000000000e+00 0.0000000000000000e+00 0.0000000000000000e+00 00102
 -2.9857603999999998e+01 0.0000000000000000e+00 0.0000000000000000e+00 0.0000000000000000e+00 20101
 2.5760759400000001e+02 0.0000000000000000e+00 0.0000000000000000e+00 0.0000000000000000e+00 11101
 2.2280062200000000e+02 0.0000000000000000e+00 0.0000000000000000e+00 0.0000000000000000e+00 02101
 -5.7470399800000003e+00 0.0000000000000000e+00 0.0000000000000000e+00 0.0000000000000000e+00 00301
 -5.8377417100000002e+01 0.0000000000000000e+00 0.0000000000000000e+00 0.0000000000000000e+00 20011
 -7.5798640700000007e+01 0.0000000000000000e+00 0.0000000000000000e+00 0.0000000000000000e+00 11011
 -2.0030666900000000e+01 0.0000000000000000e+00 0.0000000000000000e+00 0.0000000000000000e+00 02011
 8.1569985000000003e+01 0.0000000000000000e+00 0.0000000000000000e+00 0.0000000000000000e+00 00211
 3.9907235700000001e+01 0.0000000000000000e+00 0.0000000000000000e+00 0.0000000000000000e+00 10102
 2.6133789799999999e+01 0.0000000000000000e+00 0.0000000000000000e+00 0.0000000000000000e+00 01102
 1.1102801200000000e+01 0.0000000000000000e+00 0.0000000000000000e+00 0.0000000000000000e+00 00121
 1.5806418400000000e+01 0.0000000000000000e+00 0.0000000000000000e+00 0.0000000000000000e+00 10012
 2.5233279000000000e+00 0.0000000000000000e+00 0.0000000000000000e+00 0.0000000000000000e+00 01012
 1.4961163900000001e+00 0.0000000000000000e+00 0.0000000000000000e+00 0.0000000000000000e+00 00103
 2.9442717200000001e+00 0.0000000000000000e+00 0.0000000000000000e+00 0.0000000000000000e+00 00031
 1.9644430600000001e-01 0.0000000000000000e+00 0.0000000000000000e+00 0.0000000000000000e+00 00013
 1.6957368000000000e+02 0.0000000000000000e+00 0.0000000000000000e+00 0.0000000000000000e+00 40001
 -1.1884030900000000e+03 0.0000000000000000e+00 0.0000000000000000e+00 0.0000000000000000e+00 31001
 -2.5640085899999999e+03 0.0000000000000000e+00 0.0000000000000000e+00 0.0000000000000000e+00 22001
 -7.9612626599999999e+02 0.0000000000000000e+00 0.0000000000000000e+00 0.0000000000000000e+00 13001
 -1.7013585599999999e+02 0.0000000000000000e+00 0.0000000000000000e+00 0.0000000000000000e+00 04001
 2.5273732400000000e+01 0.0000000000000000e+00 0.0000000000000000e+00 0.0000000000000000e+00 30101
 -3.0211779799999999e+02 0.0000000000000000e+00 0.0000000000000000e+00 0.0000000000000000e+00 21101
 1.0508874799999999e+01 0.0000000000000000e+00 0.0000000000000000e+00 0.0000000000000000e+00 12101
 1.7954560900000001e+01 0.0000000000000000e+00 0.0000000000000000e+00 0.0000000000000000e+00 03101
 3.9304286900000000e+02 0.0000000000000000e+00 0.0000000000000000e+00 0.0000000000000000e+00 20201
 -2.6547935800000000e+03 0.0000000000000000e+00 0.0000000000000000e+00 0.0000000000000000e+00 11201
 -6.7520795899999996e+02 0.0000000000000000e+00 0.0000000000000000e+00 0.0000000000000000e+00 02201
 3.1537455800000000e+01 0.0000000000000000e+00 0.0000000000000000e+00 0.0000000000000000e+00 10301
 -6.6287274900000000e+01 0.0000000000000000e+00 0.0000000000000000e+00 0.0000000000000000e+00 01301
 1.1048366800000000e+01 0.0000000000000000e+00 0.0000000000000000e+00 0.0000000000000000e+00 00401
 5.3995273300000001e+01 0.0000000000000000e+00 0.0000000000000000e+00 0.0000000000000000e+00 30011
 1.9851422299999999e+01 0.0000000000000000e+00 0.0000000000000000e+00 0.0000000000000000e+00 21011
 6.9951277899999997e+00 0.0000000000000000e+00 0.0000000000000000e+00 0.0000000000000000e+00 12011
 2.0305896899999998e+00 0.0000000000000000e+00 0.0000000000000000e+00 0.0000000000000000e+00 03011
 -4.1475572199999999e+02 0.0000000000000000e+00 0.0000000000000000e+00 0.0000000000000000e+00 20111
 -2.4292429500000000e+02 0.0000000000000000e+00 0.0000000000000000e+00 0.0000000000000000e+00 11111
 -5.3283176900000001e+01 0.0000000000000000e+00 0.0000000000000000e+00 0.0000000000000000e+00 02111
 1.4085442600000000e+01 0.0000000000000000e+00 0.0000000000000000e+00 0.0000000000000000e+00 10211
 -7.1897002499999996e+00 0.0000000000000000e+00 0.0000000000000000e+00 0.0000000000000000e+00 01211
 4.6617528200000002e+01 0.0000000000000000e+00 0.0000000000000000e+00 0.0000000000000000e+00 00311
 3.2702350999999999e+02 0.0000000000000000e+00 0.0000000000000000e+00 0.0000000000000000e+00 30002
 -4.6760376399999998e+01 0.0000000000000000e+00 0.0000000000000000e+00 0.0000000000000000e+00 21002
 -1.3113077600000000e+01 0.0000000000000000e+00 0.0000000000000000e+00 0.0000000000000000e+00 12002
 -2.1460877500000000e+00 0.0000000000000000e+00 0.0000000000000000e+00 0.0000000000000000e+00 03002
 -4.0516263400000003e+02 0.0000000000000000e+00 0.0000000000000000e+00 0.0000000000000000e+00 20102
 -3.7832739400000001e+01 0.0000000000000000e+00 0.0000000000000000e+00 0.0000000000000000e+00 11102
 -3.2861643300000001e+00 0.0000000000000000e+00 0.0000000000000000e+00 0.0000000000000000e+00 02102
 -7.9775662299999999e+02 0.0000000000000000e+00 0.0000000000000000e+00 0.0000000000000000e+00 10202
 -1.0025346300000000e+02 0.0000000000000000e+00 0.0000000000000000e+00 0.0000000000000000e+00 01202
 -5.8149400000000000e+01 0.0000000000000000e+00 0.0000000000000000e+00 0.0000000000000000e+00 00302
 -4.9721882500000000e+01 0.0000000000000000e+00 0.0000000000000000e+00 0.0000000000000000e+00 20021
 -2.3494000000000000e+01 0.0000000000000000e+00 0.0000000000000000e+00 0.0000000000000000e+00 11021
 -4.6306529500000000e+00 0.0000000000000000e+00 0.0000000000000000e+00 0.0000000000000000e+00 02021
 -7.0125265800000003e+00 0.0000000000000000e+00 0.0000000000000000e+00 0.0000000000000000e+00 10121
 -1.6612841400000000e+00 0.0000000000000000e+00 0.0000000000000000e+00 0.0000000000000000e+00 01121
 8.9976115900000000e+00 0.0000000000000000e+00 0.0000000000000000e+00 0.0000000000000000e+00 00221
 -2.6915856399999999e+01 0.0000000000000000e+00 0.0000000000000000e+00 0.0000000000000000e+00 20012
 -2.9374057699999998e+00 0.0000000000000000e+00 0.0000000000000000e+00 0.0000000000000000e+00 11012
 -2.8169995599999997e-01 0.0000000000000000e+00 0.0000000000000000e+00 0.0000000000000000e+00 02012
 -4.4261380600000003e+01 0.0000000000000000e+00 0.0000000000000000e+00 0.0000000000000000e+00 10112
 -5.1887392600000002e+00 0.0000000000000000e+00 0.0000000000000000e+00 0.0000000000000000e+00 01112
 -2.3091301500000001e+00 0.0000000000000000e+00 0.0000000000000000e+00 0.0000000000000000e+00 00212
 1.2974281100000001e+01 0.0000000000000000e+00 0.0000000000000000e+00 0.0000000000000000e+00 20003
 1.2986379400000001e+00 0.0000000000000000e+00 0.0000000000000000e+00 0.0000000000000000e+00 11003
 1.7931982099999999e-01 0.0000000000000000e+00 0.0000000000000000e+00 0.0000000000000000e+00 02003
 3.5963604300000002e-01 0.0000000000000000e+00 0.0000000000000000e+00 0.0000000000000000e+00 10103
 -6.8600012500000002e-02 0.0000000000000000e+00 0.0000000000000000e+00 0.0000000000000000e+00 01103
 4.7989772600000002e-01 0.0000000000000000e+00 0.0000000000000000e+00 0.0000000000000000e+00 00203
 -1.5183764099999999e+00 0.0000000000000000e+00 0.0000000000000000e+00 0.0000000000000000e+00 10031
 -2.5950537600000001e-01 0.0000000000000000e+00 0.0000000000000000e+00 0.0000000000000000e+00 01031
 1.2137887100000000e+00 0.0000000000000000e+00 0.0000000000000000e+00 0.0000000000000000e+00 00131
 -3.8339448699999998e+00 0.0000000000000000e+00 0.0000000000000000e+00 0.0000000000000000e+00 10022
 -4.4880310099999998e-01 0.0000000000000000e+00 0.0000000000000000e+00 0.0000000000000000e+00 01022
 4.3274224600000001e-02 0.0000000000000000e+00 0.0000000000000000e+00 0.0000000000000000e+00 00122
 4.3379578000000002e-02 0.0000000000000000e+00 0.0000000000000000e+00 0.0000000000000000e+00 10013
 3.8101713399999999e-04 0.0000000000000000e+00 0.0000000000000000e+00 0.0000000000000000e+00 01013
 7.1732702300000006e-02 0.0000000000000000e+00 0.0000000000000000e+00 0.0000000000000000e+00 00113
 4.0493515200000002e-03 0.0000000000000000e+00 0.0000000000000000e+00 0.0000000000000000e+00 10004
 -7.0401424799999997e-04 0.0000000000000000e+00 0.0000000000000000e+00 0.0000000000000000e+00 01004
 4.1771769200000001e-03 0.0000000000000000e+00 0.0000000000000000e+00 0.0000000000000000e+00 00104
 2.6521246799999998e-01 0.0000000000000000e+00 0.0000000000000000e+00 0.0000000000000000e+00 00041
 3.4293861799999999e-02 0.0000000000000000e+00 0.0000000000000000e+00 0.0000000000000000e+00 00032
 2.7421903000000001e-02 0.0000000000000000e+00 0.0000000000000000e+00 0.0000000000000000e+00 00023
 3.8234677400000002e-03 0.0000000000000000e+00 0.0000000000000000e+00 0.0000000000000000e+00 00014
 1.4659581000000001e-03 0.0000000000000000e+00 0.0000000000000000e+00 0.0000000000000000e+00 00005
 -2.2197897499999999e+02 0.0000000000000000e+00 0.0000000000000000e+00 0.0000000000000000e+00 50001
 2.0814843300000002e+03 0.0000000000000000e+00 0.0000000000000000e+00 0.0000000000000000e+00 41001
 -4.3056093600000003e+02 0.0000000000000000e+00 0.0000000000000000e+00 0.0000000000000000e+00 32001
 -2.1805028799999999e+02 0.0000000000000000e+00 0.0000000000000000e+00 0.0000000000000000e+00 23001
 -5.5584450099999998e+01 0.0000000000000000e+00 0.0000000000000000e+00 0.0000000000000000e+00 14001
 -1.1364256800000000e+01 0.0000000000000000e+00 0.0000000000000000e+00 0.0000000000000000e+00 05001
 1.0843246300000000e+02 0.0000000000000000e+00 0.0000000000000000e+00 0.0000000000000000e+00 40101
 -9.3186493399999995e+02 0.0000000000000000e+00 0.0000000000000000e+00 0.0000000000000000e+00 31101
 -1.9297715800000000e+02 0.0000000000000000e+00 0.0000000000000000e+00 0.0000000000000000e+00 22101
 -2.8647338300000001e+01 0.0000000000000000e+00 0.0000000000000000e+00 0.0000000000000000e+00 13101
 -3.4101753399999999e+00 0.0000000000000000e+00 0.0000000000000000e+00 0.0000000000000000e+00 04101
 6.1327849800000003e+01 0.0000000000000000e+00 0.0000000000000000e+00 0.0000000000000000e+00 30201
 -4.3628918599999999e+01 0.0000000000000000e+00 0.0000000000000000e+00 0.0000000000000000e+00 21201
 -4.7152181900000002e+01 0.0000000000000000e+00 0.0000000000000000e+00 0.0000000000000000e+00 12201
 -1.4919883000000000e+01 0.0000000000000000e+00 0.0000000000000000e+00 0.0000000000000000e+00 03201
 5.8831090099999997e+01 0.0000000000000000e+00 0.0000000000000000e+00 0.0000000000000000e+00 20301
 -3.6337865000000001e+01 0.0000000000000000e+00 0.0000000000000000e+00 0.0000000000000000e+00 11301
 -8.0151232799999992e+00 0.0000000000000000e+00 0.0000000000000000e+00 0.0000000000000000e+00 02301
 -1.0494428700000000e+02 0.0000000000000000e+00 0.0000000000000000e+00 0.0000000000000000e+00 10401
 3.4771335299999997e+01 0.0000000000000000e+00 0.0000000000000000e+00 0.0000000000000000e+00 01401
 -1.2228812499999999e+02 0.0000000000000000e+00 0.0000000000000000e+00 0.0000000000000000e+00 00501
 -7.7545342300000002e+01 0.0000000000000000e+00 0.0000000000000000e+00 0.0000000000000000e+00 40011
 -6.4131444900000005e+01 0.0000000000000000e+00 0.0000000000000000e+00 0.0000000000000000e+00 31011
 -1.3985750500000000e+01 0.0000000000000000e+00 0.0000000000000000e+00 0.0000000000000000e+00 22011
 -2.3365408200000002e+00 0.0000000000000000e+00 0.0000000000000000e+00 0.0000000000000000e+00 13011
 -3.4059649100000000e-01 0.0000000000000000e+00 0.0000000000000000e+00 0.0000000000000000e+00 04011
 2.9339419400000001e+01 0.0000000000000000e+00 0.0000000000000000e+00 0.0000000000000000e+00 30111
 4.8114933100000002e+01 0.0000000000000000e+00 0.0000000000000000e+00 0.0000000000000000e+00 21111
 9.5017492400000005e+00 0.0000000000000000e+00 0.0000000000000000e+00 0.0000000000000000e+00 12111
 1.3883754100000001e+00 0.0000000000000000e+00 0.0000000000000000e+00 0.0000000000000000e+00 03111
 5.2479251499999997e+01 0.0000000000000000e+00 0.0000000000000000e+00 0.0000000000000000e+00 20211
 3.8005874199999998e+00 0.0000000000000000e+00 0.0000000000000000e+00 0.0000000000000000e+00 11211
 2.3455513600000000e-01 0.0000000000000000e+00 0.0000000000000000e+00 0.0000000000000000e+00 02211
 3.9580808500000003e+01 0.0000000000000000e+00 0.0000000000000000e+00 0.0000000000000000e+00 10311
 1.5256354200000001e+01 0.0000000000000000e+00 0.0000000000000000e+00 0.0000000000000000e+00 01311
 -7.2808032699999998e+00 0.0000000000000000e+00 0.0000000000000000e+00 0.0000000000000000e+00 00411
 -5.9749734599999999e+02 0.0000000000000000e+00 0.0000000000000000e+00 0.0000000000000000e+00 40002
 -1.0272174900000000e+02 0.0000000000000000e+00 0.0000000000000000e+00 0.0000000000000000e+00 31002
 -1.5368110700000001e+01 0.0000000000000000e+00 0.0000000000000000e+00 0.0000000000000000e+00 22002
 -2.1720831600000001e+00 0.0000000000000000e+00 0.0000000000000000e+00 0.0000000000000000e+00 13002
 -2.7460926400000002e-01 0.0000000000000000e+00 0.0000000000000000e+00 0.0000000000000000e+00 04002
 1.0683798299999999e+02 0.0000000000000000e+00 0.0000000000000000e+00 0.0000000000000000e+00 30102
 1.2376615800000000e+01 0.0000000000000000e+00 0.0000000000000000e+00 0.0000000000000000e+00 21102
 1.4653033000000000e+00 0.0000000000000000e+00 0.0000000000000000e+00 0.0000000000000000e+00 12102
 1.8539329299999999e-01 0.0000000000000000e+00 0.0000000000000000e+00 0.0000000000000000e+00 03102
 1.1888713100000000e+01 0.0000000000000000e+00 0.0000000000000000e+00 0.0000000000000000e+00 20202
 -2.5566998800000000e+00 0.0000000000000000e+00 0.0000000000000000e+00 0.0000000000000000e+00 11202
 -8.6380901700000001e-01 0.0000000000000000e+00 0.0000000000000000e+00 0.0000000000000000e+00 02202
 1.8804701399999999e+01 0.0000000000000000e+00 0.0000000000000000e+00 0.0000000000000000e+00 10302
 2.4966757999999998e+00 0.0000000000000000e+00 0.0000000000000000e+00 0.0000000000000000e+00 01302
 -3.9308849700000001e+00 0.0000000000000000e+00 0.0000000000000000e+00 0.0000000000000000e+00 00402
 1.2703465100000001e+01 0.0000000000000000e+00 0.0000000000000000e+00 0.0000000000000000e+00 30021
 7.9618751600000000e+00 0.0000000000000000e+00 0.0000000000000000e+00 0.0000000000000000e+00 21021
 1.6098250700000001e+00 0.0000000000000000e+00 0.0000000000000000e+00 0.0000000000000000e+00 12021
 2.5756567499999999e-01 0.0000000000000000e+00 0.0000000000000000e+00 0.0000000000000000e+00 03021
 5.9357450700000003e+00 0.0000000000000000e+00 0.0000000000000000e+00 0.0000000000000000e+00 20121
 6.7934845300000002e-01 0.0000000000000000e+00 0.0000000000000000e+00 0.0000000000000000e+00 11121
 7.5755015100000003e-02 0.0000000000000000e+00 0.0000000000000000e+00 0.0000000000000000e+00 02121
 7.3629458100000003e+00 0.0000000000000000e+00 0.0000000000000000e+00 0.0000000000000000e+00 10221
 2.3008013500000000e+00 0.0000000000000000e+00 0.0000000000000000e+00 0.0000000000000000e+00 01221
 -1.1838300700000000e-01 0.0000000000000000e+00 0.0000000000000000e+00 0.0000000000000000e+00 00321
 1.4425814500000000e+01 0.0000000000000000e+00 0.0000000000000000e+00 0.0000000000000000e+00 30012
 1.5265816299999999e+00 0.0000000000000000e+00 0.0000000000000000e+00 0.0000000000000000e+00 21012
 1.6302881699999999e-01 0.0000000000000000e+00 0.0000000000000000e+00 0.0000000000000000e+00 12012
 1.7168950900000000e-02 0.0000000000000000e+00 0.0000000000000000e+00 0.0000000000000000e+00 03012
 1.5074373400000001e+01 0.0000000000000000e+00 0.0000000000000000e+00 0.0000000000000000e+00 20112
 1.6070658300000000e+00 0.0000000000000000e+00 0.0000000000000000e+00 0.0000000000000000e+00 11112
 1.6646502299999999e-01 0.0000000000000000e+00 0.0000000000000000e+00 0.0000000000000000e+00 02112
 2.2880329700000002e+00 0.0000000000000000e+00 0.0000000000000000e+00 0.0000000000000000e+00 10212
 2.6541344900000002e-01 0.0000000000000000e+00 0.0000000000000000e+00 0.0000000000000000e+00 01212
 3.2668393000000000e+00 0.0000000000000000e+00 0.0000000000000000e+00 0.0000000000000000e+00 00312
 -1.4469480500000000e+00 0.0000000000000000e+00 0.0000000000000000e+00 0.0000000000000000e+00 30003
 -3.0155182100000000e-01 0.0000000000000000e+00 0.0000000000000000e+00 0.0000000000000000e+00 21003
 -9.7940595800000002e-02 0.0000000000000000e+00 0.0000000000000000e+00 0.0000000000000000e+00 12003
 -2.1887463300000000e-02 0.0000000000000000e+00 0.0000000000000000e+00 0.0000000000000000e+00 03003
 2.1373127700000000e-01 0.0000000000000000e+00 0.0000000000000000e+00 0.0000000000000000e+00 20103
 -4.2487175700000003e-03 0.0000000000000000e+00 0.0000000000000000e+00 0.0000000000000000e+00 11103
 -2.6398123599999999e-03 0.0000000000000000e+00 0.0000000000000000e+00 0.0000000000000000e+00 02103
 -3.9033618199999998e-01 0.0000000000000000e+00 0.0000000000000000e+00 0.0000000000000000e+00 10203
 -2.2056344900000000e-02 0.0000000000000000e+00 0.0000000000000000e+00 0.0000000000000000e+00 01203
 -2.5206106999999998e-02 0.0000000000000000e+00 0.0000000000000000e+00 0.0000000000000000e+00 00303
 8.3539572600000001e-01 0.0000000000000000e+00 0.0000000000000000e+00 0.0000000000000000e+00 20031
 1.0108242400000000e-01 0.0000000000000000e+00 0.0000000000000000e+00 0.0000000000000000e+00 11031
 1.1382651500000000e-02 0.0000000000000000e+00 0.0000000000000000e+00 0.0000000000000000e+00 02031
 9.6753924199999997e-01 0.0000000000000000e+00 0.0000000000000000e+00 0.0000000000000000e+00 10131
 2.8394057299999997e-01 0.0000000000000000e+00 0.0000000000000000e+00 0.0000000000000000e+00 01131
 7.0409468399999994e-02 0.0000000000000000e+00 0.0000000000000000e+00 0.0000000000000000e+00 00231
 1.9662115200000001e+00 0.0000000000000000e+00 0.0000000000000000e+00 0.0000000000000000e+00 20022
 2.1192966199999999e-01 0.0000000000000000e+00 0.0000000000000000e+00 0.0000000000000000e+00 11022
 2.2229702000000000e-02 0.0000000000000000e+00 0.0000000000000000e+00 0.0000000000000000e+00 02022
 1.9217672799999999e-01 0.0000000000000000e+00 0.0000000000000000e+00 0.0000000000000000e+00 10122
 2.0842935900000002e-02 0.0000000000000000e+00 0.0000000000000000e+00 0.0000000000000000e+00 01122
 4.0919772199999999e-01 0.0000000000000000e+00 0.0000000000000000e+00 0.0000000000000000e+00 00222
 1.1620879799999999e-02 0.0000000000000000e+00 0.0000000000000000e+00 0.0000000000000000e+00 20013
 -8.6175197900000000e-04 0.0000000000000000e+00 0.0000000000000000e+00 0.0000000000000000e+00 11013
 -3.6803400800000002e-04 0.0000000000000000e+00 0.0000000000000000e+00 0.0000000000000000e+00 02013
 -3.0559588299999999e-02 0.0000000000000000e+00 0.0000000000000000e+00 0.0000000000000000e+00 10113
 7.9282077300000002e-04 0.0000000000000000e+00 0.0000000000000000e+00 0.0000000000000000e+00 01113
 -1.0358131200000000e-03 0.0000000000000000e+00 0.0000000000000000e+00 0.0000000000000000e+00 00213
 -3.1766529600000003e-02 0.0000000000000000e+00 0.0000000000000000e+00 0.0000000000000000e+00 20004
 -8.6869289399999997e-03 0.0000000000000000e+00 0.0000000000000000e+00 0.0000000000000000e+00 11004
 -1.3033663300000000e-03 0.0000000000000000e+00 0.0000000000000000e+00 0.0000000000000000e+00 02004
 -4.8593005899999998e-03 0.0000000000000000e+00 0.0000000000000000e+00 0.0000000000000000e+00 10104
 -1.8132267699999999e-04 0.0000000000000000e+00 0.0000000000000000e+00 0.0000000000000000e+00 01104
 -2.2531301500000000e-02 0.0000000000000000e+00 0.0000000000000000e+00 0.0000000000000000e+00 00204
 1.0273608300000001e-01 0.0000000000000000e+00 0.0000000000000000e+00 0.0000000000000000e+00 10041
 3.1679181700000003e-02 0.0000000000000000e+00 0.0000000000000000e+00 0.0000000000000000e+00 01041
 1.7740698900000001e-02 0.0000000000000000e+00 0.0000000000000000e+00 0.0000000000000000e+00 00141
 1.2813031600000000e-02 0.0000000000000000e+00 0.0000000000000000e+00 0.0000000000000000e+00 10032
 1.3430987299999999e-03 0.0000000000000000e+00 0.0000000000000000e+00 0.0000000000000000e+00 01032
 4.4265491599999998e-02 0.0000000000000000e+00 0.0000000000000000e+00 0.0000000000000000e+00 00132
 -5.0074566800000003e-03 0.0000000000000000e+00 0.0000000000000000e+00 0.0000000000000000e+00 10023
 -3.6226490100000000e-05 0.0000000000000000e+00 0.0000000000000000e+00 0.0000000000000000e+00 01023
 -1.0084677400000000e-04 0.0000000000000000e+00 0.0000000000000000e+00 0.0000000000000000e+00 00123
 -2.5991156500000000e-04 0.0000000000000000e+00 0.0000000000000000e+00 0.0000000000000000e+00 10014
 -8.6598892899999998e-06 0.0000000000000000e+00 0.0000000000000000e+00 0.0000000000000000e+00 01014
 1.2643326200000000e-04 0.0000000000000000e+00 0.0000000000000000e+00 0.0000000000000000e+00 00114
 -3.7640531699999999e-04 0.0000000000000000e+00 0.0000000000000000e+00 0.0000000000000000e+00 10005
 -4.9526213000000003e-05 0.0000000000000000e+00 0.0000000000000000e+00 0.0000000000000000e+00 01005
 5.0543502499999998e-05 0.0000000000000000e+00 0.0000000000000000e+00 0.0000000000000000e+00 00105
 3.1877867700000001e-03 0.0000000000000000e+00 0.0000000000000000e+00 0.0000000000000000e+00 00051
 4.7427681699999998e-03 0.0000000000000000e+00 0.0000000000000000e+00 0.0000000000000000e+00 00042
 1.0854985800000000e-05 0.0000000000000000e+00 0.0000000000000000e+00 0.0000000000000000e+00 00033
 9.0835490000000001e-05 0.0000000000000000e+00 0.0000000000000000e+00 0.0000000000000000e+00 00024
 3.1187906300000002e-06 0.0000000000000000e+00 0.0000000000000000e+00 0.0000000000000000e+00 00015
 2.3269827100000001e-06 0.0000000000000000e+00 0.0000000000000000e+00 0.0000000000000000e+00 00006
 --------------------------------------------
