! Candidate angular fit; delta and xtar-dependent terms retained from frozen seed.
 --------------------------------------------
 1.2335421824654265e-03 1.0833847411608768e-04 5.0479757652328481e-04 0.0000000000000000e+00 00000
 3.2692646279336313e-01 1.5247144202186645e-02 -5.0076762167144181e-03 2.4527718100000001e-01 10000
 -2.9703795830752058e+00 -1.2809716886863950e-01 3.7599276769884137e-02 1.7923725400000001e-01 01000
 -2.7079510495446189e-03 -4.5571165825218535e-01 2.7691171096627709e-01 1.5762221900000001e-02 00100
 1.3481138110666971e-01 3.2992677080043269e-02 -2.3415229620788249e+00 -2.7748113599999999e-02 00010
 -2.7998746620939502e-01 -3.2563347732538744e-02 1.1481555449960077e-02 -3.1763193899999997e-01 20000
 1.8522682448467904e+00 1.2383087659929599e-01 -2.5147049080043340e-03 3.2294487900000002e+00 11000
 6.8297091753209438e+00 8.4471499146176932e-01 -3.6617891644486000e-01 9.9624983800000000e-01 02000
 -5.7985019641353504e-02 1.4087751038056551e+00 -4.1855353683011554e-01 -6.9868989000000006e-02 10100
 7.1188170171151621e-01 9.8640821620751062e-01 1.2364964477146310e-01 -2.7273720299999998e-01 01100
 -1.6704146864416267e-01 -5.8099319659033734e-02 -2.0099893687150983e-02 -1.7795864400000000e-02 00200
 -3.4471396574388197e-01 -1.9385613010111935e+01 5.1499986266478324e+00 -1.7964206399999999e-01 10010
 3.0906142028572314e+00 -2.1284718069060752e+01 3.3707452988774098e+00 5.1434082800000001e+00 01010
 5.7504489664256231e-01 -6.1790867713285080e-01 -4.8519572430267860e-02 4.5628469799999999e-01 00110
 -7.7404010080311609e+00 3.0198791144527894e+00 -4.9124336250426348e-01 -6.4079203600000003e+00 00020
 1.4136326299887025e+00 2.2344425115749331e-01 -9.6764971770648800e-02 9.3683431900000003e-01 30000
 -2.8758151829237637e+01 -2.2369263779662192e+00 1.1193495449617166e+00 -1.3540589900000001e+01 21000
 2.0528778330762651e+02 2.2791717493148460e+00 -3.8016317316392909e+00 5.1879764199999997e+01 12000
 -5.5354287626829057e+02 3.2720059483963475e+01 -1.1418381933403017e+00 -2.0498985000000001e+01 03000
 2.5303924189113709e+00 -5.1218504772638695e+00 1.2588596879173086e+00 -3.1254219399999998e-02 20100
 -2.6826737266852547e+01 5.5686061939535307e+01 -1.2862423041619211e+01 2.8400841199999999e-01 11100
 3.4873837496788234e+01 -1.3570411119352903e+02 2.5805347579123943e+01 3.9556433100000001e+00 02100
 5.1625513434872961e-01 3.2816482520489760e+00 -5.2399241479369429e-01 9.5431561099999995e-01 10200
 2.2845394740539495e+00 -2.1894668970637355e+01 3.3551935933935999e+00 -7.0688381700000003e+00 01200
 1.0687641841527140e+00 -2.1227633182323496e-01 5.0740663052308899e-01 -3.5820566700000001e-01 00300
 -6.6120747844720986e+00 6.4062678940474541e+01 -1.7020778164549803e+01 -2.7448817499999998e+00 20010
 8.5368669797039118e+01 -7.1675142215891503e+02 1.7548472817581506e+02 1.0681983600000001e+01 11010
 -1.0477371774998865e+02 1.8112214344060999e+03 -3.6777953598769255e+02 -4.6776265000000002e+01 02010
 -3.9256244619173174e+01 -5.3753202646158350e+01 6.7381039707466224e+00 4.3468718099999998e-01 10110
 1.6413905327950280e+02 3.8240065756445892e+02 -6.8224783822958500e+01 2.5692412099999999e+01 01110
 3.2540032556775405e+00 7.4659755107451105e+01 3.3697015406711550e+00 -3.1559352000000001e+00 00210
 2.5468435508514833e+02 -1.8215319141178985e+00 1.1831772061389685e+01 3.1907757499999999e+01 10020
 -2.0161618703916340e+03 -1.5864855920451657e+02 -4.1481938640415528e+01 -4.6789810199999999e+02 01020
 -4.3190860274889324e+01 -1.2082752602633000e+03 2.1262852180640317e+02 3.4179037000000001e+01 00120
 1.2949282455875209e+02 5.6657940323600551e+03 -1.2873916865810372e+03 -7.1508536199999995e+01 00030
 -8.1223067017528692e+00 1.4960423015205854e-01 -1.8184091854295067e-01 -2.3027877499999998e+00 40000
 1.7645602117524024e+02 -8.5775674902896437e+00 3.5252897281239415e+00 5.8024830899999998e+01 31000
 -1.2988202611521510e+03 7.9928593897927783e+01 -5.3924042653705078e+00 -4.9156237399999998e+02 22000
 3.3944584407466273e+03 -1.0011999378460696e+02 -2.3347633777467024e+02 1.7182972100000000e+03 13000
 -8.0179519321588214e+02 -7.6104045605740339e+02 9.7536858284820084e+02 -1.9501040300000000e+03 04000
 -2.5213456853225566e+01 9.1781751277352868e+00 -1.9476215833023449e+00 -1.4621283800000000e+00 30100
 4.2916952749694997e+02 -9.0342168906462732e+01 1.7455722874033896e+01 4.7295753499999996e+01 21100
 -2.5232285337415424e+03 1.0939384975806513e+01 3.4933776673122409e+01 -4.3237295599999999e+02 12100
 5.6864608422332112e+03 1.1913949896887275e+03 -4.8021913503271708e+02 1.3233994800000000e+03 03100
 -2.0542157543371649e+00 -9.8971353126766548e+00 -1.5111213538581612e+00 -1.0047251200000000e+00 20200
 -2.7559008295158250e+01 8.2330537272222799e+01 1.9872760474327730e+01 1.6743462399999999e+01 11200
 3.0414739559652600e+02 -3.5150551036324082e+01 -1.0545053844791590e+02 -6.7273158699999996e+01 02200
 -3.4258583429753806e+01 -2.1056482398366005e-01 1.0539070317179670e+01 4.9815545700000001e+00 10300
 1.9163950502372069e+02 -2.2972481534415917e+02 -6.3003417520539537e+00 -3.7436718100000000e+01 01300
 1.2334240463845802e+01 -1.6690117853313968e+01 1.1238985468001294e+01 3.8352631700000002e+00 00400
 1.4943935548442118e+02 -1.6452206694994814e+02 3.3121068283864645e+01 2.0406354700000001e+01 30010
 -2.0121614935895591e+03 2.2095523231973630e+03 -3.6883657692036701e+02 -5.2187064599999997e+02 21010
 8.8868566071020468e+03 -7.5761647853350169e+03 3.8172875893147381e+02 4.0218560800000000e+03 12010
 -2.1162792589604662e+04 1.0133514648805805e+03 4.5590672299105427e+03 -1.1081659400000000e+04 03010
 1.6573853778490097e+01 4.2879552004723871e+02 -1.4257758564386807e+01 -2.6109065900000001e+01 20110
 9.1927655472157505e+02 -3.7087989238086939e+03 1.1368180361740814e+01 3.4366059500000000e+02 11110
 -5.5538004656695475e+03 3.1274616831091280e+03 1.7898849068003076e+03 -9.7405222100000003e+02 02110
 5.1089586614625620e+02 -2.7686866132873928e+02 -9.2249398180098538e+01 -3.6510193000000001e+01 10210
 -3.2090725585067448e+03 4.0471748334304220e+03 -1.6455281014058258e+02 2.9243684000000002e+02 01210
 -1.9499729964549263e+02 -1.6016975015562977e+01 1.1552716436969492e+02 -8.4939199799999997e+01 00310
 5.3921608227625867e+01 -2.2567817615325707e+03 4.5494319910229893e+02 4.0636932100000001e+02 20020
 -8.9501999923078311e+03 1.6064249883669852e+04 -6.2760815070356912e+03 -4.5869649099999997e+03 11020
 4.6891755383466472e+04 -3.7244154311489324e+03 1.3952526480035885e+04 9.3584628599999996e+03 02020
 -3.0998257514804209e+03 4.9987641691966010e+03 1.3227545387143616e+03 6.0264629700000000e+01 10120
 2.6102884771354518e+04 -2.2750265256222388e+04 1.0583728042991599e+01 -6.9720597099999998e+02 01120
 7.2783456383843702e+02 1.8531518226896862e+03 -3.0280886056439676e+03 7.2697501299999999e+02 00220
 7.5302772486636259e+03 -2.9561894683461571e+04 3.7986290785761053e+03 5.3606629499999997e+02 10030
 -6.9045508324169612e+04 9.7831158095224630e+04 -1.1430824988953093e+04 -2.3364836399999999e+03 01030
 -2.0757301981501514e+04 -2.7486933673267749e+03 1.2085205014347241e+04 -1.6674671400000000e+03 00130
 1.4412718780960984e+05 -5.2773342085949516e+04 2.0371407429815939e+04 3.9121164899999999e+03 00040
 2.3852178987225102e+01 -7.7507492010030097e+00 3.5212263651143010e+00 4.9678190300000002e+00 50000
 -4.6192785419060283e+02 2.4078754765987301e+02 -1.1165004646780778e+02 -2.1463550799999999e+02 41000
 1.4775854248162032e+03 -3.0498886294879139e+03 1.5046949006644008e+03 3.4385126599999999e+03 32000
 2.2746458707678798e+04 1.8434034987637209e+04 -1.0350904982464917e+04 -2.7888407800000001e+04 23000
 -1.9116089061545589e+05 -4.9929719617128001e+04 3.5078033959465138e+04 1.1885052899999999e+05 14000
 4.2458744164096628e+05 3.4510064317942008e+04 -4.3695948267399144e+04 -2.0979779999999999e+05 05000
 6.2478163693142100e+01 9.5546386542980732e-01 -1.9222186180659784e+00 3.0790796100000000e+00 40100
 -9.0641918100099929e+02 -1.7448901406357072e+02 4.1436190302163169e+01 -7.1757031799999993e+01 31100
 2.6008765333330587e+02 3.8384621855374576e+03 -2.7675036615480752e+02 1.7523077900000001e+02 22100
 3.7415302403026908e+04 -2.5710463502488248e+04 -3.2690359831314521e+02 3.6607079199999998e+03 13100
 -9.7233708502668931e+04 5.4296033549595668e+04 5.7833557823678475e+03 -1.8679771700000001e+04 04100
 2.8769624633325765e+01 -1.3546206062045448e+01 2.9199442440189372e+01 -9.8292970799999999e+00 30200
 -2.5882730159983606e+02 1.8944497247129644e+02 -1.8587784338423529e+02 2.2322339500000001e+02 21200
 1.1403149995503099e+02 -2.4103977410690150e+03 -1.3650792571830777e+03 -1.9345593400000000e+03 12200
 -6.2245573698040175e+02 8.3791316936791354e+03 1.0370593100196058e+04 6.2959604900000004e+03 03200
 1.5541498808813176e+02 -5.3804815672868225e+00 -3.8799510523009658e+01 7.5324127100000000e+00 20300
 -7.6938609065087383e+02 2.2686626242660876e+02 6.8471616313014309e+01 -1.7311873199999999e+02 11300
 -1.7710495442686217e+03 5.8853984047259737e+03 -1.9980732748039307e+02 1.0774482200000000e+03 02300
 4.1448414742153012e+01 1.0689555669532542e+02 -6.3225568626436214e+01 -1.1124031400000001e+00 10400
 -8.0012514042106557e+02 1.5507415776515415e+02 5.2137959424523281e+01 -1.0768688200000000e+02 01400
 3.5429287974165486e+00 1.6753665072772711e+02 -1.1349800801149225e+02 -1.3675491200000001e+00 00500
 -1.1357329833205783e+03 1.6298770193631287e+02 8.9792973244495080e+00 -4.8581986499999999e+01 40010
 2.2626962546723818e+04 -1.0209195725629743e+03 -5.8663760218928928e+02 1.9529719100000000e+03 31010
 -1.4566615596107737e+05 -2.6664560004732375e+04 1.0882212216999553e+04 -2.0776508900000001e+04 22010
 2.8050646479003539e+05 2.7485086550982634e+05 -6.7137509072157074e+04 7.9440774900000004e+04 13010
 5.9709671864256045e+04 -7.1125405288455158e+05 1.1326293130633383e+05 -7.1841567599999995e+04 04010
 1.3010676431287438e+03 -1.4261118065378510e+03 -2.9105475940611183e+02 6.3779292800000000e+01 30110
 -3.0013891693383215e+04 2.4169951679906066e+04 1.5804807789516581e+03 -1.7658266000000001e+03 21110
 2.3185537419029759e+05 -1.0075280820889219e+05 1.4999942552593175e+04 1.1961652899999999e+04 12110
 -5.2648133342512790e+05 8.3606704253222924e+04 -9.6526557842960261e+04 -3.6062570899999999e+04 03110
 -3.1071749690270372e+03 1.3061917455868218e+03 7.4696000773829985e+02 -8.6987571199999998e+00 20210
 1.0176546850487302e+04 -3.8384211318379304e+04 3.2443587875391659e+03 1.6077307200000000e+03 11210
 6.5991631089052345e+04 1.7584183434047896e+04 -3.2781765225907460e+04 -1.1675984399999999e+04 02210
 3.8348364305983699e+02 -1.6458473122576645e+03 5.8396320698654029e+02 1.6598224700000000e+02 10310
 1.1356527349384583e+04 4.4741576644970201e+03 -5.6622537275823825e+03 9.4686973100000000e+02 01310
 -2.1716133264480441e+03 2.7878991211123998e+03 -1.2619367420963333e+03 1.6439557600000001e+02 00410
 -1.3174356141016877e+04 1.2374757747327216e+04 5.1242229223294066e+02 -2.4076491099999998e+03 30020
 2.8849884176189988e+05 -1.7445226392299178e+05 -6.5711979718611146e+03 5.5520991600000001e+04 21020
 -2.1919916542281085e+06 5.3424228500883142e+05 2.9965130610303731e+04 -4.1814969699999999e+05 12020
 5.7356997944226433e+06 -2.3390502364721705e+05 -1.4436197457953054e+04 1.1185970900000001e+06 03020
 2.8807568242369729e+04 -1.5667286287708865e+04 -4.7767509711630219e+03 3.3250162999999998e+02 20120
 -1.7453002162788316e+05 3.9372120086146053e+05 -2.6036852665744929e+04 -1.4254245100000000e+04 11120
 -1.0115662813207661e+05 -7.3950539022533654e+05 2.9426497094087355e+05 5.2657758800000003e+04 02120
 -3.2117154613149531e+04 5.2206235019988462e+03 1.1128771531459608e+04 -3.9989584300000001e+03 10220
 1.8143335377584928e+04 -8.7287527059883549e+04 5.9769347556942550e+04 2.5102144300000000e+04 01220
 4.8263743937044019e+04 -5.6880144118091084e+04 4.8167217543324346e+04 9.0266857599999994e+01 00320
 -1.0487126781601936e+05 5.0051305284770424e+04 3.6252135066418305e+04 -9.3089900000000000e+02 20030
 7.4738863533474063e+05 -1.0627541680700532e+06 1.7273957152811269e+05 3.9788767800000001e+04 11030
 7.6550831682708231e+04 3.3715829181478559e+06 -1.3245078921219481e+06 -1.1875274700000000e+05 02030
 2.1339523874770504e+05 5.2697406413523575e+04 -1.0496950330506975e+05 2.9493169800000000e+04 10130
 -6.7873593996715744e+05 2.2309794760255671e+04 -2.5370588600796877e+05 -2.5987719800000000e+05 01130
 -4.3467714688582573e+05 1.2650992987760804e+05 -3.5521613303167984e+05 1.1004152400000000e+03 00230
 -3.1374035701452557e+05 -7.3158278005784305e+04 1.5920515283948387e+05 -1.3196676600000001e+04 10040
 2.9547298387159673e+06 5.4215619589135330e+05 6.3027914498225728e+05 3.0309427799999999e+05 01040
 1.9085819136037426e+06 9.6986881729945040e+05 9.4341795669932454e+05 -1.7333469400000002e+04 00140
 -3.4471915127912774e+06 -3.3649180662781792e+06 -4.6934455503631791e+05 3.0963153100000000e+04 00050
 -2.6839770219913181e+01 2.2243670143968309e+01 -7.1904381633854655e+00 0.0000000000000000e+00 60000
 5.1254339634195026e+02 -9.1627406460110092e+02 3.1160394434713135e+02 0.0000000000000000e+00 51000
 -1.5266243980443489e+03 1.7308181372830844e+04 -6.0857811614053417e+03 0.0000000000000000e+00 42000
 -1.0160688457007076e+04 -1.8179864343810640e+05 6.5308690817008675e+04 0.0000000000000000e+00 33000
 -1.1683317949188696e+05 1.0941490683153060e+06 -3.9957018632122758e+05 0.0000000000000000e+00 24000
 1.7531606137484247e+06 -3.6186842807151810e+06 1.3381812247804089e+06 0.0000000000000000e+00 15000
 -4.9461121454171641e+06 5.2378349955288637e+06 -1.9381014789881692e+06 0.0000000000000000e+00 06000
 -1.8332280255129781e+01 -2.5380634694556921e+01 1.2112690641379251e+01 0.0000000000000000e+00 50100
 -5.0721166175735249e+02 5.1577496932084625e+02 -3.0472050011036714e+02 0.0000000000000000e+00 41100
 1.5570920003726140e+04 -3.8727532891972705e+03 3.7740993495553494e+03 0.0000000000000000e+00 32100
 -6.9716761162510695e+04 -9.3408614126018711e+03 -2.7245735461844430e+04 0.0000000000000000e+00 23100
 -1.8945544816673611e+05 2.2110200043281406e+05 1.2103124247713515e+05 0.0000000000000000e+00 14100
 6.0746363713286282e+05 -6.3293612619432528e+05 -2.1371388420009767e+05 0.0000000000000000e+00 05100
 -1.1894087280167777e+02 3.6432118695278824e+01 -7.8084684127486881e+01 0.0000000000000000e+00 40200
 2.8074484974349780e+03 -1.2461385198099677e+02 1.2455660590396062e+03 0.0000000000000000e+00 31200
 -2.5827916948489121e+04 -2.2997772931348541e+03 -1.1490246757952924e+04 0.0000000000000000e+00 22200
 1.1269908749125335e+05 3.8822020306679391e+04 8.9532699223975695e+04 0.0000000000000000e+00 13200
 -1.9633735943545619e+05 -1.1447924849962092e+05 -3.0243208024531871e+05 0.0000000000000000e+00 04200
 -1.9498858988050833e+02 1.5248563964493865e+01 4.2571669945681293e+01 0.0000000000000000e+00 30300
 1.1096316892832367e+03 5.9058198331482174e+02 -1.9025423167346864e+02 0.0000000000000000e+00 21300
 -4.3950113113123080e+03 -7.8819084313652747e+03 -2.0207009239077188e+03 0.0000000000000000e+00 12300
 4.3854377442886776e+04 -3.9555133173558250e+04 7.7176025429824167e+03 0.0000000000000000e+00 03300
 -1.9467098105485701e+02 -1.7268458509067324e+02 6.3547288005543322e+01 0.0000000000000000e+00 20400
 2.2929059721618587e+03 -2.9427154192679485e+01 5.0428539073609682e+02 0.0000000000000000e+00 11400
 2.4347919952336351e+03 -2.4241749599958302e+03 -4.3751725434904829e+03 0.0000000000000000e+00 02400
 5.4530001285744710e+01 -3.8590727860181664e+02 1.9218963959243382e+02 0.0000000000000000e+00 10500
 -2.6956890668993708e+02 -1.5285229042137964e+03 1.4556256310667459e+03 0.0000000000000000e+00 01500
 -1.9463069175923007e+02 -9.2467683939802782e+01 7.1118988399793652e+00 0.0000000000000000e+00 00600
 2.2954222090622739e+03 2.1081314657460535e+02 -2.1764358037111919e+01 0.0000000000000000e+00 50010
 -5.5497305253183004e+04 -1.0085469812723039e+04 -2.1848041724973823e+03 0.0000000000000000e+00 41010
 4.5508156691108533e+05 1.6573978043615981e+05 7.8118446463277447e+04 0.0000000000000000e+00 32010
 -1.8445565759022646e+06 -8.3870139972813881e+05 -9.2831441416304547e+05 0.0000000000000000e+00 23010
 5.5569352214129120e+06 -3.9061750492486387e+05 4.5175047778256601e+06 0.0000000000000000e+00 14010
 -6.1969785922051845e+06 8.1872671801705780e+06 -8.0219785320760543e+06 0.0000000000000000e+00 05010
 -3.2699917489231179e+03 2.0585591741207354e+03 4.8292139217786860e+02 0.0000000000000000e+00 40110
 8.1261542401744722e+04 -4.2299331358452495e+04 3.6675505499930723e+03 0.0000000000000000e+00 31110
 -6.3026281883818272e+05 1.7991378516085108e+05 -1.0644247279655660e+05 0.0000000000000000e+00 22110
 1.3711921342789924e+06 -1.0040793922011103e+05 2.5066258032701004e+05 0.0000000000000000e+00 13110
 9.2457964985673584e+05 6.1591896350607800e+04 1.0500151545214369e+06 0.0000000000000000e+00 04110
 7.0907379739008684e+03 -1.2772215948773810e+03 -1.3571355160969761e+03 0.0000000000000000e+00 30210
 -8.6703156327770368e+04 1.6107325391190199e+04 -1.0833049874216653e+04 0.0000000000000000e+00 21210
 6.3461035714075435e+05 5.3435436469791166e+05 1.2573476834971887e+05 0.0000000000000000e+00 12210
 -2.3727411336371689e+06 -1.0061158520960350e+06 -2.7426787897233421e+05 0.0000000000000000e+00 03210
 -1.1799954280726320e+03 5.6806470365499918e+03 -7.9468563698633864e+02 0.0000000000000000e+00 20310
 -4.0891319066360644e+04 -2.8834145899387055e+04 -1.6424270614593213e+04 0.0000000000000000e+00 11310
 -7.9072544403934575e+04 1.4902025419345897e+05 1.2152452731704863e+05 0.0000000000000000e+00 02310
 8.2533918423496998e+03 -1.5034520881009703e+02 -4.3191640572384635e+01 0.0000000000000000e+00 10410
 -1.8863092822925282e+04 -4.9180701515425862e+04 2.5420435527227266e+04 0.0000000000000000e+00 01410
 1.2799273527747433e+04 1.6842574186593927e+03 7.8118209079002008e+02 0.0000000000000000e+00 00510
 2.7201044508040515e+04 -3.6585549248136922e+04 -5.6187923805431201e+03 0.0000000000000000e+00 40020
 -5.3457664758979226e+05 7.0811527752718143e+05 1.0861259328450767e+05 0.0000000000000000e+00 31020
 2.2090704031940154e+06 -3.5879171756933667e+06 -1.0936537986700877e+06 0.0000000000000000e+00 22020
 1.1718510962961314e+07 1.0231506975316497e+06 7.7357001703396374e+06 0.0000000000000000e+00 13020
 -6.6246587982330397e+07 1.5254187392836951e+07 -2.3848616947587833e+07 0.0000000000000000e+00 04020
 -6.0092442159873332e+04 3.2378025964597684e+04 2.3800689563294683e+04 0.0000000000000000e+00 30120
 6.9900477302921971e+05 -8.4945334925751714e+05 3.1728989858042874e+04 0.0000000000000000e+00 21120
 -3.9193213737616423e+06 -4.5114248835182907e+06 -1.3849877381842567e+06 0.0000000000000000e+00 12120
 9.3970243914938346e+06 2.0563213557412621e+07 4.2858444319801033e+06 0.0000000000000000e+00 03120
 7.1811092780027670e+04 -5.3666485064642562e+04 -1.4978345317993620e+04 0.0000000000000000e+00 20220
 8.5001967646252445e+05 9.4017638023932313e+05 -1.9615905182352886e+04 0.0000000000000000e+00 11220
 -2.9009579991159337e+06 -1.9795063798927639e+06 -9.8746122833822249e+05 0.0000000000000000e+00 02220
 -1.9657685430925418e+05 1.9243868363276322e+05 -1.6348866828863410e+05 0.0000000000000000e+00 10320
 -2.2417991798698358e+05 8.8814371695272042e+05 -6.2344010383185814e+05 0.0000000000000000e+00 01320
 -1.8071138940163661e+05 -1.6924050433712310e+05 7.8309829598834054e+04 0.0000000000000000e+00 00420
 1.9053550703598454e+05 5.1941629336702106e+04 -1.8409336677367255e+05 0.0000000000000000e+00 30030
 -1.9247195321409588e+06 2.6380981510545313e+05 2.2028460942553654e+06 0.0000000000000000e+00 21030
 -3.3476310364027661e+06 4.1875198949990019e+07 -3.8027409313921859e+06 0.0000000000000000e+00 12030
 7.1551002562447637e+07 -1.6116602287148109e+08 -1.5023545859836154e+07 0.0000000000000000e+00 03030
 -4.1611845846609614e+05 -2.2886992292735141e+05 7.4640753399639425e+05 0.0000000000000000e+00 20130
 -1.3968021462632531e+07 -4.3652540541272927e+06 -4.4156805891583310e+06 0.0000000000000000e+00 11130
 6.9882441335422292e+07 -1.1221202699652607e+07 2.8337686590967726e+07 0.0000000000000000e+00 02130
 1.9889622862927732e+06 -4.0591976847804757e+05 1.9780915759505990e+06 0.0000000000000000e+00 10230
 6.3930349040919244e+06 -2.2195868198968670e+06 2.8935016835610862e+06 0.0000000000000000e+00 01230
 1.1813746597452979e+06 4.3705206489897352e+06 -2.5549874695920027e+06 0.0000000000000000e+00 00330
 -1.1552590913415479e+06 5.3068439880930148e+06 -5.4262709357339386e+06 0.0000000000000000e+00 20040
 8.1069024669858679e+07 -3.3515261780566771e+07 5.1196361729718395e+07 0.0000000000000000e+00 11040
 -3.6960616160925919e+08 2.1143800153457564e+08 -2.4316426496294224e+08 0.0000000000000000e+00 02040
 -1.1756448546045089e+07 -2.0533582028294317e+07 -4.3519493696683450e+06 0.0000000000000000e+00 10140
 -2.2751327052085727e+07 2.6366280288916072e+06 -1.4162581510288844e+07 0.0000000000000000e+00 01140
 -1.9363126811450902e+07 -3.7090577293278545e+07 2.2565394573749386e+07 0.0000000000000000e+00 00240
 2.9848162694132302e+07 1.1023072399167202e+08 -1.5252919703856757e+07 0.0000000000000000e+00 10050
 -1.0727317118100001e+07 -9.2987901062078044e+07 9.5290975361515716e+07 0.0000000000000000e+00 01050
 2.1803271228992528e+08 9.7173502507115930e+07 -5.1179409059211813e+07 0.0000000000000000e+00 00150
 -7.3622542270770669e+08 4.2321229967173599e+07 -8.8362755307416543e+07 0.0000000000000000e+00 00060
 1.1258424199999999e+00 0.0000000000000000e+00 0.0000000000000000e+00 7.6817769999999996e-01 00001
 -3.3092960599999999e+00 0.0000000000000000e+00 0.0000000000000000e+00 -1.2482495400000000e+00 10001
 9.5582156000000005e+00 0.0000000000000000e+00 0.0000000000000000e+00 7.1898036500000000e+00 01001
 -1.2807550800000000e+01 0.0000000000000000e+00 0.0000000000000000e+00 -1.7948002400000000e+00 00002
 3.1328287000000000e+01 0.0000000000000000e+00 0.0000000000000000e+00 4.3097902599999998e+00 20001
 -3.6635859399999998e+02 0.0000000000000000e+00 0.0000000000000000e+00 -4.7514103499999997e+01 11001
 1.2812726399999999e+03 0.0000000000000000e+00 0.0000000000000000e+00 1.2740499699999999e+02 02001
 8.4649294600000005e+00 0.0000000000000000e+00 0.0000000000000000e+00 1.5213236200000000e+00 00201
 -2.1218133200000000e+02 0.0000000000000000e+00 0.0000000000000000e+00 -4.4842024199999997e+01 00111
 8.6216804499999995e+01 0.0000000000000000e+00 0.0000000000000000e+00 1.3903586900000001e+01 10002
 -2.0237557699999999e+02 0.0000000000000000e+00 0.0000000000000000e+00 -7.5177002500000000e+01 01002
 1.2924057499999999e+03 0.0000000000000000e+00 0.0000000000000000e+00 3.3294530099999997e+02 00021
 1.5246574300000000e+02 4.1239841799999999e+02 -1.1855168000000000e+02 0.0000000000000000e+00 00012
 5.6814234300000003e+01 0.0000000000000000e+00 0.0000000000000000e+00 1.5595186500000001e+01 00003
 -1.1109064100000001e+02 0.0000000000000000e+00 0.0000000000000000e+00 -1.5717735800000000e+01 30001
 1.3012309000000000e+03 0.0000000000000000e+00 0.0000000000000000e+00 2.4992499500000000e+02 21001
 -3.3776413699999998e+03 0.0000000000000000e+00 0.0000000000000000e+00 -1.2056100300000001e+03 12001
 -1.0805725299999999e+03 0.0000000000000000e+00 0.0000000000000000e+00 1.6507063800000001e+03 03001
 -2.0675836699999999e+02 0.0000000000000000e+00 0.0000000000000000e+00 -8.6394541199999999e+00 10201
 1.2861228000000001e+03 0.0000000000000000e+00 0.0000000000000000e+00 5.1734533999999996e+01 01201
 4.5738898999999998e+02 0.0000000000000000e+00 0.0000000000000000e+00 2.4632876999999999e+02 10111
 3.1552100700000000e+02 0.0000000000000000e+00 0.0000000000000000e+00 -1.4688802499999999e+03 01111
 -2.8637608399999999e+00 0.0000000000000000e+00 0.0000000000000000e+00 -7.7696205800000001e+01 20002
 -2.8453250400000002e+02 0.0000000000000000e+00 0.0000000000000000e+00 8.0826721799999996e+02 11002
 -5.4968678599999997e+01 0.0000000000000000e+00 0.0000000000000000e+00 -1.8872739300000001e+03 02002
 -8.9490322900000001e+02 0.0000000000000000e+00 0.0000000000000000e+00 -1.3172162699999999e+01 00202
 -5.8186814800000001e+01 0.0000000000000000e+00 0.0000000000000000e+00 -1.7587238100000000e+03 10021
 2.8100110300000001e+01 0.0000000000000000e+00 0.0000000000000000e+00 1.0443614200000000e+04 01021
 2.4986902400000002e+01 0.0000000000000000e+00 0.0000000000000000e+00 3.7717688900000002e+02 00112
 -4.7104892700000001e+00 0.0000000000000000e+00 0.0000000000000000e+00 -1.7433297400000001e+02 10003
 -9.4935661400000004e-01 0.0000000000000000e+00 0.0000000000000000e+00 8.9351807699999995e+02 01003
 5.9109615599999996e+00 0.0000000000000000e+00 0.0000000000000000e+00 -2.7085707800000000e+03 00022
 1.0590745000000000e-01 0.0000000000000000e+00 0.0000000000000000e+00 -1.4915634900000001e+02 00004
 7.4420433400000000e-02 0.0000000000000000e+00 0.0000000000000000e+00 0.0000000000000000e+00 00101
 -9.3204445700000005e-01 0.0000000000000000e+00 0.0000000000000000e+00 0.0000000000000000e+00 00011
 2.8452158100000000e+00 0.0000000000000000e+00 0.0000000000000000e+00 0.0000000000000000e+00 10101
 -2.5439373000000000e+01 0.0000000000000000e+00 0.0000000000000000e+00 0.0000000000000000e+00 01101
 1.3705155500000000e+01 0.0000000000000000e+00 0.0000000000000000e+00 0.0000000000000000e+00 10011
 -7.2542508699999999e+01 0.0000000000000000e+00 0.0000000000000000e+00 0.0000000000000000e+00 01011
 1.1188551900000000e+01 0.0000000000000000e+00 0.0000000000000000e+00 0.0000000000000000e+00 00102
 -2.9857603999999998e+01 0.0000000000000000e+00 0.0000000000000000e+00 0.0000000000000000e+00 20101
 2.5760759400000001e+02 0.0000000000000000e+00 0.0000000000000000e+00 0.0000000000000000e+00 11101
 2.2280062200000000e+02 0.0000000000000000e+00 0.0000000000000000e+00 0.0000000000000000e+00 02101
 -5.7470399800000003e+00 0.0000000000000000e+00 0.0000000000000000e+00 0.0000000000000000e+00 00301
 -5.8377417100000002e+01 0.0000000000000000e+00 0.0000000000000000e+00 0.0000000000000000e+00 20011
 -7.5798640700000007e+01 0.0000000000000000e+00 0.0000000000000000e+00 0.0000000000000000e+00 11011
 -2.0030666900000000e+01 0.0000000000000000e+00 0.0000000000000000e+00 0.0000000000000000e+00 02011
 8.1569985000000003e+01 0.0000000000000000e+00 0.0000000000000000e+00 0.0000000000000000e+00 00211
 3.9907235700000001e+01 0.0000000000000000e+00 0.0000000000000000e+00 0.0000000000000000e+00 10102
 2.6133789799999999e+01 0.0000000000000000e+00 0.0000000000000000e+00 0.0000000000000000e+00 01102
 1.1102801200000000e+01 0.0000000000000000e+00 0.0000000000000000e+00 0.0000000000000000e+00 00121
 1.5806418400000000e+01 0.0000000000000000e+00 0.0000000000000000e+00 0.0000000000000000e+00 10012
 2.5233279000000000e+00 0.0000000000000000e+00 0.0000000000000000e+00 0.0000000000000000e+00 01012
 1.4961163900000001e+00 0.0000000000000000e+00 0.0000000000000000e+00 0.0000000000000000e+00 00103
 2.9442717200000001e+00 0.0000000000000000e+00 0.0000000000000000e+00 0.0000000000000000e+00 00031
 1.9644430600000001e-01 0.0000000000000000e+00 0.0000000000000000e+00 0.0000000000000000e+00 00013
 1.6957368000000000e+02 0.0000000000000000e+00 0.0000000000000000e+00 0.0000000000000000e+00 40001
 -1.1884030900000000e+03 0.0000000000000000e+00 0.0000000000000000e+00 0.0000000000000000e+00 31001
 -2.5640085899999999e+03 0.0000000000000000e+00 0.0000000000000000e+00 0.0000000000000000e+00 22001
 -7.9612626599999999e+02 0.0000000000000000e+00 0.0000000000000000e+00 0.0000000000000000e+00 13001
 -1.7013585599999999e+02 0.0000000000000000e+00 0.0000000000000000e+00 0.0000000000000000e+00 04001
 2.5273732400000000e+01 0.0000000000000000e+00 0.0000000000000000e+00 0.0000000000000000e+00 30101
 -3.0211779799999999e+02 0.0000000000000000e+00 0.0000000000000000e+00 0.0000000000000000e+00 21101
 1.0508874799999999e+01 0.0000000000000000e+00 0.0000000000000000e+00 0.0000000000000000e+00 12101
 1.7954560900000001e+01 0.0000000000000000e+00 0.0000000000000000e+00 0.0000000000000000e+00 03101
 3.9304286900000000e+02 0.0000000000000000e+00 0.0000000000000000e+00 0.0000000000000000e+00 20201
 -2.6547935800000000e+03 0.0000000000000000e+00 0.0000000000000000e+00 0.0000000000000000e+00 11201
 -6.7520795899999996e+02 0.0000000000000000e+00 0.0000000000000000e+00 0.0000000000000000e+00 02201
 3.1537455800000000e+01 0.0000000000000000e+00 0.0000000000000000e+00 0.0000000000000000e+00 10301
 -6.6287274900000000e+01 0.0000000000000000e+00 0.0000000000000000e+00 0.0000000000000000e+00 01301
 1.1048366800000000e+01 0.0000000000000000e+00 0.0000000000000000e+00 0.0000000000000000e+00 00401
 5.3995273300000001e+01 0.0000000000000000e+00 0.0000000000000000e+00 0.0000000000000000e+00 30011
 1.9851422299999999e+01 0.0000000000000000e+00 0.0000000000000000e+00 0.0000000000000000e+00 21011
 6.9951277899999997e+00 0.0000000000000000e+00 0.0000000000000000e+00 0.0000000000000000e+00 12011
 2.0305896899999998e+00 0.0000000000000000e+00 0.0000000000000000e+00 0.0000000000000000e+00 03011
 -4.1475572199999999e+02 0.0000000000000000e+00 0.0000000000000000e+00 0.0000000000000000e+00 20111
 -2.4292429500000000e+02 0.0000000000000000e+00 0.0000000000000000e+00 0.0000000000000000e+00 11111
 -5.3283176900000001e+01 0.0000000000000000e+00 0.0000000000000000e+00 0.0000000000000000e+00 02111
 1.4085442600000000e+01 0.0000000000000000e+00 0.0000000000000000e+00 0.0000000000000000e+00 10211
 -7.1897002499999996e+00 0.0000000000000000e+00 0.0000000000000000e+00 0.0000000000000000e+00 01211
 4.6617528200000002e+01 0.0000000000000000e+00 0.0000000000000000e+00 0.0000000000000000e+00 00311
 3.2702350999999999e+02 0.0000000000000000e+00 0.0000000000000000e+00 0.0000000000000000e+00 30002
 -4.6760376399999998e+01 0.0000000000000000e+00 0.0000000000000000e+00 0.0000000000000000e+00 21002
 -1.3113077600000000e+01 0.0000000000000000e+00 0.0000000000000000e+00 0.0000000000000000e+00 12002
 -2.1460877500000000e+00 0.0000000000000000e+00 0.0000000000000000e+00 0.0000000000000000e+00 03002
 -4.0516263400000003e+02 0.0000000000000000e+00 0.0000000000000000e+00 0.0000000000000000e+00 20102
 -3.7832739400000001e+01 0.0000000000000000e+00 0.0000000000000000e+00 0.0000000000000000e+00 11102
 -3.2861643300000001e+00 0.0000000000000000e+00 0.0000000000000000e+00 0.0000000000000000e+00 02102
 -7.9775662299999999e+02 0.0000000000000000e+00 0.0000000000000000e+00 0.0000000000000000e+00 10202
 -1.0025346300000000e+02 0.0000000000000000e+00 0.0000000000000000e+00 0.0000000000000000e+00 01202
 -5.8149400000000000e+01 0.0000000000000000e+00 0.0000000000000000e+00 0.0000000000000000e+00 00302
 -4.9721882500000000e+01 0.0000000000000000e+00 0.0000000000000000e+00 0.0000000000000000e+00 20021
 -2.3494000000000000e+01 0.0000000000000000e+00 0.0000000000000000e+00 0.0000000000000000e+00 11021
 -4.6306529500000000e+00 0.0000000000000000e+00 0.0000000000000000e+00 0.0000000000000000e+00 02021
 -7.0125265800000003e+00 0.0000000000000000e+00 0.0000000000000000e+00 0.0000000000000000e+00 10121
 -1.6612841400000000e+00 0.0000000000000000e+00 0.0000000000000000e+00 0.0000000000000000e+00 01121
 8.9976115900000000e+00 0.0000000000000000e+00 0.0000000000000000e+00 0.0000000000000000e+00 00221
 -2.6915856399999999e+01 0.0000000000000000e+00 0.0000000000000000e+00 0.0000000000000000e+00 20012
 -2.9374057699999998e+00 0.0000000000000000e+00 0.0000000000000000e+00 0.0000000000000000e+00 11012
 -2.8169995599999997e-01 0.0000000000000000e+00 0.0000000000000000e+00 0.0000000000000000e+00 02012
 -4.4261380600000003e+01 0.0000000000000000e+00 0.0000000000000000e+00 0.0000000000000000e+00 10112
 -5.1887392600000002e+00 0.0000000000000000e+00 0.0000000000000000e+00 0.0000000000000000e+00 01112
 -2.3091301500000001e+00 0.0000000000000000e+00 0.0000000000000000e+00 0.0000000000000000e+00 00212
 1.2974281100000001e+01 0.0000000000000000e+00 0.0000000000000000e+00 0.0000000000000000e+00 20003
 1.2986379400000001e+00 0.0000000000000000e+00 0.0000000000000000e+00 0.0000000000000000e+00 11003
 1.7931982099999999e-01 0.0000000000000000e+00 0.0000000000000000e+00 0.0000000000000000e+00 02003
 3.5963604300000002e-01 0.0000000000000000e+00 0.0000000000000000e+00 0.0000000000000000e+00 10103
 -6.8600012500000002e-02 0.0000000000000000e+00 0.0000000000000000e+00 0.0000000000000000e+00 01103
 4.7989772600000002e-01 0.0000000000000000e+00 0.0000000000000000e+00 0.0000000000000000e+00 00203
 -1.5183764099999999e+00 0.0000000000000000e+00 0.0000000000000000e+00 0.0000000000000000e+00 10031
 -2.5950537600000001e-01 0.0000000000000000e+00 0.0000000000000000e+00 0.0000000000000000e+00 01031
 1.2137887100000000e+00 0.0000000000000000e+00 0.0000000000000000e+00 0.0000000000000000e+00 00131
 -3.8339448699999998e+00 0.0000000000000000e+00 0.0000000000000000e+00 0.0000000000000000e+00 10022
 -4.4880310099999998e-01 0.0000000000000000e+00 0.0000000000000000e+00 0.0000000000000000e+00 01022
 4.3274224600000001e-02 0.0000000000000000e+00 0.0000000000000000e+00 0.0000000000000000e+00 00122
 4.3379578000000002e-02 0.0000000000000000e+00 0.0000000000000000e+00 0.0000000000000000e+00 10013
 3.8101713399999999e-04 0.0000000000000000e+00 0.0000000000000000e+00 0.0000000000000000e+00 01013
 7.1732702300000006e-02 0.0000000000000000e+00 0.0000000000000000e+00 0.0000000000000000e+00 00113
 4.0493515200000002e-03 0.0000000000000000e+00 0.0000000000000000e+00 0.0000000000000000e+00 10004
 -7.0401424799999997e-04 0.0000000000000000e+00 0.0000000000000000e+00 0.0000000000000000e+00 01004
 4.1771769200000001e-03 0.0000000000000000e+00 0.0000000000000000e+00 0.0000000000000000e+00 00104
 2.6521246799999998e-01 0.0000000000000000e+00 0.0000000000000000e+00 0.0000000000000000e+00 00041
 3.4293861799999999e-02 0.0000000000000000e+00 0.0000000000000000e+00 0.0000000000000000e+00 00032
 2.7421903000000001e-02 0.0000000000000000e+00 0.0000000000000000e+00 0.0000000000000000e+00 00023
 3.8234677400000002e-03 0.0000000000000000e+00 0.0000000000000000e+00 0.0000000000000000e+00 00014
 1.4659581000000001e-03 0.0000000000000000e+00 0.0000000000000000e+00 0.0000000000000000e+00 00005
 -2.2197897499999999e+02 0.0000000000000000e+00 0.0000000000000000e+00 0.0000000000000000e+00 50001
 2.0814843300000002e+03 0.0000000000000000e+00 0.0000000000000000e+00 0.0000000000000000e+00 41001
 -4.3056093600000003e+02 0.0000000000000000e+00 0.0000000000000000e+00 0.0000000000000000e+00 32001
 -2.1805028799999999e+02 0.0000000000000000e+00 0.0000000000000000e+00 0.0000000000000000e+00 23001
 -5.5584450099999998e+01 0.0000000000000000e+00 0.0000000000000000e+00 0.0000000000000000e+00 14001
 -1.1364256800000000e+01 0.0000000000000000e+00 0.0000000000000000e+00 0.0000000000000000e+00 05001
 1.0843246300000000e+02 0.0000000000000000e+00 0.0000000000000000e+00 0.0000000000000000e+00 40101
 -9.3186493399999995e+02 0.0000000000000000e+00 0.0000000000000000e+00 0.0000000000000000e+00 31101
 -1.9297715800000000e+02 0.0000000000000000e+00 0.0000000000000000e+00 0.0000000000000000e+00 22101
 -2.8647338300000001e+01 0.0000000000000000e+00 0.0000000000000000e+00 0.0000000000000000e+00 13101
 -3.4101753399999999e+00 0.0000000000000000e+00 0.0000000000000000e+00 0.0000000000000000e+00 04101
 6.1327849800000003e+01 0.0000000000000000e+00 0.0000000000000000e+00 0.0000000000000000e+00 30201
 -4.3628918599999999e+01 0.0000000000000000e+00 0.0000000000000000e+00 0.0000000000000000e+00 21201
 -4.7152181900000002e+01 0.0000000000000000e+00 0.0000000000000000e+00 0.0000000000000000e+00 12201
 -1.4919883000000000e+01 0.0000000000000000e+00 0.0000000000000000e+00 0.0000000000000000e+00 03201
 5.8831090099999997e+01 0.0000000000000000e+00 0.0000000000000000e+00 0.0000000000000000e+00 20301
 -3.6337865000000001e+01 0.0000000000000000e+00 0.0000000000000000e+00 0.0000000000000000e+00 11301
 -8.0151232799999992e+00 0.0000000000000000e+00 0.0000000000000000e+00 0.0000000000000000e+00 02301
 -1.0494428700000000e+02 0.0000000000000000e+00 0.0000000000000000e+00 0.0000000000000000e+00 10401
 3.4771335299999997e+01 0.0000000000000000e+00 0.0000000000000000e+00 0.0000000000000000e+00 01401
 -1.2228812499999999e+02 0.0000000000000000e+00 0.0000000000000000e+00 0.0000000000000000e+00 00501
 -7.7545342300000002e+01 0.0000000000000000e+00 0.0000000000000000e+00 0.0000000000000000e+00 40011
 -6.4131444900000005e+01 0.0000000000000000e+00 0.0000000000000000e+00 0.0000000000000000e+00 31011
 -1.3985750500000000e+01 0.0000000000000000e+00 0.0000000000000000e+00 0.0000000000000000e+00 22011
 -2.3365408200000002e+00 0.0000000000000000e+00 0.0000000000000000e+00 0.0000000000000000e+00 13011
 -3.4059649100000000e-01 0.0000000000000000e+00 0.0000000000000000e+00 0.0000000000000000e+00 04011
 2.9339419400000001e+01 0.0000000000000000e+00 0.0000000000000000e+00 0.0000000000000000e+00 30111
 4.8114933100000002e+01 0.0000000000000000e+00 0.0000000000000000e+00 0.0000000000000000e+00 21111
 9.5017492400000005e+00 0.0000000000000000e+00 0.0000000000000000e+00 0.0000000000000000e+00 12111
 1.3883754100000001e+00 0.0000000000000000e+00 0.0000000000000000e+00 0.0000000000000000e+00 03111
 5.2479251499999997e+01 0.0000000000000000e+00 0.0000000000000000e+00 0.0000000000000000e+00 20211
 3.8005874199999998e+00 0.0000000000000000e+00 0.0000000000000000e+00 0.0000000000000000e+00 11211
 2.3455513600000000e-01 0.0000000000000000e+00 0.0000000000000000e+00 0.0000000000000000e+00 02211
 3.9580808500000003e+01 0.0000000000000000e+00 0.0000000000000000e+00 0.0000000000000000e+00 10311
 1.5256354200000001e+01 0.0000000000000000e+00 0.0000000000000000e+00 0.0000000000000000e+00 01311
 -7.2808032699999998e+00 0.0000000000000000e+00 0.0000000000000000e+00 0.0000000000000000e+00 00411
 -5.9749734599999999e+02 0.0000000000000000e+00 0.0000000000000000e+00 0.0000000000000000e+00 40002
 -1.0272174900000000e+02 0.0000000000000000e+00 0.0000000000000000e+00 0.0000000000000000e+00 31002
 -1.5368110700000001e+01 0.0000000000000000e+00 0.0000000000000000e+00 0.0000000000000000e+00 22002
 -2.1720831600000001e+00 0.0000000000000000e+00 0.0000000000000000e+00 0.0000000000000000e+00 13002
 -2.7460926400000002e-01 0.0000000000000000e+00 0.0000000000000000e+00 0.0000000000000000e+00 04002
 1.0683798299999999e+02 0.0000000000000000e+00 0.0000000000000000e+00 0.0000000000000000e+00 30102
 1.2376615800000000e+01 0.0000000000000000e+00 0.0000000000000000e+00 0.0000000000000000e+00 21102
 1.4653033000000000e+00 0.0000000000000000e+00 0.0000000000000000e+00 0.0000000000000000e+00 12102
 1.8539329299999999e-01 0.0000000000000000e+00 0.0000000000000000e+00 0.0000000000000000e+00 03102
 1.1888713100000000e+01 0.0000000000000000e+00 0.0000000000000000e+00 0.0000000000000000e+00 20202
 -2.5566998800000000e+00 0.0000000000000000e+00 0.0000000000000000e+00 0.0000000000000000e+00 11202
 -8.6380901700000001e-01 0.0000000000000000e+00 0.0000000000000000e+00 0.0000000000000000e+00 02202
 1.8804701399999999e+01 0.0000000000000000e+00 0.0000000000000000e+00 0.0000000000000000e+00 10302
 2.4966757999999998e+00 0.0000000000000000e+00 0.0000000000000000e+00 0.0000000000000000e+00 01302
 -3.9308849700000001e+00 0.0000000000000000e+00 0.0000000000000000e+00 0.0000000000000000e+00 00402
 1.2703465100000001e+01 0.0000000000000000e+00 0.0000000000000000e+00 0.0000000000000000e+00 30021
 7.9618751600000000e+00 0.0000000000000000e+00 0.0000000000000000e+00 0.0000000000000000e+00 21021
 1.6098250700000001e+00 0.0000000000000000e+00 0.0000000000000000e+00 0.0000000000000000e+00 12021
 2.5756567499999999e-01 0.0000000000000000e+00 0.0000000000000000e+00 0.0000000000000000e+00 03021
 5.9357450700000003e+00 0.0000000000000000e+00 0.0000000000000000e+00 0.0000000000000000e+00 20121
 6.7934845300000002e-01 0.0000000000000000e+00 0.0000000000000000e+00 0.0000000000000000e+00 11121
 7.5755015100000003e-02 0.0000000000000000e+00 0.0000000000000000e+00 0.0000000000000000e+00 02121
 7.3629458100000003e+00 0.0000000000000000e+00 0.0000000000000000e+00 0.0000000000000000e+00 10221
 2.3008013500000000e+00 0.0000000000000000e+00 0.0000000000000000e+00 0.0000000000000000e+00 01221
 -1.1838300700000000e-01 0.0000000000000000e+00 0.0000000000000000e+00 0.0000000000000000e+00 00321
 1.4425814500000000e+01 0.0000000000000000e+00 0.0000000000000000e+00 0.0000000000000000e+00 30012
 1.5265816299999999e+00 0.0000000000000000e+00 0.0000000000000000e+00 0.0000000000000000e+00 21012
 1.6302881699999999e-01 0.0000000000000000e+00 0.0000000000000000e+00 0.0000000000000000e+00 12012
 1.7168950900000000e-02 0.0000000000000000e+00 0.0000000000000000e+00 0.0000000000000000e+00 03012
 1.5074373400000001e+01 0.0000000000000000e+00 0.0000000000000000e+00 0.0000000000000000e+00 20112
 1.6070658300000000e+00 0.0000000000000000e+00 0.0000000000000000e+00 0.0000000000000000e+00 11112
 1.6646502299999999e-01 0.0000000000000000e+00 0.0000000000000000e+00 0.0000000000000000e+00 02112
 2.2880329700000002e+00 0.0000000000000000e+00 0.0000000000000000e+00 0.0000000000000000e+00 10212
 2.6541344900000002e-01 0.0000000000000000e+00 0.0000000000000000e+00 0.0000000000000000e+00 01212
 3.2668393000000000e+00 0.0000000000000000e+00 0.0000000000000000e+00 0.0000000000000000e+00 00312
 -1.4469480500000000e+00 0.0000000000000000e+00 0.0000000000000000e+00 0.0000000000000000e+00 30003
 -3.0155182100000000e-01 0.0000000000000000e+00 0.0000000000000000e+00 0.0000000000000000e+00 21003
 -9.7940595800000002e-02 0.0000000000000000e+00 0.0000000000000000e+00 0.0000000000000000e+00 12003
 -2.1887463300000000e-02 0.0000000000000000e+00 0.0000000000000000e+00 0.0000000000000000e+00 03003
 2.1373127700000000e-01 0.0000000000000000e+00 0.0000000000000000e+00 0.0000000000000000e+00 20103
 -4.2487175700000003e-03 0.0000000000000000e+00 0.0000000000000000e+00 0.0000000000000000e+00 11103
 -2.6398123599999999e-03 0.0000000000000000e+00 0.0000000000000000e+00 0.0000000000000000e+00 02103
 -3.9033618199999998e-01 0.0000000000000000e+00 0.0000000000000000e+00 0.0000000000000000e+00 10203
 -2.2056344900000000e-02 0.0000000000000000e+00 0.0000000000000000e+00 0.0000000000000000e+00 01203
 -2.5206106999999998e-02 0.0000000000000000e+00 0.0000000000000000e+00 0.0000000000000000e+00 00303
 8.3539572600000001e-01 0.0000000000000000e+00 0.0000000000000000e+00 0.0000000000000000e+00 20031
 1.0108242400000000e-01 0.0000000000000000e+00 0.0000000000000000e+00 0.0000000000000000e+00 11031
 1.1382651500000000e-02 0.0000000000000000e+00 0.0000000000000000e+00 0.0000000000000000e+00 02031
 9.6753924199999997e-01 0.0000000000000000e+00 0.0000000000000000e+00 0.0000000000000000e+00 10131
 2.8394057299999997e-01 0.0000000000000000e+00 0.0000000000000000e+00 0.0000000000000000e+00 01131
 7.0409468399999994e-02 0.0000000000000000e+00 0.0000000000000000e+00 0.0000000000000000e+00 00231
 1.9662115200000001e+00 0.0000000000000000e+00 0.0000000000000000e+00 0.0000000000000000e+00 20022
 2.1192966199999999e-01 0.0000000000000000e+00 0.0000000000000000e+00 0.0000000000000000e+00 11022
 2.2229702000000000e-02 0.0000000000000000e+00 0.0000000000000000e+00 0.0000000000000000e+00 02022
 1.9217672799999999e-01 0.0000000000000000e+00 0.0000000000000000e+00 0.0000000000000000e+00 10122
 2.0842935900000002e-02 0.0000000000000000e+00 0.0000000000000000e+00 0.0000000000000000e+00 01122
 4.0919772199999999e-01 0.0000000000000000e+00 0.0000000000000000e+00 0.0000000000000000e+00 00222
 1.1620879799999999e-02 0.0000000000000000e+00 0.0000000000000000e+00 0.0000000000000000e+00 20013
 -8.6175197900000000e-04 0.0000000000000000e+00 0.0000000000000000e+00 0.0000000000000000e+00 11013
 -3.6803400800000002e-04 0.0000000000000000e+00 0.0000000000000000e+00 0.0000000000000000e+00 02013
 -3.0559588299999999e-02 0.0000000000000000e+00 0.0000000000000000e+00 0.0000000000000000e+00 10113
 7.9282077300000002e-04 0.0000000000000000e+00 0.0000000000000000e+00 0.0000000000000000e+00 01113
 -1.0358131200000000e-03 0.0000000000000000e+00 0.0000000000000000e+00 0.0000000000000000e+00 00213
 -3.1766529600000003e-02 0.0000000000000000e+00 0.0000000000000000e+00 0.0000000000000000e+00 20004
 -8.6869289399999997e-03 0.0000000000000000e+00 0.0000000000000000e+00 0.0000000000000000e+00 11004
 -1.3033663300000000e-03 0.0000000000000000e+00 0.0000000000000000e+00 0.0000000000000000e+00 02004
 -4.8593005899999998e-03 0.0000000000000000e+00 0.0000000000000000e+00 0.0000000000000000e+00 10104
 -1.8132267699999999e-04 0.0000000000000000e+00 0.0000000000000000e+00 0.0000000000000000e+00 01104
 -2.2531301500000000e-02 0.0000000000000000e+00 0.0000000000000000e+00 0.0000000000000000e+00 00204
 1.0273608300000001e-01 0.0000000000000000e+00 0.0000000000000000e+00 0.0000000000000000e+00 10041
 3.1679181700000003e-02 0.0000000000000000e+00 0.0000000000000000e+00 0.0000000000000000e+00 01041
 1.7740698900000001e-02 0.0000000000000000e+00 0.0000000000000000e+00 0.0000000000000000e+00 00141
 1.2813031600000000e-02 0.0000000000000000e+00 0.0000000000000000e+00 0.0000000000000000e+00 10032
 1.3430987299999999e-03 0.0000000000000000e+00 0.0000000000000000e+00 0.0000000000000000e+00 01032
 4.4265491599999998e-02 0.0000000000000000e+00 0.0000000000000000e+00 0.0000000000000000e+00 00132
 -5.0074566800000003e-03 0.0000000000000000e+00 0.0000000000000000e+00 0.0000000000000000e+00 10023
 -3.6226490100000000e-05 0.0000000000000000e+00 0.0000000000000000e+00 0.0000000000000000e+00 01023
 -1.0084677400000000e-04 0.0000000000000000e+00 0.0000000000000000e+00 0.0000000000000000e+00 00123
 -2.5991156500000000e-04 0.0000000000000000e+00 0.0000000000000000e+00 0.0000000000000000e+00 10014
 -8.6598892899999998e-06 0.0000000000000000e+00 0.0000000000000000e+00 0.0000000000000000e+00 01014
 1.2643326200000000e-04 0.0000000000000000e+00 0.0000000000000000e+00 0.0000000000000000e+00 00114
 -3.7640531699999999e-04 0.0000000000000000e+00 0.0000000000000000e+00 0.0000000000000000e+00 10005
 -4.9526213000000003e-05 0.0000000000000000e+00 0.0000000000000000e+00 0.0000000000000000e+00 01005
 5.0543502499999998e-05 0.0000000000000000e+00 0.0000000000000000e+00 0.0000000000000000e+00 00105
 3.1877867700000001e-03 0.0000000000000000e+00 0.0000000000000000e+00 0.0000000000000000e+00 00051
 4.7427681699999998e-03 0.0000000000000000e+00 0.0000000000000000e+00 0.0000000000000000e+00 00042
 1.0854985800000000e-05 0.0000000000000000e+00 0.0000000000000000e+00 0.0000000000000000e+00 00033
 9.0835490000000001e-05 0.0000000000000000e+00 0.0000000000000000e+00 0.0000000000000000e+00 00024
 3.1187906300000002e-06 0.0000000000000000e+00 0.0000000000000000e+00 0.0000000000000000e+00 00015
 2.3269827100000001e-06 0.0000000000000000e+00 0.0000000000000000e+00 0.0000000000000000e+00 00006
 --------------------------------------------
